#    workspaces/376/A+FLY_d_3.dat
t1    1    1     0.000     0.728   131.254 16711935 0 0 1 50
t1    1    2     0.000     1.455   128.343 9043712 0 0 1 49
t1    1    3     0.000     2.183   125.433 65363 0 0 1 48
t1    1    4     0.000     2.910   122.522 65525 0 0 1 47
t1    1    5     0.000     3.638   119.612 33791 0 0 1 46
t1    1    6     0.000     4.366   116.702 4095 0 0 1 45
t1    1    7     0.000     5.093   113.791 5832959 0 0 1 44
t1    1    8     0.000     5.821   110.881 11796735 0 0 1 43
t1    1    9     0.000     6.548   107.970 16711931 0 0 1 42
t1    1   10     0.000     7.276   105.060 16711862 0 0 1 41
t1    1   11     0.000     8.004   102.149 16711805 0 0 1 40
t1    1   12     0.000     8.731    99.239 16711760 0 0 1 39
t1    1   13     0.000     9.459    96.329 16711726 0 0 1 38
t1    1   14     0.000    10.186    93.418 16711704 0 0 1 37
t1    1   15     0.000    10.914    90.508 16711694 0 0 1 36
t1    1   16     0.000    11.642    87.597 16711696 0 0 1 35
t1    1   17     0.000    12.369    84.687 16711709 0 0 1 34
t1    1   18     0.000    13.097    81.776 16711735 0 0 1 33
t1    1   19     0.000    13.825    78.866 16711771 0 0 1 32
t1    1   20     0.000    14.552    75.956 16711819 0 0 1 31
t1    1   21     0.000    15.280    73.045 16711878 0 0 1 30
t1    1   22     0.000    16.007    70.135 15925503 0 0 1 29
t1    1   23     0.000    16.735    67.224 10813695 0 0 1 28
t1    1   24     0.000    17.463    64.314 5046527 0 0 1 27
t1    1   25     0.000    18.190    61.403 5119 0 0 1 26
t1    1   26     0.000    18.918    58.493 31743 0 0 1 25
t1    1   27     0.000    19.645    55.583 60159 0 0 1 24
t1    1   28     0.000    20.373    52.672 65439 0 0 1 23
t1    1   29     0.000    21.101    49.762 65317 0 0 1 22
t1    1   30     0.000    21.828    46.851 5897984 0 0 1 21
t1    1   31     0.000    22.556    43.941 14417664 0 0 1 20
t1    1   32     0.000    23.283    41.030 16752640 0 0 1 19
t1    1   33     0.000    24.011    38.120 16718592 0 0 1 18
t1    1   34     0.000    24.739    35.210 16739072 0 0 1 17
t1    1   35     0.000    25.466    32.299 16772864 0 0 1 16
t1    1   36     0.000    26.194    29.389 9240320 0 0 1 15
t1    1   37     0.000    26.921    26.478 917248 0 0 1 14
t1    1   38     0.000    27.649    23.568 65391 0 0 1 13
t1    1   39     0.000    28.377    20.657 65511 0 0 1 12
t1    1   40     0.000    29.104    17.747 42751 0 0 1 11
t1    1   41     0.000    29.832    14.837 15103 0 0 1 10
t1    1   42     0.000    30.559    11.926 2752767 0 0 1 9
t1    1   43     0.000    31.287     9.016 8716543 0 0 1 8
t1    1   44     0.000    32.015     6.105 14221567 0 0 1 7
t1    1   45     0.000    32.742     3.195 16711900 0 0 1 6
t1    1   46     0.000    33.470     0.284 16711836 0 0 1 5
t1    1   47     0.000    34.198    -2.626 16711783 0 0 1 4
t1    1   48     0.000    34.925    -5.536 16711741 0 0 1 3
t1    1   49     0.000    35.653    -8.447 16711709 0 0 1 2
t1    1   50     0.000    36.380   -11.357 16711690 0 0 1 1
t1    2    1     0.205     0.698   131.254 9043712 0 0 2 50
t1    2    2     0.410     1.396   128.343 16711935 0 0 2 49
t1    2    3     0.615     2.094   125.433 11927296 0 0 2 48
t1    2    4     0.820     2.793   122.522 65348 0 0 2 47
t1    2    5     1.025     3.491   119.612 64255 0 0 2 46
t1    2    6     1.230     4.189   116.702 24831 0 0 2 45
t1    2    7     1.435     4.887   113.791 2031871 0 0 2 44
t1    2    8     1.640     5.585   110.881 8978687 0 0 2 43
t1    2    9     1.845     6.283   107.970 14811391 0 0 2 42
t1    2   10     2.050     6.981   105.060 16711891 0 0 2 41
t1    2   11     2.255     7.679   102.149 16711833 0 0 2 40
t1    2   12     2.460     8.378    99.239 16711789 0 0 2 39
t1    2   13     2.665     9.076    96.329 16711759 0 0 2 38
t1    2   14     2.870     9.774    93.418 16711741 0 0 2 37
t1    2   15     3.075    10.472    90.508 16711737 0 0 2 36
t1    2   16     3.280    11.170    87.597 16711745 0 0 2 35
t1    2   17     3.485    11.868    84.687 16711766 0 0 2 34
t1    2   18     3.690    12.566    81.776 16711799 0 0 2 33
t1    2   19     3.895    13.265    78.866 16711843 0 0 2 32
t1    2   20     4.100    13.963    75.956 16711898 0 0 2 31
t1    2   21     4.305    14.661    73.045 14811391 0 0 2 30
t1    2   22     4.510    15.359    70.135 9830655 0 0 2 29
t1    2   23     4.715    16.057    67.224 4194559 0 0 2 28
t1    2   24     4.920    16.755    64.314 7935 0 0 2 27
t1    2   25     5.125    17.453    61.403 34047 0 0 2 26
t1    2   26     5.330    18.151    58.493 61951 0 0 2 25
t1    2   27     5.535    18.850    55.583 65433 0 0 2 24
t1    2   28     5.740    19.548    52.672 65313 0 0 2 23
t1    2   29     5.945    20.246    49.762 6094592 0 0 2 22
t1    2   30     6.150    20.944    46.851 14548736 0 0 2 21
t1    2   31     6.355    21.642    43.941 16752384 0 0 2 20
t1    2   32     6.560    22.340    41.030 16718336 0 0 2 19
t1    2   33     6.765    23.038    38.120 16738816 0 0 2 18
t1    2   34     6.970    23.737    35.210 16772608 0 0 2 17
t1    2   35     7.175    24.435    32.299 9371392 0 0 2 16
t1    2   36     7.380    25.133    29.389 1048320 0 0 2 15
t1    2   37     7.585    25.831    26.478 65389 0 0 2 14
t1    2   38     7.790    26.529    23.568 65508 0 0 2 13
t1    2   39     7.995    27.227    20.657 43519 0 0 2 12
t1    2   40     8.200    27.925    17.747 16127 0 0 2 11
t1    2   41     8.405    28.623    14.837 2490623 0 0 2 10
t1    2   42     8.610    29.322    11.926 8454399 0 0 2 9
t1    2   43     8.815    30.020     9.016 13893887 0 0 2 8
t1    2   44     9.020    30.718     6.105 16711904 0 0 2 7
t1    2   45     9.225    31.416     3.195 16711840 0 0 2 6
t1    2   46     9.430    32.114     0.284 16711787 0 0 2 5
t1    2   47     9.635    32.812    -2.626 16711745 0 0 2 4
t1    2   48     9.840    33.510    -5.536 16711713 0 0 2 3
t1    2   49    10.045    34.209    -8.447 16711693 0 0 2 2
t1    2   50    10.250    34.907   -11.357 16711685 0 0 2 1
t1    3    1     0.393     0.612   131.254 65363 0 0 3 50
t1    3    2     0.787     1.224   128.343 11927296 0 0 3 49
t1    3    3     1.180     1.836   125.433 16711935 0 0 3 48
t1    3    4     1.573     2.448   122.522 13958912 0 0 3 47
t1    3    5     1.967     3.061   119.612 65313 0 0 3 46
t1    3    6     2.360     3.673   116.702 65513 0 0 3 45
t1    3    7     2.754     4.285   113.791 29951 0 0 3 44
t1    3    8     3.147     4.897   110.881 1048831 0 0 3 43
t1    3    9     3.540     5.509   107.970 8061183 0 0 3 42
t1    3   10     3.934     6.121   105.060 13631743 0 0 3 41
t1    3   11     4.327     6.733   102.149 16711916 0 0 3 40
t1    3   12     4.720     7.345    99.239 16711867 0 0 3 39
t1    3   13     5.114     7.957    96.329 16711835 0 0 3 38
t1    3   14     5.507     8.569    93.418 16711818 0 0 3 37
t1    3   15     5.901     9.182    90.508 16711815 0 0 3 36
t1    3   16     6.294     9.794    87.597 16711826 0 0 3 35
t1    3   17     6.687    10.406    84.687 16711851 0 0 3 34
t1    3   18     7.081    11.018    81.776 16711888 0 0 3 33
t1    3   19     7.474    11.630    78.866 16580863 0 0 3 32
t1    3   20     7.867    12.242    75.956 12648703 0 0 3 31
t1    3   21     8.261    12.854    73.045 7930111 0 0 3 30
t1    3   22     8.654    13.466    70.135 2621695 0 0 3 29
t1    3   23     9.048    14.078    67.224 13055 0 0 3 28
t1    3   24     9.441    14.690    64.314 38143 0 0 3 27
t1    3   25     9.834    15.303    61.403 65279 0 0 3 26
t1    3   26    10.228    15.915    58.493 65423 0 0 3 25
t1    3   27    10.621    16.527    55.583 65305 0 0 3 24
t1    3   28    11.014    17.139    52.672 6487808 0 0 3 23
t1    3   29    11.408    17.751    49.762 14745344 0 0 3 22
t1    3   30    11.801    18.363    46.851 16751872 0 0 3 21
t1    3   31    12.195    18.975    43.941 16718336 0 0 3 20
t1    3   32    12.588    19.587    41.030 16738560 0 0 3 19
t1    3   33    12.981    20.199    38.120 16771840 0 0 3 18
t1    3   34    13.375    20.811    35.210 9633536 0 0 3 17
t1    3   35    13.768    21.424    32.299 1310464 0 0 3 16
t1    3   36    14.161    22.036    29.389 65384 0 0 3 15
t1    3   37    14.555    22.648    26.478 65502 0 0 3 14
t1    3   38    14.948    23.260    23.568 45055 0 0 3 13
t1    3   39    15.342    23.872    20.657 17663 0 0 3 12
t1    3   40    15.735    24.484    17.747 2031871 0 0 3 11
t1    3   41    16.128    25.096    14.837 7995647 0 0 3 10
t1    3   42    16.522    25.708    11.926 13435135 0 0 3 9
t1    3   43    16.915    26.320     9.016 16711911 0 0 3 8
t1    3   44    17.308    26.932     6.105 16711848 0 0 3 7
t1    3   45    17.702    27.545     3.195 16711794 0 0 3 6
t1    3   46    18.095    28.157     0.284 16711752 0 0 3 5
t1    3   47    18.489    28.769    -2.626 16711720 0 0 3 4
t1    3   48    18.882    29.381    -5.536 16711700 0 0 3 3
t1    3   49    19.275    29.993    -8.447 16711692 0 0 3 2
t1    3   50    19.669    30.605   -11.357 16711695 0 0 3 1
t1    4    1     0.550     0.476   131.254 65525 0 0 4 50
t1    4    2     1.100     0.953   128.343 65348 0 0 4 49
t1    4    3     1.650     1.429   125.433 13958912 0 0 4 48
t1    4    4     2.200     1.906   122.522 16711935 0 0 4 47
t1    4    5     2.749     2.382   119.612 15662848 0 0 4 46
t1    4    6     3.299     2.859   116.702 458496 0 0 4 45
t1    4    7     3.849     3.335   113.791 65468 0 0 4 44
t1    4    8     4.399     3.812   110.881 41983 0 0 4 43
t1    4    9     4.949     4.288   107.970 8959 0 0 4 42
t1    4   10     5.499     4.765   105.060 4456703 0 0 4 41
t1    4   11     6.049     5.241   102.149 9568511 0 0 4 40
t1    4   12     6.599     5.718    99.239 13369599 0 0 4 39
t1    4   13     7.149     6.194    96.329 15859967 0 0 4 38
t1    4   14     7.698     6.671    93.418 16711927 0 0 4 37
t1    4   15     8.248     7.147    90.508 16711923 0 0 4 36
t1    4   16     8.798     7.624    87.597 16711934 0 0 4 35
t1    4   17     9.348     8.100    84.687 15139071 0 0 4 34
t1    4   18     9.898     8.577    81.776 12583167 0 0 4 33
t1    4   19    10.448     9.053    78.866 9240831 0 0 4 32
t1    4   20    10.998     9.530    75.956 5112063 0 0 4 31
t1    4   21    11.548    10.006    73.045 262399 0 0 4 30
t1    4   22    12.098    10.483    70.135 20735 0 0 4 29
t1    4   23    12.647    10.959    67.224 44543 0 0 4 28
t1    4   24    13.197    11.436    64.314 65515 0 0 4 27
t1    4   25    13.747    11.912    61.403 65407 0 0 4 26
t1    4   26    14.297    12.389    58.493 65293 0 0 4 25
t1    4   27    14.847    12.865    55.583 7012096 0 0 4 24
t1    4   28    15.397    13.341    52.672 15138560 0 0 4 23
t1    4   29    15.947    13.818    49.762 16751104 0 0 4 22
t1    4   30    16.497    14.294    46.851 16718336 0 0 4 21
t1    4   31    17.047    14.771    43.941 16738048 0 0 4 20
t1    4   32    17.596    15.247    41.030 16771072 0 0 4 19
t1    4   33    18.146    15.724    38.120 9961216 0 0 4 18
t1    4   34    18.696    16.200    35.210 1703680 0 0 4 17
t1    4   35    19.246    16.677    32.299 65376 0 0 4 16
t1    4   36    19.796    17.153    29.389 65494 0 0 4 15
t1    4   37    20.346    17.630    26.478 47359 0 0 4 14
t1    4   38    20.896    18.106    23.568 20223 0 0 4 13
t1    4   39    21.446    18.583    20.657 1376511 0 0 4 12
t1    4   40    21.996    19.059    17.747 7340287 0 0 4 11
t1    4   41    22.545    19.536    14.837 12714239 0 0 4 10
t1    4   42    23.095    20.012    11.926 16711922 0 0 4 9
t1    4   43    23.645    20.489     9.016 16711858 0 0 4 8
t1    4   44    24.195    20.965     6.105 16711805 0 0 4 7
t1    4   45    24.745    21.442     3.195 16711762 0 0 4 6
t1    4   46    25.295    21.918     0.284 16711731 0 0 4 5
t1    4   47    25.845    22.395    -2.626 16711710 0 0 4 4
t1    4   48    26.395    22.871    -5.536 16711701 0 0 4 3
t1    4   49    26.945    23.348    -8.447 16711704 0 0 4 2
t1    4   50    27.494    23.824   -11.357 16711718 0 0 4 1
t1    5    1     0.662     0.302   131.254 33791 0 0 5 50
t1    5    2     1.324     0.605   128.343 64255 0 0 5 49
t1    5    3     1.986     0.907   125.433 65313 0 0 5 48
t1    5    4     2.647     1.209   122.522 15662848 0 0 5 47
t1    5    5     3.309     1.511   119.612 16711935 0 0 5 46
t1    5    6     3.971     1.814   116.702 16775168 0 0 5 45
t1    5    7     4.633     2.116   113.791 3145472 0 0 5 44
t1    5    8     5.295     2.418   110.881 65414 0 0 5 43
t1    5    9     5.957     2.720   107.970 58367 0 0 5 42
t1    5   10     6.619     3.023   105.060 27647 0 0 5 41
t1    5   11     7.280     3.325   102.149 3839 0 0 5 40
t1    5   12     7.942     3.627    99.239 3604735 0 0 5 39
t1    5   13     8.604     3.929    96.329 6684927 0 0 5 38
t1    5   14     9.266     4.232    93.418 8454399 0 0 5 37
t1    5   15     9.928     4.534    90.508 8978687 0 0 5 36
t1    5   16    10.590     4.836    87.597 8454399 0 0 5 35
t1    5   17    11.252     5.138    84.687 6881535 0 0 5 34
t1    5   18    11.913     5.441    81.776 4391167 0 0 5 33
t1    5   19    12.575     5.743    78.866 983295 0 0 5 32
t1    5   20    13.237     6.045    75.956 12799 0 0 5 31
t1    5   21    13.899     6.347    73.045 31999 0 0 5 30
t1    5   22    14.561     6.650    70.135 53759 0 0 5 29
t1    5   23    15.223     6.952    67.224 65487 0 0 5 28
t1    5   24    15.885     7.254    64.314 65385 0 0 5 27
t1    5   25    16.546     7.556    61.403 327424 0 0 5 26
t1    5   26    17.208     7.859    58.493 7798528 0 0 5 25
t1    5   27    17.870     8.161    55.583 15597312 0 0 5 24
t1    5   28    18.532     8.463    52.672 16750080 0 0 5 23
t1    5   29    19.194     8.766    49.762 16718080 0 0 5 22
t1    5   30    19.856     9.068    46.851 16737536 0 0 5 21
t1    5   31    20.517     9.370    43.941 16769792 0 0 5 20
t1    5   32    21.179     9.672    41.030 10419968 0 0 5 19
t1    5   33    21.841     9.975    38.120 2293504 0 0 5 18
t1    5   34    22.503    10.277    35.210 65366 0 0 5 17
t1    5   35    23.165    10.579    32.299 65482 0 0 5 16
t1    5   36    23.827    10.881    29.389 50687 0 0 5 15
t1    5   37    24.489    11.184    26.478 23807 0 0 5 14
t1    5   38    25.150    11.486    23.568 459007 0 0 5 13
t1    5   39    25.812    11.788    20.657 6357247 0 0 5 12
t1    5   40    26.474    12.090    17.747 11796735 0 0 5 11
t1    5   41    27.136    12.393    14.837 16580863 0 0 5 10
t1    5   42    27.798    12.695    11.926 16711873 0 0 5 9
t1    5   43    28.460    12.997     9.016 16711820 0 0 5 8
t1    5   44    29.122    13.299     6.105 16711777 0 0 5 7
t1    5   45    29.783    13.602     3.195 16711745 0 0 5 6
t1    5   46    30.445    13.904     0.284 16711724 0 0 5 5
t1    5   47    31.107    14.206    -2.626 16711714 0 0 5 4
t1    5   48    31.769    14.508    -5.536 16711716 0 0 5 3
t1    5   49    32.431    14.811    -8.447 16711730 0 0 5 2
t1    5   50    33.093    15.113   -11.357 16711755 0 0 5 1
t1    6    1     0.720     0.104   131.254 4095 0 0 6 50
t1    6    2     1.440     0.207   128.343 24831 0 0 6 49
t1    6    3     2.161     0.311   125.433 65513 0 0 6 48
t1    6    4     2.881     0.414   122.522 458496 0 0 6 47
t1    6    5     3.601     0.518   119.612 16775168 0 0 6 46
t1    6    6     4.321     0.621   116.702 16711935 0 0 6 45
t1    6    7     5.041     0.725   113.791 16769280 0 0 6 44
t1    6    8     5.762     0.828   110.881 5897984 0 0 6 43
t1    6    9     6.482     0.932   107.970 65355 0 0 6 42
t1    6   10     7.202     1.035   105.060 65490 0 0 6 41
t1    6   11     7.922     1.139   102.149 49919 0 0 6 40
t1    6   12     8.642     1.243    99.239 29183 0 0 6 39
t1    6   13     9.363     1.346    96.329 14847 0 0 6 38
t1    6   14    10.083     1.450    93.418 5887 0 0 6 37
t1    6   15    10.803     1.553    90.508 2303 0 0 6 36
t1    6   16    11.523     1.657    87.597 3327 0 0 6 35
t1    6   17    12.243     1.760    84.687 8703 0 0 6 34
t1    6   18    12.964     1.864    81.776 17919 0 0 6 33
t1    6   19    13.684     1.967    78.866 30719 0 0 6 32
t1    6   20    14.404     2.071    75.956 46847 0 0 6 31
t1    6   21    15.124     2.175    73.045 65534 0 0 6 30
t1    6   22    15.844     2.278    70.135 65449 0 0 6 29
t1    6   23    16.565     2.382    67.224 65355 0 0 6 28
t1    6   24    17.285     2.485    64.314 1769216 0 0 6 27
t1    6   25    18.005     2.589    61.403 8847104 0 0 6 26
t1    6   26    18.725     2.692    58.493 16318208 0 0 6 25
t1    6   27    19.445     2.796    55.583 16748800 0 0 6 24
t1    6   28    20.166     2.899    52.672 16717824 0 0 6 23
t1    6   29    20.886     3.003    49.762 16736768 0 0 6 22
t1    6   30    21.606     3.106    46.851 16768256 0 0 6 21
t1    6   31    22.326     3.210    43.941 11009792 0 0 6 20
t1    6   32    23.046     3.314    41.030 3079936 0 0 6 19
t1    6   33    23.767     3.417    38.120 65352 0 0 6 18
t1    6   34    24.487     3.521    35.210 65467 0 0 6 17
t1    6   35    25.207     3.624    32.299 54783 0 0 6 16
t1    6   36    25.927     3.728    29.389 28159 0 0 6 15
t1    6   37    26.647     3.831    26.478 3327 0 0 6 14
t1    6   38    27.368     3.935    23.568 5177599 0 0 6 13
t1    6   39    28.088     4.038    20.657 10551551 0 0 6 12
t1    6   40    28.808     4.142    17.747 15335679 0 0 6 11
t1    6   41    29.528     4.246    14.837 16711893 0 0 6 10
t1    6   42    30.248     4.349    11.926 16711839 0 0 6 9
t1    6   43    30.969     4.453     9.016 16711795 0 0 6 8
t1    6   44    31.689     4.556     6.105 16711763 0 0 6 7
t1    6   45    32.409     4.660     3.195 16711742 0 0 6 6
t1    6   46    33.129     4.763     0.284 16711731 0 0 6 5
t1    6   47    33.849     4.867    -2.626 16711733 0 0 6 4
t1    6   48    34.570     4.970    -5.536 16711745 0 0 6 3
t1    6   49    35.290     5.074    -8.447 16711769 0 0 6 2
t1    6   50    36.010     5.177   -11.357 16711804 0 0 6 1
t1    7    1     0.720    -0.104   131.254 5832959 0 0 7 50
t1    7    2     1.440    -0.207   128.343 2031871 0 0 7 49
t1    7    3     2.161    -0.311   125.433 29951 0 0 7 48
t1    7    4     2.881    -0.414   122.522 65468 0 0 7 47
t1    7    5     3.601    -0.518   119.612 3145472 0 0 7 46
t1    7    6     4.321    -0.621   116.702 16769280 0 0 7 45
t1    7    7     5.041    -0.725   113.791 16711935 0 0 7 44
t1    7    8     5.762    -0.828   110.881 16763392 0 0 7 43
t1    7    9     6.482    -0.932   107.970 8781568 0 0 7 42
t1    7   10     7.202    -1.035   105.060 65292 0 0 7 41
t1    7   11     7.922    -1.139   102.149 65410 0 0 7 40
t1    7   12     8.642    -1.243    99.239 65501 0 0 7 39
t1    7   13     9.363    -1.346    96.329 57599 0 0 7 38
t1    7   14    10.083    -1.450    93.418 46591 0 0 7 37
t1    7   15    10.803    -1.553    90.508 41215 0 0 7 36
t1    7   16    11.523    -1.657    87.597 40959 0 0 7 35
t1    7   17    12.243    -1.760    84.687 45311 0 0 7 34
t1    7   18    12.964    -1.864    81.776 53759 0 0 7 33
t1    7   19    13.684    -1.967    78.866 65534 0 0 7 32
t1    7   20    14.404    -2.071    75.956 65473 0 0 7 31
t1    7   21    15.124    -2.175    73.045 65400 0 0 7 30
t1    7   22    15.844    -2.278    70.135 65317 0 0 7 29
t1    7   23    16.565    -2.382    67.224 3669760 0 0 7 28
t1    7   24    17.285    -2.485    64.314 10157824 0 0 7 27
t1    7   25    18.005    -2.589    61.403 16775424 0 0 7 26
t1    7   26    18.725    -2.692    58.493 16747008 0 0 7 25
t1    7   27    19.445    -2.796    55.583 16717568 0 0 7 24
t1    7   28    20.166    -2.899    52.672 16735744 0 0 7 23
t1    7   29    20.886    -3.003    49.762 16766208 0 0 7 22
t1    7   30    21.606    -3.106    46.851 11730688 0 0 7 21
t1    7   31    22.326    -3.210    43.941 3997440 0 0 7 20
t1    7   32    23.046    -3.314    41.030 65335 0 0 7 19
t1    7   33    23.767    -3.417    38.120 65448 0 0 7 18
t1    7   34    24.487    -3.521    35.210 60159 0 0 7 17
t1    7   35    25.207    -3.624    32.299 33791 0 0 7 16
t1    7   36    25.927    -3.728    29.389 9215 0 0 7 15
t1    7   37    26.647    -3.831    26.478 3604735 0 0 7 14
t1    7   38    27.368    -3.935    23.568 8978687 0 0 7 13
t1    7   39    28.088    -4.038    20.657 13762815 0 0 7 12
t1    7   40    28.808    -4.142    17.747 16711917 0 0 7 11
t1    7   41    29.528    -4.246    14.837 16711863 0 0 7 10
t1    7   42    30.248    -4.349    11.926 16711819 0 0 7 9
t1    7   43    30.969    -4.453     9.016 16711786 0 0 7 8
t1    7   44    31.689    -4.556     6.105 16711764 0 0 7 7
t1    7   45    32.409    -4.660     3.195 16711753 0 0 7 6
t1    7   46    33.129    -4.763     0.284 16711753 0 0 7 5
t1    7   47    33.849    -4.867    -2.626 16711764 0 0 7 4
t1    7   48    34.570    -4.970    -5.536 16711787 0 0 7 3
t1    7   49    35.290    -5.074    -8.447 16711821 0 0 7 2
t1    7   50    36.010    -5.177   -11.357 16711866 0 0 7 1
t1    8    1     0.662    -0.302   131.254 11796735 0 0 8 50
t1    8    2     1.324    -0.605   128.343 8978687 0 0 8 49
t1    8    3     1.986    -0.907   125.433 1048831 0 0 8 48
t1    8    4     2.647    -1.209   122.522 41983 0 0 8 47
t1    8    5     3.309    -1.511   119.612 65414 0 0 8 46
t1    8    6     3.971    -1.814   116.702 5897984 0 0 8 45
t1    8    7     4.633    -2.116   113.791 16763392 0 0 8 44
t1    8    8     5.295    -2.418   110.881 16711935 0 0 8 43
t1    8    9     5.957    -2.720   107.970 16757504 0 0 8 42
t1    8   10     6.619    -3.023   105.060 11730688 0 0 8 41
t1    8   11     7.280    -3.325   102.149 3538688 0 0 8 40
t1    8   12     7.942    -3.627    99.239 65326 0 0 8 39
t1    8   13     8.604    -3.929    96.329 65400 0 0 8 38
t1    8   14     9.266    -4.232    93.418 65449 0 0 8 37
t1    8   15     9.928    -4.534    90.508 65477 0 0 8 36
t1    8   16    10.590    -4.836    87.597 65483 0 0 8 35
t1    8   17    11.252    -5.138    84.687 65472 0 0 8 34
t1    8   18    11.913    -5.441    81.776 65443 0 0 8 33
t1    8   19    12.575    -5.743    78.866 65398 0 0 8 32
t1    8   20    13.237    -6.045    75.956 65341 0 0 8 31
t1    8   21    13.899    -6.347    73.045 655104 0 0 8 30
t1    8   22    14.561    -6.650    70.135 5963520 0 0 8 29
t1    8   23    15.223    -6.952    67.224 11796224 0 0 8 28
t1    8   24    15.885    -7.254    64.314 16771584 0 0 8 27
t1    8   25    16.546    -7.556    61.403 16744960 0 0 8 26
t1    8   26    17.208    -7.859    58.493 16717312 0 0 8 25
t1    8   27    17.870    -8.161    55.583 16734720 0 0 8 24
t1    8   28    18.532    -8.463    52.672 16763648 0 0 8 23
t1    8   29    19.194    -8.766    49.762 12648192 0 0 8 22
t1    8   30    19.856    -9.068    46.851 5177088 0 0 8 21
t1    8   31    20.517    -9.370    43.941 65315 0 0 8 20
t1    8   32    21.179    -9.672    41.030 65424 0 0 8 19
t1    8   33    21.841    -9.975    38.120 65531 0 0 8 18
t1    8   34    22.503   -10.277    35.210 40703 0 0 8 17
t1    8   35    23.165   -10.579    32.299 16383 0 0 8 16
t1    8   36    23.827   -10.881    29.389 1704191 0 0 8 15
t1    8   37    24.489   -11.184    26.478 7012607 0 0 8 14
t1    8   38    25.150   -11.486    23.568 11796735 0 0 8 13
t1    8   39    25.812   -11.788    20.657 15991039 0 0 8 12
t1    8   40    26.474   -12.090    17.747 16711891 0 0 8 11
t1    8   41    27.136   -12.393    14.837 16711847 0 0 8 10
t1    8   42    27.798   -12.695    11.926 16711813 0 0 8 9
t1    8   43    28.460   -12.997     9.016 16711790 0 0 8 8
t1    8   44    29.122   -13.299     6.105 16711778 0 0 8 7
t1    8   45    29.783   -13.602     3.195 16711777 0 0 8 6
t1    8   46    30.445   -13.904     0.284 16711788 0 0 8 5
t1    8   47    31.107   -14.206    -2.626 16711809 0 0 8 4
t1    8   48    31.769   -14.508    -5.536 16711842 0 0 8 3
t1    8   49    32.431   -14.811    -8.447 16711885 0 0 8 2
t1    8   50    33.093   -15.113   -11.357 16449791 0 0 8 1
t1    9    1     0.550    -0.476   131.254 16711931 0 0 9 50
t1    9    2     1.100    -0.953   128.343 14811391 0 0 9 49
t1    9    3     1.650    -1.429   125.433 8061183 0 0 9 48
t1    9    4     2.200    -1.906   122.522 8959 0 0 9 47
t1    9    5     2.749    -2.382   119.612 58367 0 0 9 46
t1    9    6     3.299    -2.859   116.702 65355 0 0 9 45
t1    9    7     3.849    -3.335   113.791 8781568 0 0 9 44
t1    9    8     4.399    -3.812   110.881 16757504 0 0 9 43
t1    9    9     4.949    -4.288   107.970 16711935 0 0 9 42
t1    9   10     5.499    -4.765   105.060 16751616 0 0 9 41
t1    9   11     6.049    -5.241   102.149 14745344 0 0 9 40
t1    9   12     6.599    -5.718    99.239 7864064 0 0 9 39
t1    9   13     7.149    -6.194    96.329 2621184 0 0 9 38
t1    9   14     7.698    -6.671    93.418 65297 0 0 9 37
t1    9   15     8.248    -7.147    90.508 65330 0 0 9 36
t1    9   16     8.798    -7.624    87.597 65342 0 0 9 35
t1    9   17     9.348    -8.100    84.687 65334 0 0 9 34
t1    9   18     9.898    -8.577    81.776 65310 0 0 9 33
t1    9   19    10.448    -9.053    78.866 786176 0 0 9 32
t1    9   20    10.998    -9.530    75.956 4325120 0 0 9 31
t1    9   21    11.548   -10.006    73.045 8716032 0 0 9 30
t1    9   22    12.098   -10.483    70.135 13762304 0 0 9 29
t1    9   23    12.647   -10.959    67.224 16766464 0 0 9 28
t1    9   24    13.197   -11.436    64.314 16742400 0 0 9 27
t1    9   25    13.747   -11.912    61.403 16717056 0 0 9 26
t1    9   26    14.297   -12.389    58.493 16733184 0 0 9 25
t1    9   27    14.847   -12.865    55.583 16760576 0 0 9 24
t1    9   28    15.397   -13.341    52.672 13762304 0 0 9 23
t1    9   29    15.947   -13.818    49.762 6553344 0 0 9 22
t1    9   30    16.497   -14.294    46.851 65290 0 0 9 21
t1    9   31    17.047   -14.771    43.941 65396 0 0 9 20
t1    9   32    17.596   -15.247    41.030 65500 0 0 9 19
t1    9   33    18.146   -15.724    38.120 48895 0 0 9 18
t1    9   34    18.696   -16.200    35.210 24831 0 0 9 17
t1    9   35    19.246   -16.677    32.299 2559 0 0 9 16
t1    9   36    19.796   -17.153    29.389 4718847 0 0 9 15
t1    9   37    20.346   -17.630    26.478 9502975 0 0 9 14
t1    9   38    20.896   -18.106    23.568 13697279 0 0 9 13
t1    9   39    21.446   -18.583    20.657 16711926 0 0 9 12
t1    9   40    21.996   -19.059    17.747 16711881 0 0 9 11
t1    9   41    22.545   -19.536    14.837 16711846 0 0 9 10
t1    9   42    23.095   -20.012    11.926 16711822 0 0 9 9
t1    9   43    23.645   -20.489     9.016 16711809 0 0 9 8
t1    9   44    24.195   -20.965     6.105 16711806 0 0 9 7
t1    9   45    24.745   -21.442     3.195 16711815 0 0 9 6
t1    9   46    25.295   -21.918     0.284 16711835 0 0 9 5
t1    9   47    25.845   -22.395    -2.626 16711866 0 0 9 4
t1    9   48    26.395   -22.871    -5.536 16711907 0 0 9 3
t1    9   49    26.945   -23.348    -8.447 15139071 0 0 9 2
t1    9   50    27.494   -23.824   -11.357 11075839 0 0 9 1
t1   10    1     0.393    -0.612   131.254 16711862 0 0 10 50
t1   10    2     0.787    -1.224   128.343 16711891 0 0 10 49
t1   10    3     1.180    -1.836   125.433 13631743 0 0 10 48
t1   10    4     1.573    -2.448   122.522 4456703 0 0 10 47
t1   10    5     1.967    -3.061   119.612 27647 0 0 10 46
t1   10    6     2.360    -3.673   116.702 65490 0 0 10 45
t1   10    7     2.754    -4.285   113.791 65292 0 0 10 44
t1   10    8     3.147    -4.897   110.881 11730688 0 0 10 43
t1   10    9     3.540    -5.509   107.970 16751616 0 0 10 42
t1   10   10     3.934    -6.121   105.060 16711935 0 0 10 41
t1   10   11     4.327    -6.733   102.149 16745728 0 0 10 40
t1   10   12     4.720    -7.345    99.239 16773376 0 0 10 39
t1   10   13     5.114    -7.957    96.329 12189440 0 0 10 38
t1   10   14     5.507    -8.569    93.418 8191744 0 0 10 37
t1   10   15     5.901    -9.182    90.508 5766912 0 0 10 36
t1   10   16     6.294    -9.794    87.597 4652800 0 0 10 35
t1   10   17     6.687   -10.406    84.687 4849408 0 0 10 34
t1   10   18     7.081   -11.018    81.776 6225664 0 0 10 33
t1   10   19     7.474   -11.630    78.866 8584960 0 0 10 32
t1   10   20     7.867   -12.242    75.956 11927296 0 0 10 31
t1   10   21     8.261   -12.854    73.045 16056064 0 0 10 30
t1   10   22     8.654   -13.466    70.135 16760832 0 0 10 29
t1   10   23     9.048   -14.078    67.224 16739584 0 0 10 28
t1   10   24     9.441   -14.690    64.314 16716544 0 0 10 27
t1   10   25     9.834   -15.303    61.403 16731392 0 0 10 26
t1   10   26    10.228   -15.915    58.493 16757248 0 0 10 25
t1   10   27    10.621   -16.527    55.583 15073024 0 0 10 24
t1   10   28    11.014   -17.139    52.672 8257280 0 0 10 23
t1   10   29    11.408   -17.751    49.762 1376000 0 0 10 22
t1   10   30    11.801   -18.363    46.851 65363 0 0 10 21
t1   10   31    12.195   -18.975    43.941 65464 0 0 10 20
t1   10   32    12.588   -19.587    41.030 58623 0 0 10 19
t1   10   33    12.981   -20.199    38.120 35071 0 0 10 18
t1   10   34    13.375   -20.811    35.210 12799 0 0 10 17
t1   10   35    13.768   -21.424    32.299 2031871 0 0 10 16
t1   10   36    14.161   -22.036    29.389 6815999 0 0 10 15
t1   10   37    14.555   -22.648    26.478 11010303 0 0 10 14
t1   10   38    14.948   -23.260    23.568 14614783 0 0 10 13
t1   10   39    15.342   -23.872    20.657 16711921 0 0 10 12
t1   10   40    15.735   -24.484    17.747 16711885 0 0 10 11
t1   10   41    16.128   -25.096    14.837 16711859 0 0 10 10
t1   10   42    16.522   -25.708    11.926 16711844 0 0 10 9
t1   10   43    16.915   -26.320     9.016 16711840 0 0 10 8
t1   10   44    17.308   -26.932     6.105 16711847 0 0 10 7
t1   10   45    17.702   -27.545     3.195 16711865 0 0 10 6
t1   10   46    18.095   -28.157     0.284 16711894 0 0 10 5
t1   10   47    18.489   -28.769    -2.626 16711933 0 0 10 4
t1   10   48    18.882   -29.381    -5.536 13566207 0 0 10 3
t1   10   49    19.275   -29.993    -8.447 9634047 0 0 10 2
t1   10   50    19.669   -30.605   -11.357 5112063 0 0 10 1
t1   11    1     0.205    -0.698   131.254 16711805 0 0 11 50
t1   11    2     0.410    -1.396   128.343 16711833 0 0 11 49
t1   11    3     0.615    -2.094   125.433 16711916 0 0 11 48
t1   11    4     0.820    -2.793   122.522 9568511 0 0 11 47
t1   11    5     1.025    -3.491   119.612 3839 0 0 11 46
t1   11    6     1.230    -4.189   116.702 49919 0 0 11 45
t1   11    7     1.435    -4.887   113.791 65410 0 0 11 44
t1   11    8     1.640    -5.585   110.881 3538688 0 0 11 43
t1   11    9     1.845    -6.283   107.970 14745344 0 0 11 42
t1   11   10     2.050    -6.981   105.060 16745728 0 0 11 41
t1   11   11     2.255    -7.679   102.149 16711935 0 0 11 40
t1   11   12     2.460    -8.378    99.239 16739840 0 0 11 39
t1   11   13     2.665    -9.076    96.329 16762112 0 0 11 38
t1   11   14     2.870    -9.774    93.418 16449280 0 0 11 37
t1   11   15     3.075   -10.472    90.508 13696768 0 0 11 36
t1   11   16     3.280   -11.170    87.597 12386048 0 0 11 35
t1   11   17     3.485   -11.868    84.687 12320512 0 0 11 34
t1   11   18     3.690   -12.566    81.776 13434624 0 0 11 33
t1   11   19     3.895   -13.265    78.866 15597312 0 0 11 32
t1   11   20     4.100   -13.963    75.956 16769536 0 0 11 31
t1   11   21     4.305   -14.661    73.045 16754176 0 0 11 30
t1   11   22     4.510   -15.359    70.135 16736256 0 0 11 29
t1   11   23     4.715   -16.057    67.224 16716032 0 0 11 28
t1   11   24     4.920   -16.755    64.314 16729600 0 0 11 27
t1   11   25     5.125   -17.453    61.403 16753152 0 0 11 26
t1   11   26     5.330   -18.151    58.493 16580352 0 0 11 25
t1   11   27     5.535   -18.850    55.583 10157824 0 0 11 24
t1   11   28     5.740   -19.548    52.672 3604224 0 0 11 23
t1   11   29     5.945   -20.246    49.762 65325 0 0 11 22
t1   11   30     6.150   -20.944    46.851 65423 0 0 11 21
t1   11   31     6.355   -21.642    43.941 65518 0 0 11 20
t1   11   32     6.560   -22.340    41.030 46847 0 0 11 19
t1   11   33     6.765   -23.038    38.120 24831 0 0 11 18
t1   11   34     6.970   -23.737    35.210 4607 0 0 11 17
t1   11   35     7.175   -24.435    32.299 3670271 0 0 11 16
t1   11   36     7.380   -25.133    29.389 7864575 0 0 11 15
t1   11   37     7.585   -25.831    26.478 11534591 0 0 11 14
t1   11   38     7.790   -26.529    23.568 14614783 0 0 11 13
t1   11   39     7.995   -27.227    20.657 16711929 0 0 11 12
t1   11   40     8.200   -27.925    17.747 16711902 0 0 11 11
t1   11   41     8.405   -28.623    14.837 16711886 0 0 11 10
t1   11   42     8.610   -29.322    11.926 16711880 0 0 11 9
t1   11   43     8.815   -30.020     9.016 16711884 0 0 11 8
t1   11   44     9.020   -30.718     6.105 16711900 0 0 11 7
t1   11   45     9.225   -31.416     3.195 16711926 0 0 11 6
t1   11   46     9.430   -32.114     0.284 14876927 0 0 11 5
t1   11   47     9.635   -32.812    -2.626 11731199 0 0 11 4
t1   11   48     9.840   -33.510    -5.536 7995647 0 0 11 3
t1   11   49    10.045   -34.209    -8.447 3604735 0 0 11 2
t1   11   50    10.250   -34.907   -11.357 5631 0 0 11 1
t1   12    1     0.000    -0.728   131.254 16711760 0 0 12 50
t1   12    2     0.000    -1.455   128.343 16711789 0 0 12 49
t1   12    3     0.000    -2.183   125.433 16711867 0 0 12 48
t1   12    4     0.000    -2.910   122.522 13369599 0 0 12 47
t1   12    5     0.000    -3.638   119.612 3604735 0 0 12 46
t1   12    6     0.000    -4.366   116.702 29183 0 0 12 45
t1   12    7     0.000    -5.093   113.791 65501 0 0 12 44
t1   12    8     0.000    -5.821   110.881 65326 0 0 12 43
t1   12    9     0.000    -6.548   107.970 7864064 0 0 12 42
t1   12   10     0.000    -7.276   105.060 16773376 0 0 12 41
t1   12   11     0.000    -8.004   102.149 16739840 0 0 12 40
t1   12   12     0.000    -8.731    99.239 16711935 0 0 12 39
t1   12   13     0.000    -9.459    96.329 16734208 0 0 12 38
t1   12   14     0.000   -10.186    93.418 16751104 0 0 12 37
t1   12   15     0.000   -10.914    90.508 16762112 0 0 12 36
t1   12   16     0.000   -11.642    87.597 16768256 0 0 12 35
t1   12   17     0.000   -12.369    84.687 16769280 0 0 12 34
t1   12   18     0.000   -13.097    81.776 16765696 0 0 12 33
t1   12   19     0.000   -13.825    78.866 16758016 0 0 12 32
t1   12   20     0.000   -14.552    75.956 16746752 0 0 12 31
t1   12   21     0.000   -15.280    73.045 16732416 0 0 12 30
t1   12   22     0.000   -16.007    70.135 16715264 0 0 12 29
t1   12   23     0.000   -16.735    67.224 16727296 0 0 12 28
t1   12   24     0.000   -17.463    64.314 16748544 0 0 12 27
t1   12   25     0.000   -18.190    61.403 16771072 0 0 12 26
t1   12   26     0.000   -18.918    58.493 12320512 0 0 12 25
t1   12   27     0.000   -19.645    55.583 6160128 0 0 12 24
t1   12   28     0.000   -20.373    52.672 65282 0 0 12 23
t1   12   29     0.000   -21.101    49.762 65375 0 0 12 22
t1   12   30     0.000   -21.828    46.851 65467 0 0 12 21
t1   12   31     0.000   -22.556    43.941 60159 0 0 12 20
t1   12   32     0.000   -23.283    41.030 38655 0 0 12 19
t1   12   33     0.000   -24.011    38.120 18431 0 0 12 18
t1   12   34     0.000   -24.739    35.210 65791 0 0 12 17
t1   12   35     0.000   -25.466    32.299 4325631 0 0 12 16
t1   12   36     0.000   -26.194    29.389 8061183 0 0 12 15
t1   12   37     0.000   -26.921    26.478 11206911 0 0 12 14
t1   12   38     0.000   -27.649    23.568 13762815 0 0 12 13
t1   12   39     0.000   -28.377    20.657 15597823 0 0 12 12
t1   12   40     0.000   -29.104    17.747 16711933 0 0 12 11
t1   12   41     0.000   -29.832    14.837 16711925 0 0 12 10
t1   12   42     0.000   -30.559    11.926 16711927 0 0 12 9
t1   12   43     0.000   -31.287     9.016 16384255 0 0 12 8
t1   12   44     0.000   -32.015     6.105 14811391 0 0 12 7
t1   12   45     0.000   -32.742     3.195 12583167 0 0 12 6
t1   12   46     0.000   -33.470     0.284 9699583 0 0 12 5
t1   12   47     0.000   -34.198    -2.626 6095103 0 0 12 4
t1   12   48     0.000   -34.925    -5.536 1900799 0 0 12 3
t1   12   49     0.000   -35.653    -8.447 11519 0 0 12 2
t1   12   50     0.000   -36.380   -11.357 32511 0 0 12 1
t1   13    1    -0.205    -0.698   131.254 16711726 0 0 13 50
t1   13    2    -0.410    -1.396   128.343 16711759 0 0 13 49
t1   13    3    -0.615    -2.094   125.433 16711835 0 0 13 48
t1   13    4    -0.820    -2.793   122.522 15859967 0 0 13 47
t1   13    5    -1.025    -3.491   119.612 6684927 0 0 13 46
t1   13    6    -1.230    -4.189   116.702 14847 0 0 13 45
t1   13    7    -1.435    -4.887   113.791 57599 0 0 13 44
t1   13    8    -1.640    -5.585   110.881 65400 0 0 13 43
t1   13    9    -1.845    -6.283   107.970 2621184 0 0 13 42
t1   13   10    -2.050    -6.981   105.060 12189440 0 0 13 41
t1   13   11    -2.255    -7.679   102.149 16762112 0 0 13 40
t1   13   12    -2.460    -8.378    99.239 16734208 0 0 13 39
t1   13   13    -2.665    -9.076    96.329 16711935 0 0 13 38
t1   13   14    -2.870    -9.774    93.418 16728832 0 0 13 37
t1   13   15    -3.075   -10.472    90.508 16740352 0 0 13 36
t1   13   16    -3.280   -11.170    87.597 16746752 0 0 13 35
t1   13   17    -3.485   -11.868    84.687 16748544 0 0 13 34
t1   13   18    -3.690   -12.566    81.776 16745728 0 0 13 33
t1   13   19    -3.895   -13.265    78.866 16738816 0 0 13 32
t1   13   20    -4.100   -13.963    75.956 16728320 0 0 13 31
t1   13   21    -4.305   -14.661    73.045 16714752 0 0 13 30
t1   13   22    -4.510   -15.359    70.135 16724736 0 0 13 29
t1   13   23    -4.715   -16.057    67.224 16743168 0 0 13 28
t1   13   24    -4.920   -16.755    64.314 16763392 0 0 13 27
t1   13   25    -5.125   -17.453    61.403 14745344 0 0 13 26
t1   13   26    -5.330   -18.151    58.493 9043712 0 0 13 25
t1   13   27    -5.535   -18.850    55.583 3145472 0 0 13 24
t1   13   28    -5.740   -19.548    52.672 65322 0 0 13 23
t1   13   29    -5.945   -20.246    49.762 65411 0 0 13 22
t1   13   30    -6.150   -20.944    46.851 65497 0 0 13 21
t1   13   31    -6.355   -21.642    43.941 54271 0 0 13 20
t1   13   32    -6.560   -22.340    41.030 34303 0 0 13 19
t1   13   33    -6.765   -23.038    38.120 15871 0 0 13 18
t1   13   34    -6.970   -23.737    35.210 262399 0 0 13 17
t1   13   35    -7.175   -24.435    32.299 4063487 0 0 13 16
t1   13   36    -7.380   -25.133    29.389 7274751 0 0 13 15
t1   13   37    -7.585   -25.831    26.478 9961727 0 0 13 14
t1   13   38    -7.790   -26.529    23.568 11993343 0 0 13 13
t1   13   39    -7.995   -27.227    20.657 13369599 0 0 13 12
t1   13   40    -8.200   -27.925    17.747 14090495 0 0 13 11
t1   13   41    -8.405   -28.623    14.837 14090495 0 0 13 10
t1   13   42    -8.610   -29.322    11.926 13435135 0 0 13 9
t1   13   43    -8.815   -30.020     9.016 12058879 0 0 13 8
t1   13   44    -9.020   -30.718     6.105 10027263 0 0 13 7
t1   13   45    -9.225   -31.416     3.195 7340287 0 0 13 6
t1   13   46    -9.430   -32.114     0.284 3997951 0 0 13 5
t1   13   47    -9.635   -32.812    -2.626 255 0 0 13 4
t1   13   48    -9.840   -33.510    -5.536 18175 0 0 13 3
t1   13   49   -10.045   -34.209    -8.447 38143 0 0 13 2
t1   13   50   -10.250   -34.907   -11.357 60415 0 0 13 1
t1   14    1    -0.393    -0.612   131.254 16711704 0 0 14 50
t1   14    2    -0.787    -1.224   128.343 16711741 0 0 14 49
t1   14    3    -1.180    -1.836   125.433 16711818 0 0 14 48
t1   14    4    -1.573    -2.448   122.522 16711927 0 0 14 47
t1   14    5    -1.967    -3.061   119.612 8454399 0 0 14 46
t1   14    6    -2.360    -3.673   116.702 5887 0 0 14 45
t1   14    7    -2.754    -4.285   113.791 46591 0 0 14 44
t1   14    8    -3.147    -4.897   110.881 65449 0 0 14 43
t1   14    9    -3.540    -5.509   107.970 65297 0 0 14 42
t1   14   10    -3.934    -6.121   105.060 8191744 0 0 14 41
t1   14   11    -4.327    -6.733   102.149 16449280 0 0 14 40
t1   14   12    -4.720    -7.345    99.239 16751104 0 0 14 39
t1   14   13    -5.114    -7.957    96.329 16728832 0 0 14 38
t1   14   14    -5.507    -8.569    93.418 16711935 0 0 14 37
t1   14   15    -5.901    -9.182    90.508 16723456 0 0 14 36
t1   14   16    -6.294    -9.794    87.597 16730368 0 0 14 35
t1   14   17    -6.687   -10.406    84.687 16732416 0 0 14 34
t1   14   18    -7.081   -11.018    81.776 16730112 0 0 14 33
t1   14   19    -7.474   -11.630    78.866 16723712 0 0 14 32
t1   14   20    -7.867   -12.242    75.956 16713984 0 0 14 31
t1   14   21    -8.261   -12.854    73.045 16722176 0 0 14 30
t1   14   22    -8.654   -13.466    70.135 16737536 0 0 14 29
t1   14   23    -9.048   -14.078    67.224 16755200 0 0 14 28
t1   14   24    -9.441   -14.690    64.314 16774400 0 0 14 27
t1   14   25    -9.834   -15.303    61.403 12189440 0 0 14 26
t1   14   26   -10.228   -15.915    58.493 6749952 0 0 14 25
t1   14   27   -10.621   -16.527    55.583 1179392 0 0 14 24
t1   14   28   -11.014   -17.139    52.672 65348 0 0 14 23
t1   14   29   -11.408   -17.751    49.762 65431 0 0 14 22
t1   14   30   -11.801   -18.363    46.851 65512 0 0 14 21
t1   14   31   -12.195   -18.975    43.941 51967 0 0 14 20
t1   14   32   -12.588   -19.587    41.030 33535 0 0 14 19
t1   14   33   -12.981   -20.199    38.120 16639 0 0 14 18
t1   14   34   -13.375   -20.811    35.210 1791 0 0 14 17
t1   14   35   -13.768   -21.424    32.299 2949375 0 0 14 16
t1   14   36   -14.161   -22.036    29.389 5701887 0 0 14 15
t1   14   37   -14.555   -22.648    26.478 7864575 0 0 14 14
t1   14   38   -14.948   -23.260    23.568 9437439 0 0 14 13
t1   14   39   -15.342   -23.872    20.657 10354943 0 0 14 12
t1   14   40   -15.735   -24.484    17.747 10551551 0 0 14 11
t1   14   41   -16.128   -25.096    14.837 10158335 0 0 14 10
t1   14   42   -16.522   -25.708    11.926 8978687 0 0 14 9
t1   14   43   -16.915   -26.320     9.016 7209215 0 0 14 8
t1   14   44   -17.308   -26.932     6.105 4718847 0 0 14 7
t1   14   45   -17.702   -27.545     3.195 1638655 0 0 14 6
t1   14   46   -18.095   -28.157     0.284 8703 0 0 14 5
t1   14   47   -18.489   -28.769    -2.626 25599 0 0 14 4
t1   14   48   -18.882   -29.381    -5.536 44799 0 0 14 3
t1   14   49   -19.275   -29.993    -8.447 65534 0 0 14 2
t1   14   50   -19.669   -30.605   -11.357 65443 0 0 14 1
t1   15    1    -0.550    -0.476   131.254 16711694 0 0 15 50
t1   15    2    -1.100    -0.953   128.343 16711737 0 0 15 49
t1   15    3    -1.650    -1.429   125.433 16711815 0 0 15 48
t1   15    4    -2.200    -1.906   122.522 16711923 0 0 15 47
t1   15    5    -2.749    -2.382   119.612 8978687 0 0 15 46
t1   15    6    -3.299    -2.859   116.702 2303 0 0 15 45
t1   15    7    -3.849    -3.335   113.791 41215 0 0 15 44
t1   15    8    -4.399    -3.812   110.881 65477 0 0 15 43
t1   15    9    -4.949    -4.288   107.970 65330 0 0 15 42
t1   15   10    -5.499    -4.765   105.060 5766912 0 0 15 41
t1   15   11    -6.049    -5.241   102.149 13696768 0 0 15 40
t1   15   12    -6.599    -5.718    99.239 16762112 0 0 15 39
t1   15   13    -7.149    -6.194    96.329 16740352 0 0 15 38
t1   15   14    -7.698    -6.671    93.418 16723456 0 0 15 37
t1   15   15    -8.248    -7.147    90.508 16711935 0 0 15 36
t1   15   16    -8.798    -7.624    87.597 16718592 0 0 15 35
t1   15   17    -9.348    -8.100    84.687 16720896 0 0 15 34
t1   15   18    -9.898    -8.577    81.776 16719104 0 0 15 33
t1   15   19   -10.448    -9.053    78.866 16713216 0 0 15 32
t1   15   20   -10.998    -9.530    75.956 16719360 0 0 15 31
t1   15   21   -11.548   -10.006    73.045 16731648 0 0 15 30
t1   15   22   -12.098   -10.483    70.135 16746240 0 0 15 29
t1   15   23   -12.647   -10.959    67.224 16763136 0 0 15 28
t1   15   24   -13.197   -11.436    64.314 15597312 0 0 15 27
t1   15   25   -13.747   -11.912    61.403 10616576 0 0 15 26
t1   15   26   -14.297   -12.389    58.493 5439232 0 0 15 25
t1   15   27   -14.847   -12.865    55.583 130816 0 0 15 24
t1   15   28   -15.397   -13.341    52.672 65359 0 0 15 23
t1   15   29   -15.947   -13.818    49.762 65437 0 0 15 22
t1   15   30   -16.497   -14.294    46.851 65513 0 0 15 21
t1   15   31   -17.047   -14.771    43.941 52991 0 0 15 20
t1   15   32   -17.596   -15.247    41.030 36095 0 0 15 19
t1   15   33   -18.146   -15.724    38.120 20991 0 0 15 18
t1   15   34   -18.696   -16.200    35.210 7679 0 0 15 17
t1   15   35   -19.246   -16.677    32.299 1048831 0 0 15 16
t1   15   36   -19.796   -17.153    29.389 3342591 0 0 15 15
t1   15   37   -20.346   -17.630    26.478 5112063 0 0 15 14
t1   15   38   -20.896   -18.106    23.568 6226175 0 0 15 13
t1   15   39   -21.446   -18.583    20.657 6684927 0 0 15 12
t1   15   40   -21.996   -19.059    17.747 6422783 0 0 15 11
t1   15   41   -22.545   -19.536    14.837 5570815 0 0 15 10
t1   15   42   -23.095   -20.012    11.926 3997951 0 0 15 9
t1   15   43   -23.645   -20.489     9.016 1835263 0 0 15 8
t1   15   44   -24.195   -20.965     6.105 4351 0 0 15 7
t1   15   45   -24.745   -21.442     3.195 17919 0 0 15 6
t1   15   46   -25.295   -21.918     0.284 33791 0 0 15 5
t1   15   47   -25.845   -22.395    -2.626 51967 0 0 15 4
t1   15   48   -26.395   -22.871    -5.536 65509 0 0 15 3
t1   15   49   -26.945   -23.348    -8.447 65423 0 0 15 2
t1   15   50   -27.494   -23.824   -11.357 65330 0 0 15 1
t1   16    1    -0.662    -0.302   131.254 16711696 0 0 16 50
t1   16    2    -1.324    -0.605   128.343 16711745 0 0 16 49
t1   16    3    -1.986    -0.907   125.433 16711826 0 0 16 48
t1   16    4    -2.647    -1.209   122.522 16711934 0 0 16 47
t1   16    5    -3.309    -1.511   119.612 8454399 0 0 16 46
t1   16    6    -3.971    -1.814   116.702 3327 0 0 16 45
t1   16    7    -4.633    -2.116   113.791 40959 0 0 16 44
t1   16    8    -5.295    -2.418   110.881 65483 0 0 16 43
t1   16    9    -5.957    -2.720   107.970 65342 0 0 16 42
t1   16   10    -6.619    -3.023   105.060 4652800 0 0 16 41
t1   16   11    -7.280    -3.325   102.149 12386048 0 0 16 40
t1   16   12    -7.942    -3.627    99.239 16768256 0 0 16 39
t1   16   13    -8.604    -3.929    96.329 16746752 0 0 16 38
t1   16   14    -9.266    -4.232    93.418 16730368 0 0 16 37
t1   16   15    -9.928    -4.534    90.508 16718592 0 0 16 36
t1   16   16   -10.590    -4.836    87.597 16711935 0 0 16 35
t1   16   17   -11.252    -5.138    84.687 16714240 0 0 16 34
t1   16   18   -11.913    -5.441    81.776 16712448 0 0 16 33
t1   16   19   -12.575    -5.743    78.866 16716288 0 0 16 32
t1   16   20   -13.237    -6.045    75.956 16725248 0 0 16 31
t1   16   21   -13.899    -6.347    73.045 16736768 0 0 16 30
t1   16   22   -14.561    -6.650    70.135 16750848 0 0 16 29
t1   16   23   -15.223    -6.952    67.224 16766976 0 0 16 28
t1   16   24   -15.885    -7.254    64.314 14810880 0 0 16 27
t1   16   25   -16.546    -7.556    61.403 10026752 0 0 16 26
t1   16   26   -17.208    -7.859    58.493 5046016 0 0 16 25
t1   16   27   -17.870    -8.161    55.583 65280 0 0 16 24
t1   16   28   -18.532    -8.463    52.672 65356 0 0 16 23
t1   16   29   -19.194    -8.766    49.762 65430 0 0 16 22
t1   16   30   -19.856    -9.068    46.851 65501 0 0 16 21
t1   16   31   -20.517    -9.370    43.941 57343 0 0 16 20
t1   16   32   -21.179    -9.672    41.030 41983 0 0 16 19
t1   16   33   -21.841    -9.975    38.120 28159 0 0 16 18
t1   16   34   -22.503   -10.277    35.210 16383 0 0 16 17
t1   16   35   -23.165   -10.579    32.299 6399 0 0 16 16
t1   16   36   -23.827   -10.881    29.389 327935 0 0 16 15
t1   16   37   -24.489   -11.184    26.478 1638655 0 0 16 14
t1   16   38   -25.150   -11.486    23.568 2359551 0 0 16 13
t1   16   39   -25.812   -11.788    20.657 2425087 0 0 16 12
t1   16   40   -26.474   -12.090    17.747 1835263 0 0 16 11
t1   16   41   -27.136   -12.393    14.837 524543 0 0 16 10
t1   16   42   -27.798   -12.695    11.926 5631 0 0 16 9
t1   16   43   -28.460   -12.997     9.016 15615 0 0 16 8
t1   16   44   -29.122   -13.299     6.105 28159 0 0 16 7
t1   16   45   -29.783   -13.602     3.195 42751 0 0 16 6
t1   16   46   -30.445   -13.904     0.284 59903 0 0 16 5
t1   16   47   -31.107   -14.206    -2.626 65483 0 0 16 4
t1   16   48   -31.769   -14.508    -5.536 65400 0 0 16 3
t1   16   49   -32.431   -14.811    -8.447 65311 0 0 16 2
t1   16   50   -33.093   -15.113   -11.357 4259584 0 0 16 1
t1   17    1    -0.720    -0.104   131.254 16711709 0 0 17 50
t1   17    2    -1.440    -0.207   128.343 16711766 0 0 17 49
t1   17    3    -2.161    -0.311   125.433 16711851 0 0 17 48
t1   17    4    -2.881    -0.414   122.522 15139071 0 0 17 47
t1   17    5    -3.601    -0.518   119.612 6881535 0 0 17 46
t1   17    6    -4.321    -0.621   116.702 8703 0 0 17 45
t1   17    7    -5.041    -0.725   113.791 45311 0 0 17 44
t1   17    8    -5.762    -0.828   110.881 65472 0 0 17 43
t1   17    9    -6.482    -0.932   107.970 65334 0 0 17 42
t1   17   10    -7.202    -1.035   105.060 4849408 0 0 17 41
t1   17   11    -7.922    -1.139   102.149 12320512 0 0 17 40
t1   17   12    -8.642    -1.243    99.239 16769280 0 0 17 39
t1   17   13    -9.363    -1.346    96.329 16748544 0 0 17 38
t1   17   14   -10.083    -1.450    93.418 16732416 0 0 17 37
t1   17   15   -10.803    -1.553    90.508 16720896 0 0 17 36
t1   17   16   -11.523    -1.657    87.597 16714240 0 0 17 35
t1   17   17   -12.243    -1.760    84.687 16711935 0 0 17 34
t1   17   18   -12.964    -1.864    81.776 16713216 0 0 17 33
t1   17   19   -13.684    -1.967    78.866 16718592 0 0 17 32
t1   17   20   -14.404    -2.071    75.956 16727040 0 0 17 31
t1   17   21   -15.124    -2.175    73.045 16738304 0 0 17 30
t1   17   22   -15.844    -2.278    70.135 16751872 0 0 17 29
t1   17   23   -16.565    -2.382    67.224 16767488 0 0 17 28
t1   17   24   -17.285    -2.485    64.314 14876416 0 0 17 27
t1   17   25   -18.005    -2.589    61.403 10288896 0 0 17 26
t1   17   26   -18.725    -2.692    58.493 5570304 0 0 17 25
t1   17   27   -19.445    -2.796    55.583 786176 0 0 17 24
t1   17   28   -20.166    -2.899    52.672 65341 0 0 17 23
t1   17   29   -20.886    -3.003    49.762 65411 0 0 17 22
t1   17   30   -21.606    -3.106    46.851 65477 0 0 17 21
t1   17   31   -22.326    -3.210    43.941 64767 0 0 17 20
t1   17   32   -23.046    -3.314    41.030 50687 0 0 17 19
t1   17   33   -23.767    -3.417    38.120 38143 0 0 17 18
t1   17   34   -24.487    -3.521    35.210 27647 0 0 17 17
t1   17   35   -25.207    -3.624    32.299 19199 0 0 17 16
t1   17   36   -25.927    -3.728    29.389 13055 0 0 17 15
t1   17   37   -26.647    -3.831    26.478 9471 0 0 17 14
t1   17   38   -27.368    -3.935    23.568 8191 0 0 17 13
t1   17   39   -28.088    -4.038    20.657 9215 0 0 17 12
t1   17   40   -28.808    -4.142    17.747 13055 0 0 17 11
t1   17   41   -29.528    -4.246    14.837 19199 0 0 17 10
t1   17   42   -30.248    -4.349    11.926 28159 0 0 17 9
t1   17   43   -30.969    -4.453     9.016 39167 0 0 17 8
t1   17   44   -31.689    -4.556     6.105 52735 0 0 17 7
t1   17   45   -32.409    -4.660     3.195 65523 0 0 17 6
t1   17   46   -33.129    -4.763     0.284 65453 0 0 17 5
t1   17   47   -33.849    -4.867    -2.626 65376 0 0 17 4
t1   17   48   -34.570    -4.970    -5.536 65291 0 0 17 3
t1   17   49   -35.290    -5.074    -8.447 5308160 0 0 17 2
t1   17   50   -36.010    -5.177   -11.357 11599616 0 0 17 1
t1   18    1    -0.720     0.104   131.254 16711735 0 0 18 50
t1   18    2    -1.440     0.207   128.343 16711799 0 0 18 49
t1   18    3    -2.161     0.311   125.433 16711888 0 0 18 48
t1   18    4    -2.881     0.414   122.522 12583167 0 0 18 47
t1   18    5    -3.601     0.518   119.612 4391167 0 0 18 46
t1   18    6    -4.321     0.621   116.702 17919 0 0 18 45
t1   18    7    -5.041     0.725   113.791 53759 0 0 18 44
t1   18    8    -5.762     0.828   110.881 65443 0 0 18 43
t1   18    9    -6.482     0.932   107.970 65310 0 0 18 42
t1   18   10    -7.202     1.035   105.060 6225664 0 0 18 41
t1   18   11    -7.922     1.139   102.149 13434624 0 0 18 40
t1   18   12    -8.642     1.243    99.239 16765696 0 0 18 39
t1   18   13    -9.363     1.346    96.329 16745728 0 0 18 38
t1   18   14   -10.083     1.450    93.418 16730112 0 0 18 37
t1   18   15   -10.803     1.553    90.508 16719104 0 0 18 36
t1   18   16   -11.523     1.657    87.597 16712448 0 0 18 35
t1   18   17   -12.243     1.760    84.687 16713216 0 0 18 34
t1   18   18   -12.964     1.864    81.776 16711935 0 0 18 33
t1   18   19   -13.684     1.967    78.866 16716800 0 0 18 32
t1   18   20   -14.404     2.071    75.956 16724992 0 0 18 31
t1   18   21   -15.124     2.175    73.045 16736000 0 0 18 30
t1   18   22   -15.844     2.278    70.135 16749312 0 0 18 29
t1   18   23   -16.565     2.382    67.224 16764416 0 0 18 28
t1   18   24   -17.285     2.485    64.314 15793920 0 0 18 27
t1   18   25   -18.005     2.589    61.403 11403008 0 0 18 26
t1   18   26   -18.725     2.692    58.493 6881024 0 0 18 25
t1   18   27   -19.445     2.796    55.583 2293504 0 0 18 24
t1   18   28   -20.166     2.899    52.672 65314 0 0 18 23
t1   18   29   -20.886     3.003    49.762 65380 0 0 18 22
t1   18   30   -21.606     3.106    46.851 65442 0 0 18 21
t1   18   31   -22.326     3.210    43.941 65499 0 0 18 20
t1   18   32   -23.046     3.314    41.030 61695 0 0 18 19
t1   18   33   -23.767     3.417    38.120 50431 0 0 18 18
t1   18   34   -24.487     3.521    35.210 41215 0 0 18 17
t1   18   35   -25.207     3.624    32.299 34047 0 0 18 16
t1   18   36   -25.927     3.728    29.389 29183 0 0 18 15
t1   18   37   -26.647     3.831    26.478 26879 0 0 18 14
t1   18   38   -27.368     3.935    23.568 26879 0 0 18 13
t1   18   39   -28.088     4.038    20.657 29183 0 0 18 12
t1   18   40   -28.808     4.142    17.747 34303 0 0 18 11
t1   18   41   -29.528     4.246    14.837 41727 0 0 18 10
t1   18   42   -30.248     4.349    11.926 51455 0 0 18 9
t1   18   43   -30.969     4.453     9.016 63743 0 0 18 8
t1   18   44   -31.689     4.556     6.105 65486 0 0 18 7
t1   18   45   -32.409     4.660     3.195 65421 0 0 18 6
t1   18   46   -33.129     4.763     0.284 65349 0 0 18 5
t1   18   47   -33.849     4.867    -2.626 786176 0 0 18 4
t1   18   48   -34.570     4.970    -5.536 6422272 0 0 18 3
t1   18   49   -35.290     5.074    -8.447 12451584 0 0 18 2
t1   18   50   -36.010     5.177   -11.357 16769280 0 0 18 1
t1   19    1    -0.662     0.302   131.254 16711771 0 0 19 50
t1   19    2    -1.324     0.605   128.343 16711843 0 0 19 49
t1   19    3    -1.986     0.907   125.433 16580863 0 0 19 48
t1   19    4    -2.647     1.209   122.522 9240831 0 0 19 47
t1   19    5    -3.309     1.511   119.612 983295 0 0 19 46
t1   19    6    -3.971     1.814   116.702 30719 0 0 19 45
t1   19    7    -4.633     2.116   113.791 65534 0 0 19 44
t1   19    8    -5.295     2.418   110.881 65398 0 0 19 43
t1   19    9    -5.957     2.720   107.970 786176 0 0 19 42
t1   19   10    -6.619     3.023   105.060 8584960 0 0 19 41
t1   19   11    -7.280     3.325   102.149 15597312 0 0 19 40
t1   19   12    -7.942     3.627    99.239 16758016 0 0 19 39
t1   19   13    -8.604     3.929    96.329 16738816 0 0 19 38
t1   19   14    -9.266     4.232    93.418 16723712 0 0 19 37
t1   19   15    -9.928     4.534    90.508 16713216 0 0 19 36
t1   19   16   -10.590     4.836    87.597 16716288 0 0 19 35
t1   19   17   -11.252     5.138    84.687 16718592 0 0 19 34
t1   19   18   -11.913     5.441    81.776 16716800 0 0 19 33
t1   19   19   -12.575     5.743    78.866 16711935 0 0 19 32
t1   19   20   -13.237     6.045    75.956 16719872 0 0 19 31
t1   19   21   -13.899     6.347    73.045 16730624 0 0 19 30
t1   19   22   -14.561     6.650    70.135 16743680 0 0 19 29
t1   19   23   -15.223     6.952    67.224 16758272 0 0 19 28
t1   19   24   -15.885     7.254    64.314 16774144 0 0 19 27
t1   19   25   -16.546     7.556    61.403 13238016 0 0 19 26
t1   19   26   -17.208     7.859    58.493 8847104 0 0 19 25
t1   19   27   -17.870     8.161    55.583 4456192 0 0 19 24
t1   19   28   -18.532     8.463    52.672 196352 0 0 19 23
t1   19   29   -19.194     8.766    49.762 65340 0 0 19 22
t1   19   30   -19.856     9.068    46.851 65399 0 0 19 21
t1   19   31   -20.517     9.370    43.941 65452 0 0 19 20
t1   19   32   -21.179     9.672    41.030 65498 0 0 19 19
t1   19   33   -21.841     9.975    38.120 64767 0 0 19 18
t1   19   34   -22.503    10.277    35.210 56575 0 0 19 17
t1   19   35   -23.165    10.579    32.299 50687 0 0 19 16
t1   19   36   -23.827    10.881    29.389 46847 0 0 19 15
t1   19   37   -24.489    11.184    26.478 45567 0 0 19 14
t1   19   38   -25.150    11.486    23.568 46591 0 0 19 13
t1   19   39   -25.812    11.788    20.657 50175 0 0 19 12
t1   19   40   -26.474    12.090    17.747 56319 0 0 19 11
t1   19   41   -27.136    12.393    14.837 64511 0 0 19 10
t1   19   42   -27.798    12.695    11.926 65497 0 0 19 9
t1   19   43   -28.460    12.997     9.016 65446 0 0 19 8
t1   19   44   -29.122    13.299     6.105 65387 0 0 19 7
t1   19   45   -29.783    13.602     3.195 65320 0 0 19 6
t1   19   46   -30.445    13.904     0.284 2359040 0 0 19 5
t1   19   47   -31.107    14.206    -2.626 7667456 0 0 19 4
t1   19   48   -31.769    14.508    -5.536 13369088 0 0 19 3
t1   19   49   -32.431    14.811    -8.447 16766976 0 0 19 2
t1   19   50   -33.093    15.113   -11.357 16742400 0 0 19 1
t1   20    1    -0.550     0.476   131.254 16711819 0 0 20 50
t1   20    2    -1.100     0.953   128.343 16711898 0 0 20 49
t1   20    3    -1.650     1.429   125.433 12648703 0 0 20 48
t1   20    4    -2.200     1.906   122.522 5112063 0 0 20 47
t1   20    5    -2.749     2.382   119.612 12799 0 0 20 46
t1   20    6    -3.299     2.859   116.702 46847 0 0 20 45
t1   20    7    -3.849     3.335   113.791 65473 0 0 20 44
t1   20    8    -4.399     3.812   110.881 65341 0 0 20 43
t1   20    9    -4.949     4.288   107.970 4325120 0 0 20 42
t1   20   10    -5.499     4.765   105.060 11927296 0 0 20 41
t1   20   11    -6.049     5.241   102.149 16769536 0 0 20 40
t1   20   12    -6.599     5.718    99.239 16746752 0 0 20 39
t1   20   13    -7.149     6.194    96.329 16728320 0 0 20 38
t1   20   14    -7.698     6.671    93.418 16713984 0 0 20 37
t1   20   15    -8.248     7.147    90.508 16719360 0 0 20 36
t1   20   16    -8.798     7.624    87.597 16725248 0 0 20 35
t1   20   17    -9.348     8.100    84.687 16727040 0 0 20 34
t1   20   18    -9.898     8.577    81.776 16724992 0 0 20 33
t1   20   19   -10.448     9.053    78.866 16719872 0 0 20 32
t1   20   20   -10.998     9.530    75.956 16711935 0 0 20 31
t1   20   21   -11.548    10.006    73.045 16722432 0 0 20 30
t1   20   22   -12.098    10.483    70.135 16734976 0 0 20 29
t1   20   23   -12.647    10.959    67.224 16749568 0 0 20 28
t1   20   24   -13.197    11.436    64.314 16764928 0 0 20 27
t1   20   25   -13.747    11.912    61.403 15662848 0 0 20 26
t1   20   26   -14.297    12.389    58.493 11468544 0 0 20 25
t1   20   27   -14.847    12.865    55.583 7208704 0 0 20 24
t1   20   28   -15.397    13.341    52.672 3145472 0 0 20 23
t1   20   29   -15.947    13.818    49.762 65293 0 0 20 22
t1   20   30   -16.497    14.294    46.851 65348 0 0 20 21
t1   20   31   -17.047    14.771    43.941 65397 0 0 20 20
t1   20   32   -17.596    15.247    41.030 65440 0 0 20 19
t1   20   33   -18.146    15.724    38.120 65476 0 0 20 18
t1   20   34   -18.696    16.200    35.210 65504 0 0 20 17
t1   20   35   -19.246    16.677    32.299 65524 0 0 20 16
t1   20   36   -19.796    17.153    29.389 65534 0 0 20 15
t1   20   37   -20.346    17.630    26.478 65279 0 0 20 14
t1   20   38   -20.896    18.106    23.568 65528 0 0 20 13
t1   20   39   -21.446    18.583    20.657 65510 0 0 20 12
t1   20   40   -21.996    19.059    17.747 65483 0 0 20 11
t1   20   41   -22.545    19.536    14.837 65447 0 0 20 10
t1   20   42   -23.095    20.012    11.926 65403 0 0 20 9
t1   20   43   -23.645    20.489     9.016 65349 0 0 20 8
t1   20   44   -24.195    20.965     6.105 65288 0 0 20 7
t1   20   45   -24.745    21.442     3.195 4062976 0 0 20 6
t1   20   46   -25.295    21.918     0.284 8978176 0 0 20 5
t1   20   47   -25.845    22.395    -2.626 14352128 0 0 20 4
t1   20   48   -26.395    22.871    -5.536 16764416 0 0 20 3
t1   20   49   -26.945    23.348    -8.447 16740864 0 0 20 2
t1   20   50   -27.494    23.824   -11.357 16716544 0 0 20 1
t1   21    1    -0.393     0.612   131.254 16711878 0 0 21 50
t1   21    2    -0.787     1.224   128.343 14811391 0 0 21 49
t1   21    3    -1.180     1.836   125.433 7930111 0 0 21 48
t1   21    4    -1.573     2.448   122.522 262399 0 0 21 47
t1   21    5    -1.967     3.061   119.612 31999 0 0 21 46
t1   21    6    -2.360     3.673   116.702 65534 0 0 21 45
t1   21    7    -2.754     4.285   113.791 65400 0 0 21 44
t1   21    8    -3.147     4.897   110.881 655104 0 0 21 43
t1   21    9    -3.540     5.509   107.970 8716032 0 0 21 42
t1   21   10    -3.934     6.121   105.060 16056064 0 0 21 41
t1   21   11    -4.327     6.733   102.149 16754176 0 0 21 40
t1   21   12    -4.720     7.345    99.239 16732416 0 0 21 39
t1   21   13    -5.114     7.957    96.329 16714752 0 0 21 38
t1   21   14    -5.507     8.569    93.418 16722176 0 0 21 37
t1   21   15    -5.901     9.182    90.508 16731648 0 0 21 36
t1   21   16    -6.294     9.794    87.597 16736768 0 0 21 35
t1   21   17    -6.687    10.406    84.687 16738304 0 0 21 34
t1   21   18    -7.081    11.018    81.776 16736000 0 0 21 33
t1   21   19    -7.474    11.630    78.866 16730624 0 0 21 32
t1   21   20    -7.867    12.242    75.956 16722432 0 0 21 31
t1   21   21    -8.261    12.854    73.045 16711935 0 0 21 30
t1   21   22    -8.654    13.466    70.135 16724224 0 0 21 29
t1   21   23    -9.048    14.078    67.224 16738560 0 0 21 28
t1   21   24    -9.441    14.690    64.314 16753664 0 0 21 27
t1   21   25    -9.834    15.303    61.403 16769536 0 0 21 26
t1   21   26   -10.228    15.915    58.493 14548736 0 0 21 25
t1   21   27   -10.621    16.527    55.583 10419968 0 0 21 24
t1   21   28   -11.014    17.139    52.672 6487808 0 0 21 23
t1   21   29   -11.408    17.751    49.762 2752256 0 0 21 22
t1   21   30   -11.801    18.363    46.851 65291 0 0 21 21
t1   21   31   -12.195    18.975    43.941 65337 0 0 21 20
t1   21   32   -12.588    19.587    41.030 65377 0 0 21 19
t1   21   33   -12.981    20.199    38.120 65410 0 0 21 18
t1   21   34   -13.375    20.811    35.210 65435 0 0 21 17
t1   21   35   -13.768    21.424    32.299 65451 0 0 21 16
t1   21   36   -14.161    22.036    29.389 65458 0 0 21 15
t1   21   37   -14.555    22.648    26.478 65456 0 0 21 14
t1   21   38   -14.948    23.260    23.568 65445 0 0 21 13
t1   21   39   -15.342    23.872    20.657 65425 0 0 21 12
t1   21   40   -15.735    24.484    17.747 65395 0 0 21 11
t1   21   41   -16.128    25.096    14.837 65357 0 0 21 10
t1   21   42   -16.522    25.708    11.926 65310 0 0 21 9
t1   21   43   -16.915    26.320     9.016 1703680 0 0 21 8
t1   21   44   -17.308    26.932     6.105 5832448 0 0 21 7
t1   21   45   -17.702    27.545     3.195 10419968 0 0 21 6
t1   21   46   -18.095    28.157     0.284 15400704 0 0 21 5
t1   21   47   -18.489    28.769    -2.626 16761600 0 0 21 4
t1   21   48   -18.882    29.381    -5.536 16739584 0 0 21 3
t1   21   49   -19.275    29.993    -8.447 16716288 0 0 21 2
t1   21   50   -19.669    30.605   -11.357 16730880 0 0 21 1
t1   22    1    -0.205     0.698   131.254 15925503 0 0 22 50
t1   22    2    -0.410     1.396   128.343 9830655 0 0 22 49
t1   22    3    -0.615     2.094   125.433 2621695 0 0 22 48
t1   22    4    -0.820     2.793   122.522 20735 0 0 22 47
t1   22    5    -1.025     3.491   119.612 53759 0 0 22 46
t1   22    6    -1.230     4.189   116.702 65449 0 0 22 45
t1   22    7    -1.435     4.887   113.791 65317 0 0 22 44
t1   22    8    -1.640     5.585   110.881 5963520 0 0 22 43
t1   22    9    -1.845     6.283   107.970 13762304 0 0 22 42
t1   22   10    -2.050     6.981   105.060 16760832 0 0 22 41
t1   22   11    -2.255     7.679   102.149 16736256 0 0 22 40
t1   22   12    -2.460     8.378    99.239 16715264 0 0 22 39
t1   22   13    -2.665     9.076    96.329 16724736 0 0 22 38
t1   22   14    -2.870     9.774    93.418 16737536 0 0 22 37
t1   22   15    -3.075    10.472    90.508 16746240 0 0 22 36
t1   22   16    -3.280    11.170    87.597 16750848 0 0 22 35
t1   22   17    -3.485    11.868    84.687 16751872 0 0 22 34
t1   22   18    -3.690    12.566    81.776 16749312 0 0 22 33
t1   22   19    -3.895    13.265    78.866 16743680 0 0 22 32
t1   22   20    -4.100    13.963    75.956 16734976 0 0 22 31
t1   22   21    -4.305    14.661    73.045 16724224 0 0 22 30
t1   22   22    -4.510    15.359    70.135 16711935 0 0 22 29
t1   22   23    -4.715    16.057    67.224 16725760 0 0 22 28
t1   22   24    -4.920    16.755    64.314 16740864 0 0 22 27
t1   22   25    -5.125    17.453    61.403 16756480 0 0 22 26
t1   22   26    -5.330    18.151    58.493 16772096 0 0 22 25
t1   22   27    -5.535    18.850    55.583 14024448 0 0 22 24
t1   22   28    -5.740    19.548    52.672 10223360 0 0 22 23
t1   22   29    -5.945    20.246    49.762 6618880 0 0 22 22
t1   22   30    -6.150    20.944    46.851 3342080 0 0 22 21
t1   22   31    -6.355    21.642    43.941 458496 0 0 22 20
t1   22   32    -6.560    22.340    41.030 65311 0 0 22 19
t1   22   33    -6.765    23.038    38.120 65341 0 0 22 18
t1   22   34    -6.970    23.737    35.210 65363 0 0 22 17
t1   22   35    -7.175    24.435    32.299 65376 0 0 22 16
t1   22   36    -7.380    25.133    29.389 65380 0 0 22 15
t1   22   37    -7.585    25.831    26.478 65376 0 0 22 14
t1   22   38    -7.790    26.529    23.568 65362 0 0 22 13
t1   22   39    -7.995    27.227    20.657 65339 0 0 22 12
t1   22   40    -8.200    27.925    17.747 65308 0 0 22 11
t1   22   41    -8.405    28.623    14.837 917248 0 0 22 10
t1   22   42    -8.610    29.322    11.926 4062976 0 0 22 9
t1   22   43    -8.815    30.020     9.016 7798528 0 0 22 8
t1   22   44    -9.020    30.718     6.105 11927296 0 0 22 7
t1   22   45    -9.225    31.416     3.195 16514816 0 0 22 6
t1   22   46    -9.430    32.114     0.284 16758528 0 0 22 5
t1   22   47    -9.635    32.812    -2.626 16737792 0 0 22 4
t1   22   48    -9.840    33.510    -5.536 16716032 0 0 22 3
t1   22   49   -10.045    34.209    -8.447 16729856 0 0 22 2
t1   22   50   -10.250    34.907   -11.357 16753152 0 0 22 1
