#    workspaces/376/A+FLY_d_29.dat
t1    1    1     0.000     0.728   131.254 16711935 0 0 1 50
t1    1    2     0.000     1.455   128.343 65348 0 0 1 49
t1    1    3     0.000     2.183   125.433 65454 0 0 1 48
t1    1    4     0.000     2.910   122.522 65424 0 0 1 47
t1    1    5     0.000     3.638   119.612 65344 0 0 1 46
t1    1    6     0.000     4.366   116.702 2621184 0 0 1 45
t1    1    7     0.000     5.093   113.791 10223360 0 0 1 44
t1    1    8     0.000     5.821   110.881 16771072 0 0 1 43
t1    1    9     0.000     6.548   107.970 16738304 0 0 1 42
t1    1   10     0.000     7.276   105.060 16718336 0 0 1 41
t1    1   11     0.000     8.004   102.149 16751872 0 0 1 40
t1    1   12     0.000     8.731    99.239 14614272 0 0 1 39
t1    1   13     0.000     9.459    96.329 6160128 0 0 1 38
t1    1   14     0.000    10.186    93.418 65313 0 0 1 37
t1    1   15     0.000    10.914    90.508 65435 0 0 1 36
t1    1   16     0.000    11.642    87.597 61183 0 0 1 35
t1    1   17     0.000    12.369    84.687 32767 0 0 1 34
t1    1   18     0.000    13.097    81.776 5887 0 0 1 33
t1    1   19     0.000    13.825    78.866 4915455 0 0 1 32
t1    1   20     0.000    14.552    75.956 10682623 0 0 1 31
t1    1   21     0.000    15.280    73.045 15925503 0 0 1 30
t1    1   22     0.000    16.007    70.135 16711877 0 0 1 29
t1    1   23     0.000    16.735    67.224 16711818 0 0 1 28
t1    1   24     0.000    17.463    64.314 16711768 0 0 1 27
t1    1   25     0.000    18.190    61.403 16711730 0 0 1 26
t1    1   26     0.000    18.918    58.493 16711703 0 0 1 25
t1    1   27     0.000    19.645    55.583 16711688 0 0 1 24
t1    1   28     0.000    20.373    52.672 16711684 0 0 1 23
t1    1   29     0.000    21.101    49.762 16711692 0 0 1 22
t1    1   30     0.000    21.828    46.851 16711711 0 0 1 21
t1    1   31     0.000    22.556    43.941 16711742 0 0 1 20
t1    1   32     0.000    23.283    41.030 16711784 0 0 1 19
t1    1   33     0.000    24.011    38.120 16711837 0 0 1 18
t1    1   34     0.000    24.739    35.210 16711901 0 0 1 17
t1    1   35     0.000    25.466    32.299 14156031 0 0 1 16
t1    1   36     0.000    26.194    29.389 8716543 0 0 1 15
t1    1   37     0.000    26.921    26.478 2687231 0 0 1 14
t1    1   38     0.000    27.649    23.568 15103 0 0 1 13
t1    1   39     0.000    28.377    20.657 42751 0 0 1 12
t1    1   40     0.000    29.104    17.747 65511 0 0 1 11
t1    1   41     0.000    29.832    14.837 65392 0 0 1 10
t1    1   42     0.000    30.559    11.926 851712 0 0 1 9
t1    1   43     0.000    31.287     9.016 9240320 0 0 1 8
t1    1   44     0.000    32.015     6.105 16772864 0 0 1 7
t1    1   45     0.000    32.742     3.195 16739072 0 0 1 6
t1    1   46     0.000    33.470     0.284 16718592 0 0 1 5
t1    1   47     0.000    34.198    -2.626 16752640 0 0 1 4
t1    1   48     0.000    34.925    -5.536 14352128 0 0 1 3
t1    1   49     0.000    35.653    -8.447 5897984 0 0 1 2
t1    1   50     0.000    36.380   -11.357 65318 0 0 1 1
t1    2    1     0.205     0.698   131.254 65348 0 0 2 50
t1    2    2     0.410     1.396   128.343 16711935 0 0 2 49
t1    2    3     0.615     2.094   125.433 14810880 0 0 2 48
t1    2    4     0.820     2.793   122.522 9043712 0 0 2 47
t1    2    5     1.025     3.491   119.612 9830144 0 0 2 46
t1    2    6     1.230     4.189   116.702 14089984 0 0 2 45
t1    2    7     1.435     4.887   113.791 16763648 0 0 2 44
t1    2    8     1.640     5.585   110.881 16735744 0 0 2 43
t1    2    9     1.845     6.283   107.970 16717824 0 0 2 42
t1    2   10     2.050     6.981   105.060 16749568 0 0 2 41
t1    2   11     2.255     7.679   102.149 15597312 0 0 2 40
t1    2   12     2.460     8.378    99.239 7339776 0 0 2 39
t1    2   13     2.665     9.076    96.329 65293 0 0 2 38
t1    2   14     2.870     9.774    93.418 65414 0 0 2 37
t1    2   15     3.075    10.472    90.508 65530 0 0 2 36
t1    2   16     3.280    11.170    87.597 38143 0 0 2 35
t1    2   17     3.485    11.868    84.687 11519 0 0 2 34
t1    2   18     3.690    12.566    81.776 3539199 0 0 2 33
t1    2   19     3.895    13.265    78.866 9371903 0 0 2 32
t1    2   20     4.100    13.963    75.956 14614783 0 0 2 31
t1    2   21     4.305    14.661    73.045 16711896 0 0 2 30
t1    2   22     4.510    15.359    70.135 16711835 0 0 2 29
t1    2   23     4.715    16.057    67.224 16711785 0 0 2 28
t1    2   24     4.920    16.755    64.314 16711746 0 0 2 27
t1    2   25     5.125    17.453    61.403 16711718 0 0 2 26
t1    2   26     5.330    18.151    58.493 16711702 0 0 2 25
t1    2   27     5.535    18.850    55.583 16711697 0 0 2 24
t1    2   28     5.740    19.548    52.672 16711704 0 0 2 23
t1    2   29     5.945    20.246    49.762 16711722 0 0 2 22
t1    2   30     6.150    20.944    46.851 16711752 0 0 2 21
t1    2   31     6.355    21.642    43.941 16711793 0 0 2 20
t1    2   32     6.560    22.340    41.030 16711846 0 0 2 19
t1    2   33     6.765    23.038    38.120 16711908 0 0 2 18
t1    2   34     6.970    23.737    35.210 13697279 0 0 2 17
t1    2   35     7.175    24.435    32.299 8323327 0 0 2 16
t1    2   36     7.380    25.133    29.389 2359551 0 0 2 15
t1    2   37     7.585    25.831    26.478 16383 0 0 2 14
t1    2   38     7.790    26.529    23.568 43519 0 0 2 13
t1    2   39     7.995    27.227    20.657 65508 0 0 2 12
t1    2   40     8.200    27.925    17.747 65389 0 0 2 11
t1    2   41     8.405    28.623    14.837 982784 0 0 2 10
t1    2   42     8.610    29.322    11.926 9371392 0 0 2 9
t1    2   43     8.815    30.020     9.016 16772608 0 0 2 8
t1    2   44     9.020    30.718     6.105 16738816 0 0 2 7
t1    2   45     9.225    31.416     3.195 16718592 0 0 2 6
t1    2   46     9.430    32.114     0.284 16752384 0 0 2 5
t1    2   47     9.635    32.812    -2.626 14417664 0 0 2 4
t1    2   48     9.840    33.510    -5.536 5963520 0 0 2 3
t1    2   49    10.045    34.209    -8.447 65316 0 0 2 2
t1    2   50    10.250    34.907   -11.357 65439 0 0 2 1
t1    3    1     0.393     0.612   131.254 65454 0 0 3 50
t1    3    2     0.787     1.224   128.343 14810880 0 0 3 49
t1    3    3     1.180     1.836   125.433 16711935 0 0 3 48
t1    3    4     1.573     2.448   122.522 16747264 0 0 3 47
t1    3    5     1.967     3.061   119.612 16756224 0 0 3 46
t1    3    6     2.360     3.673   116.702 16748544 0 0 3 45
t1    3    7     2.754     4.285   113.791 16730624 0 0 3 44
t1    3    8     3.147     4.897   110.881 16716800 0 0 3 43
t1    3    9     3.540     5.509   107.970 16744448 0 0 3 42
t1    3   10     3.934     6.121   105.060 16774144 0 0 3 41
t1    3   11     4.327     6.733   102.149 9699072 0 0 3 40
t1    3   12     4.720     7.345    99.239 1769216 0 0 3 39
t1    3   13     5.114     7.957    96.329 65373 0 0 3 38
t1    3   14     5.507     8.569    93.418 65489 0 0 3 37
t1    3   15     5.901     9.182    90.508 48895 0 0 3 36
t1    3   16     6.294     9.794    87.597 21759 0 0 3 35
t1    3   17     6.687    10.406    84.687 917759 0 0 3 34
t1    3   18     7.081    11.018    81.776 6881535 0 0 3 33
t1    3   19     7.474    11.630    78.866 12255487 0 0 3 32
t1    3   20     7.867    12.242    75.956 16711931 0 0 3 31
t1    3   21     8.261    12.854    73.045 16711868 0 0 3 30
t1    3   22     8.654    13.466    70.135 16711816 0 0 3 29
t1    3   23     9.048    14.078    67.224 16711775 0 0 3 28
t1    3   24     9.441    14.690    64.314 16711745 0 0 3 27
t1    3   25     9.834    15.303    61.403 16711727 0 0 3 26
t1    3   26    10.228    15.915    58.493 16711720 0 0 3 25
t1    3   27    10.621    16.527    55.583 16711725 0 0 3 24
t1    3   28    11.014    17.139    52.672 16711742 0 0 3 23
t1    3   29    11.408    17.751    49.762 16711770 0 0 3 22
t1    3   30    11.801    18.363    46.851 16711810 0 0 3 21
t1    3   31    12.195    18.975    43.941 16711860 0 0 3 20
t1    3   32    12.588    19.587    41.030 16711921 0 0 3 19
t1    3   33    12.981    20.199    38.120 12976383 0 0 3 18
t1    3   34    13.375    20.811    35.210 7667967 0 0 3 17
t1    3   35    13.768    21.424    32.299 1769727 0 0 3 16
t1    3   36    14.161    22.036    29.389 18175 0 0 3 15
t1    3   37    14.555    22.648    26.478 45311 0 0 3 14
t1    3   38    14.948    23.260    23.568 65503 0 0 3 13
t1    3   39    15.342    23.872    20.657 65385 0 0 3 12
t1    3   40    15.735    24.484    17.747 1179392 0 0 3 11
t1    3   41    16.128    25.096    14.837 9502464 0 0 3 10
t1    3   42    16.522    25.708    11.926 16772352 0 0 3 9
t1    3   43    16.915    26.320     9.016 16738816 0 0 3 8
t1    3   44    17.308    26.932     6.105 16718336 0 0 3 7
t1    3   45    17.702    27.545     3.195 16752384 0 0 3 6
t1    3   46    18.095    28.157     0.284 14548736 0 0 3 5
t1    3   47    18.489    28.769    -2.626 6094592 0 0 3 4
t1    3   48    18.882    29.381    -5.536 65314 0 0 3 3
t1    3   49    19.275    29.993    -8.447 65436 0 0 3 2
t1    3   50    19.669    30.605   -11.357 61183 0 0 3 1
t1    4    1     0.550     0.476   131.254 65424 0 0 4 50
t1    4    2     1.100     0.953   128.343 9043712 0 0 4 49
t1    4    3     1.650     1.429   125.433 16747264 0 0 4 48
t1    4    4     2.200     1.906   122.522 16711935 0 0 4 47
t1    4    5     2.749     2.382   119.612 16725248 0 0 4 46
t1    4    6     3.299     2.859   116.702 16722176 0 0 4 45
t1    4    7     3.849     3.335   113.791 16715264 0 0 4 44
t1    4    8     4.399     3.812   110.881 16736256 0 0 4 43
t1    4    9     4.949     4.288   107.970 16761856 0 0 4 42
t1    4   10     5.499     4.765   105.060 13500160 0 0 4 41
t1    4   11     6.049     5.241   102.149 5963520 0 0 4 40
t1    4   12     6.599     5.718    99.239 65307 0 0 4 39
t1    4   13     7.149     6.194    96.329 65422 0 0 4 38
t1    4   14     7.698     6.671    93.418 65534 0 0 4 37
t1    4   15     8.248     7.147    90.508 38655 0 0 4 36
t1    4   16     8.798     7.624    87.597 12799 0 0 4 35
t1    4   17     9.348     8.100    84.687 2883839 0 0 4 34
t1    4   18     9.898     8.577    81.776 8454399 0 0 4 33
t1    4   19    10.448     9.053    78.866 13435135 0 0 4 32
t1    4   20    10.998     9.530    75.956 16711920 0 0 4 31
t1    4   21    11.548    10.006    73.045 16711865 0 0 4 30
t1    4   22    12.098    10.483    70.135 16711820 0 0 4 29
t1    4   23    12.647    10.959    67.224 16711788 0 0 4 28
t1    4   24    13.197    11.436    64.314 16711766 0 0 4 27
t1    4   25    13.747    11.912    61.403 16711757 0 0 4 26
t1    4   26    14.297    12.389    58.493 16711759 0 0 4 25
t1    4   27    14.847    12.865    55.583 16711773 0 0 4 24
t1    4   28    15.397    13.341    52.672 16711798 0 0 4 23
t1    4   29    15.947    13.818    49.762 16711835 0 0 4 22
t1    4   30    16.497    14.294    46.851 16711883 0 0 4 21
t1    4   31    17.047    14.771    43.941 16318719 0 0 4 20
t1    4   32    17.596    15.247    41.030 11796735 0 0 4 19
t1    4   33    18.146    15.724    38.120 6619391 0 0 4 18
t1    4   34    18.696    16.200    35.210 917759 0 0 4 17
t1    4   35    19.246    16.677    32.299 21247 0 0 4 16
t1    4   36    19.796    17.153    29.389 47615 0 0 4 15
t1    4   37    20.346    17.630    26.478 65495 0 0 4 14
t1    4   38    20.896    18.106    23.568 65379 0 0 4 13
t1    4   39    21.446    18.583    20.657 1507072 0 0 4 12
t1    4   40    21.996    19.059    17.747 9699072 0 0 4 11
t1    4   41    22.545    19.536    14.837 16771840 0 0 4 10
t1    4   42    23.095    20.012    11.926 16738560 0 0 4 9
t1    4   43    23.645    20.489     9.016 16718336 0 0 4 8
t1    4   44    24.195    20.965     6.105 16751872 0 0 4 7
t1    4   45    24.745    21.442     3.195 14679808 0 0 4 6
t1    4   46    25.295    21.918     0.284 6291200 0 0 4 5
t1    4   47    25.845    22.395    -2.626 65310 0 0 4 4
t1    4   48    26.395    22.871    -5.536 65431 0 0 4 3
t1    4   49    26.945    23.348    -8.447 62207 0 0 4 2
t1    4   50    27.494    23.824   -11.357 34047 0 0 4 1
t1    5    1     0.662     0.302   131.254 65344 0 0 5 50
t1    5    2     1.324     0.605   128.343 9830144 0 0 5 49
t1    5    3     1.986     0.907   125.433 16756224 0 0 5 48
t1    5    4     2.647     1.209   122.522 16725248 0 0 5 47
t1    5    5     3.309     1.511   119.612 16711935 0 0 5 46
t1    5    6     3.971     1.814   116.702 16712960 0 0 5 45
t1    5    7     4.633     2.116   113.791 16724992 0 0 5 44
t1    5    8     5.295     2.418   110.881 16744448 0 0 5 43
t1    5    9     5.957     2.720   107.970 16768768 0 0 5 42
t1    5   10     6.619     3.023   105.060 11927296 0 0 5 41
t1    5   11     7.280     3.325   102.149 4587264 0 0 5 40
t1    5   12     7.942     3.627    99.239 65325 0 0 5 39
t1    5   13     8.604     3.929    96.329 65438 0 0 5 38
t1    5   14     9.266     4.232    93.418 62463 0 0 5 37
t1    5   15     9.928     4.534    90.508 36095 0 0 5 36
t1    5   16    10.590     4.836    87.597 11263 0 0 5 35
t1    5   17    11.252     5.138    84.687 3014911 0 0 5 34
t1    5   18    11.913     5.441    81.776 8257791 0 0 5 33
t1    5   19    12.575     5.743    78.866 12910847 0 0 5 32
t1    5   20    13.237     6.045    75.956 16711934 0 0 5 31
t1    5   21    13.899     6.347    73.045 16711885 0 0 5 30
t1    5   22    14.561     6.650    70.135 16711847 0 0 5 29
t1    5   23    15.223     6.952    67.224 16711821 0 0 5 28
t1    5   24    15.885     7.254    64.314 16711808 0 0 5 27
t1    5   25    16.546     7.556    61.403 16711805 0 0 5 26
t1    5   26    17.208     7.859    58.493 16711815 0 0 5 25
t1    5   27    17.870     8.161    55.583 16711837 0 0 5 24
t1    5   28    18.532     8.463    52.672 16711870 0 0 5 23
t1    5   29    19.194     8.766    49.762 16711914 0 0 5 22
t1    5   30    19.856     9.068    46.851 14483711 0 0 5 21
t1    5   31    20.517     9.370    43.941 10158335 0 0 5 20
t1    5   32    21.179     9.672    41.030 5243135 0 0 5 19
t1    5   33    21.841     9.975    38.120 1535 0 0 5 18
t1    5   34    22.503    10.277    35.210 25343 0 0 5 17
t1    5   35    23.165    10.579    32.299 51199 0 0 5 16
t1    5   36    23.827    10.881    29.389 65484 0 0 5 15
t1    5   37    24.489    11.184    26.478 65370 0 0 5 14
t1    5   38    25.150    11.486    23.568 1965824 0 0 5 13
t1    5   39    25.812    11.788    20.657 10026752 0 0 5 12
t1    5   40    26.474    12.090    17.747 16771072 0 0 5 11
t1    5   41    27.136    12.393    14.837 16738304 0 0 5 10
t1    5   42    27.798    12.695    11.926 16718336 0 0 5 9
t1    5   43    28.460    12.997     9.016 16751616 0 0 5 8
t1    5   44    29.122    13.299     6.105 14876416 0 0 5 7
t1    5   45    29.783    13.602     3.195 6553344 0 0 5 6
t1    5   46    30.445    13.904     0.284 65305 0 0 5 5
t1    5   47    31.107    14.206    -2.626 65426 0 0 5 4
t1    5   48    31.769    14.508    -5.536 63999 0 0 5 3
t1    5   49    32.431    14.811    -8.447 35839 0 0 5 2
t1    5   50    33.093    15.113   -11.357 9471 0 0 5 1
t1    6    1     0.720     0.104   131.254 2621184 0 0 6 50
t1    6    2     1.440     0.207   128.343 14089984 0 0 6 49
t1    6    3     2.161     0.311   125.433 16748544 0 0 6 48
t1    6    4     2.881     0.414   122.522 16722176 0 0 6 47
t1    6    5     3.601     0.518   119.612 16712960 0 0 6 46
t1    6    6     4.321     0.621   116.702 16711935 0 0 6 45
t1    6    7     5.041     0.725   113.791 16723200 0 0 6 44
t1    6    8     5.762     0.828   110.881 16741888 0 0 6 43
t1    6    9     6.482     0.932   107.970 16765696 0 0 6 42
t1    6   10     7.202     1.035   105.060 12779264 0 0 6 41
t1    6   11     7.922     1.139   102.149 5504768 0 0 6 40
t1    6   12     8.642     1.243    99.239 65310 0 0 6 39
t1    6   13     9.363     1.346    96.329 65421 0 0 6 38
t1    6   14    10.083     1.450    93.418 65529 0 0 6 37
t1    6   15    10.803     1.553    90.508 40959 0 0 6 36
t1    6   16    11.523     1.657    87.597 16639 0 0 6 35
t1    6   17    12.243     1.760    84.687 1442047 0 0 6 34
t1    6   18    12.964     1.864    81.776 6422783 0 0 6 33
t1    6   19    13.684     1.967    78.866 10748159 0 0 6 32
t1    6   20    14.404     2.071    75.956 14352639 0 0 6 31
t1    6   21    15.124     2.175    73.045 16711927 0 0 6 30
t1    6   22    15.844     2.278    70.135 16711895 0 0 6 29
t1    6   23    16.565     2.382    67.224 16711875 0 0 6 28
t1    6   24    17.285     2.485    64.314 16711867 0 0 6 27
t1    6   25    18.005     2.589    61.403 16711872 0 0 6 26
t1    6   26    18.725     2.692    58.493 16711888 0 0 6 25
t1    6   27    19.445     2.796    55.583 16711916 0 0 6 24
t1    6   28    20.166     2.899    52.672 15335679 0 0 6 23
t1    6   29    20.886     3.003    49.762 12058879 0 0 6 22
t1    6   30    21.606     3.106    46.851 8061183 0 0 6 21
t1    6   31    22.326     3.210    43.941 3342591 0 0 6 20
t1    6   32    23.046     3.314    41.030 7679 0 0 6 19
t1    6   33    23.767     3.417    38.120 30719 0 0 6 18
t1    6   34    24.487     3.521    35.210 55551 0 0 6 17
t1    6   35    25.207     3.624    32.299 65469 0 0 6 16
t1    6   36    25.927     3.728    29.389 65359 0 0 6 15
t1    6   37    26.647     3.831    26.478 2490112 0 0 6 14
t1    6   38    27.368     3.935    23.568 10419968 0 0 6 13
t1    6   39    28.088     4.038    20.657 16770048 0 0 6 12
t1    6   40    28.808     4.142    17.747 16737792 0 0 6 11
t1    6   41    29.528     4.246    14.837 16718336 0 0 6 10
t1    6   42    30.248     4.349    11.926 16751104 0 0 6 9
t1    6   43    30.969     4.453     9.016 15073024 0 0 6 8
t1    6   44    31.689     4.556     6.105 6881024 0 0 6 7
t1    6   45    32.409     4.660     3.195 65299 0 0 6 6
t1    6   46    33.129     4.763     0.284 65418 0 0 6 5
t1    6   47    33.849     4.867    -2.626 65533 0 0 6 4
t1    6   48    34.570     4.970    -5.536 38143 0 0 6 3
t1    6   49    35.290     5.074    -8.447 12031 0 0 6 2
t1    6   50    36.010     5.177   -11.357 3211519 0 0 6 1
t1    7    1     0.720    -0.104   131.254 10223360 0 0 7 50
t1    7    2     1.440    -0.207   128.343 16763648 0 0 7 49
t1    7    3     2.161    -0.311   125.433 16730624 0 0 7 48
t1    7    4     2.881    -0.414   122.522 16715264 0 0 7 47
t1    7    5     3.601    -0.518   119.612 16724992 0 0 7 46
t1    7    6     4.321    -0.621   116.702 16723200 0 0 7 45
t1    7    7     5.041    -0.725   113.791 16711935 0 0 7 44
t1    7    8     5.762    -0.828   110.881 16730368 0 0 7 43
t1    7    9     6.482    -0.932   107.970 16753920 0 0 7 42
t1    7   10     7.202    -1.035   105.060 15793920 0 0 7 41
t1    7   11     7.922    -1.139   102.149 8519424 0 0 7 40
t1    7   12     8.642    -1.243    99.239 1113856 0 0 7 39
t1    7   13     9.363    -1.346    96.329 65376 0 0 7 38
t1    7   14    10.083    -1.450    93.418 65483 0 0 7 37
t1    7   15    10.803    -1.553    90.508 52735 0 0 7 36
t1    7   16    11.523    -1.657    87.597 28927 0 0 7 35
t1    7   17    12.243    -1.760    84.687 7423 0 0 7 34
t1    7   18    12.964    -1.864    81.776 3080447 0 0 7 33
t1    7   19    13.684    -1.967    78.866 7209215 0 0 7 32
t1    7   20    14.404    -2.071    75.956 10551551 0 0 7 31
t1    7   21    15.124    -2.175    73.045 13172991 0 0 7 30
t1    7   22    15.844    -2.278    70.135 14942463 0 0 7 29
t1    7   23    16.565    -2.382    67.224 15991039 0 0 7 28
t1    7   24    17.285    -2.485    64.314 16122111 0 0 7 27
t1    7   25    18.005    -2.589    61.403 15532287 0 0 7 26
t1    7   26    18.725    -2.692    58.493 14090495 0 0 7 25
t1    7   27    19.445    -2.796    55.583 11927807 0 0 7 24
t1    7   28    20.166    -2.899    52.672 8978687 0 0 7 23
t1    7   29    20.886    -3.003    49.762 5308671 0 0 7 22
t1    7   30    21.606    -3.106    46.851 983295 0 0 7 21
t1    7   31    22.326    -3.210    43.941 15615 0 0 7 20
t1    7   32    23.046    -3.314    41.030 37375 0 0 7 19
t1    7   33    23.767    -3.417    38.120 61183 0 0 7 18
t1    7   34    24.487    -3.521    35.210 65451 0 0 7 17
t1    7   35    25.207    -3.624    32.299 65344 0 0 7 16
t1    7   36    25.927    -3.728    29.389 3211008 0 0 7 15
t1    7   37    26.647    -3.831    26.478 10878720 0 0 7 14
t1    7   38    27.368    -3.935    23.568 16769024 0 0 7 13
t1    7   39    28.088    -4.038    20.657 16737280 0 0 7 12
t1    7   40    28.808    -4.142    17.747 16718080 0 0 7 11
t1    7   41    29.528    -4.246    14.837 16750336 0 0 7 10
t1    7   42    30.248    -4.349    11.926 15400704 0 0 7 9
t1    7   43    30.969    -4.453     9.016 7274240 0 0 7 8
t1    7   44    31.689    -4.556     6.105 65291 0 0 7 7
t1    7   45    32.409    -4.660     3.195 65409 0 0 7 6
t1    7   46    33.129    -4.763     0.284 65522 0 0 7 5
t1    7   47    33.849    -4.867    -2.626 41215 0 0 7 4
t1    7   48    34.570    -4.970    -5.536 15103 0 0 7 3
t1    7   49    35.290    -5.074    -8.447 2425087 0 0 7 2
t1    7   50    36.010    -5.177   -11.357 8061183 0 0 7 1
t1    8    1     0.662    -0.302   131.254 16771072 0 0 8 50
t1    8    2     1.324    -0.605   128.343 16735744 0 0 8 49
t1    8    3     1.986    -0.907   125.433 16716800 0 0 8 48
t1    8    4     2.647    -1.209   122.522 16736256 0 0 8 47
t1    8    5     3.309    -1.511   119.612 16744448 0 0 8 46
t1    8    6     3.971    -1.814   116.702 16741888 0 0 8 45
t1    8    7     4.633    -2.116   113.791 16730368 0 0 8 44
t1    8    8     5.295    -2.418   110.881 16711935 0 0 8 43
t1    8    9     5.957    -2.720   107.970 16735232 0 0 8 42
t1    8   10     6.619    -3.023   105.060 16762112 0 0 8 41
t1    8   11     7.280    -3.325   102.149 13238016 0 0 8 40
t1    8   12     7.942    -3.627    99.239 5766912 0 0 8 39
t1    8   13     8.604    -3.929    96.329 65306 0 0 8 38
t1    8   14     9.266    -4.232    93.418 65414 0 0 8 37
t1    8   15     9.928    -4.534    90.508 65515 0 0 8 36
t1    8   16    10.590    -4.836    87.597 46591 0 0 8 35
t1    8   17    11.252    -5.138    84.687 25343 0 0 8 34
t1    8   18    11.913    -5.441    81.776 6655 0 0 8 33
t1    8   19    12.575    -5.743    78.866 2359551 0 0 8 32
t1    8   20    13.237    -6.045    75.956 5570815 0 0 8 31
t1    8   21    13.899    -6.347    73.045 7995647 0 0 8 30
t1    8   22    14.561    -6.650    70.135 9568511 0 0 8 29
t1    8   23    15.223    -6.952    67.224 10354943 0 0 8 28
t1    8   24    15.885    -7.254    64.314 10289407 0 0 8 27
t1    8   25    16.546    -7.556    61.403 9371903 0 0 8 26
t1    8   26    17.208    -7.859    58.493 7667967 0 0 8 25
t1    8   27    17.870    -8.161    55.583 5243135 0 0 8 24
t1    8   28    18.532    -8.463    52.672 2031871 0 0 8 23
t1    8   29    19.194    -8.766    49.762 7679 0 0 8 22
t1    8   30    19.856    -9.068    46.851 25343 0 0 8 21
t1    8   31    20.517    -9.370    43.941 45567 0 0 8 20
t1    8   32    21.179    -9.672    41.030 65525 0 0 8 19
t1    8   33    21.841    -9.975    38.120 65429 0 0 8 18
t1    8   34    22.503   -10.277    35.210 65327 0 0 8 17
t1    8   35    23.165   -10.579    32.299 4062976 0 0 8 16
t1    8   36    23.827   -10.881    29.389 11534080 0 0 8 15
t1    8   37    24.489   -11.184    26.478 16767488 0 0 8 14
t1    8   38    25.150   -11.486    23.568 16736768 0 0 8 13
t1    8   39    25.812   -11.788    20.657 16718080 0 0 8 12
t1    8   40    26.474   -12.090    17.747 16749568 0 0 8 11
t1    8   41    27.136   -12.393    14.837 15728384 0 0 8 10
t1    8   42    27.798   -12.695    11.926 7798528 0 0 8 9
t1    8   43    28.460   -12.997     9.016 65282 0 0 8 8
t1    8   44    29.122   -13.299     6.105 65398 0 0 8 7
t1    8   45    29.783   -13.602     3.195 65510 0 0 8 6
t1    8   46    30.445   -13.904     0.284 44543 0 0 8 5
t1    8   47    31.107   -14.206    -2.626 18943 0 0 8 4
t1    8   48    31.769   -14.508    -5.536 1376511 0 0 8 3
t1    8   49    32.431   -14.811    -8.447 7012607 0 0 8 2
t1    8   50    33.093   -15.113   -11.357 12124415 0 0 8 1
t1    9    1     0.550    -0.476   131.254 16738304 0 0 9 50
t1    9    2     1.100    -0.953   128.343 16717824 0 0 9 49
t1    9    3     1.650    -1.429   125.433 16744448 0 0 9 48
t1    9    4     2.200    -1.906   122.522 16761856 0 0 9 47
t1    9    5     2.749    -2.382   119.612 16768768 0 0 9 46
t1    9    6     3.299    -2.859   116.702 16765696 0 0 9 45
t1    9    7     3.849    -3.335   113.791 16753920 0 0 9 44
t1    9    8     4.399    -3.812   110.881 16735232 0 0 9 43
t1    9    9     4.949    -4.288   107.970 16711935 0 0 9 42
t1    9   10     5.499    -4.765   105.060 16738560 0 0 9 41
t1    9   11     6.049    -5.241   102.149 16767488 0 0 9 40
t1    9   12     6.599    -5.718    99.239 11665152 0 0 9 39
t1    9   13     7.149    -6.194    96.329 4259584 0 0 9 38
t1    9   14     7.698    -6.671    93.418 65326 0 0 9 37
t1    9   15     8.248    -7.147    90.508 65428 0 0 9 36
t1    9   16     8.798    -7.624    87.597 65521 0 0 9 35
t1    9   17     9.348    -8.100    84.687 47615 0 0 9 34
t1    9   18     9.898    -8.577    81.776 29183 0 0 9 33
t1    9   19    10.448    -9.053    78.866 13823 0 0 9 32
t1    9   20    10.998    -9.530    75.956 1535 0 0 9 31
t1    9   21    11.548   -10.006    73.045 1900799 0 0 9 30
t1    9   22    12.098   -10.483    70.135 3342591 0 0 9 29
t1    9   23    12.647   -10.959    67.224 3932415 0 0 9 28
t1    9   24    13.197   -11.436    64.314 3670271 0 0 9 27
t1    9   25    13.747   -11.912    61.403 2621695 0 0 9 26
t1    9   26    14.297   -12.389    58.493 721151 0 0 9 25
t1    9   27    14.847   -12.865    55.583 7935 0 0 9 24
t1    9   28    15.397   -13.341    52.672 21247 0 0 9 23
t1    9   29    15.947   -13.818    49.762 37119 0 0 9 22
t1    9   30    16.497   -14.294    46.851 55551 0 0 9 21
t1    9   31    17.047   -14.771    43.941 65493 0 0 9 20
t1    9   32    17.596   -15.247    41.030 65403 0 0 9 19
t1    9   33    18.146   -15.724    38.120 65306 0 0 9 18
t1    9   34    18.696   -16.200    35.210 5111552 0 0 9 17
t1    9   35    19.246   -16.677    32.299 12254976 0 0 9 16
t1    9   36    19.796   -17.153    29.389 16765696 0 0 9 15
t1    9   37    20.346   -17.630    26.478 16736000 0 0 9 14
t1    9   38    20.896   -18.106    23.568 16717824 0 0 9 13
t1    9   39    21.446   -18.583    20.657 16748544 0 0 9 12
t1    9   40    21.996   -19.059    17.747 16187136 0 0 9 11
t1    9   41    22.545   -19.536    14.837 8388352 0 0 9 10
t1    9   42    23.095   -20.012    11.926 720640 0 0 9 9
t1    9   43    23.645   -20.489     9.016 65384 0 0 9 8
t1    9   44    24.195   -20.965     6.105 65495 0 0 9 7
t1    9   45    24.745   -21.442     3.195 48895 0 0 9 6
t1    9   46    25.295   -21.918     0.284 23295 0 0 9 5
t1    9   47    25.845   -22.395    -2.626 196863 0 0 9 4
t1    9   48    26.395   -22.871    -5.536 5767423 0 0 9 3
t1    9   49    26.945   -23.348    -8.447 10879231 0 0 9 2
t1    9   50    27.494   -23.824   -11.357 15335679 0 0 9 1
t1   10    1     0.393    -0.612   131.254 16718336 0 0 10 50
t1   10    2     0.787    -1.224   128.343 16749568 0 0 10 49
t1   10    3     1.180    -1.836   125.433 16774144 0 0 10 48
t1   10    4     1.573    -2.448   122.522 13500160 0 0 10 47
t1   10    5     1.967    -3.061   119.612 11927296 0 0 10 46
t1   10    6     2.360    -3.673   116.702 12779264 0 0 10 45
t1   10    7     2.754    -4.285   113.791 15793920 0 0 10 44
t1   10    8     3.147    -4.897   110.881 16762112 0 0 10 43
t1   10    9     3.540    -5.509   107.970 16738560 0 0 10 42
t1   10   10     3.934    -6.121   105.060 16711935 0 0 10 41
t1   10   11     4.327    -6.733   102.149 16740608 0 0 10 40
t1   10   12     4.720    -7.345    99.239 16770304 0 0 10 39
t1   10   13     5.114    -7.957    96.329 11009792 0 0 10 38
t1   10   14     5.507    -8.569    93.418 3800832 0 0 10 37
t1   10   15     5.901    -9.182    90.508 65326 0 0 10 36
t1   10   16     6.294    -9.794    87.597 65421 0 0 10 35
t1   10   17     6.687   -10.406    84.687 65504 0 0 10 34
t1   10   18     7.081   -11.018    81.776 55039 0 0 10 33
t1   10   19     7.474   -11.630    78.866 39679 0 0 10 32
t1   10   20     7.867   -12.242    75.956 27647 0 0 10 31
t1   10   21     8.261   -12.854    73.045 18943 0 0 10 30
t1   10   22     8.654   -13.466    70.135 13823 0 0 10 29
t1   10   23     9.048   -14.078    67.224 12031 0 0 10 28
t1   10   24     9.441   -14.690    64.314 13567 0 0 10 27
t1   10   25     9.834   -15.303    61.403 18175 0 0 10 26
t1   10   26    10.228   -15.915    58.493 26111 0 0 10 25
t1   10   27    10.621   -16.527    55.583 37119 0 0 10 24
t1   10   28    11.014   -17.139    52.672 50943 0 0 10 23
t1   10   29    11.408   -17.751    49.762 65528 0 0 10 22
t1   10   30    11.801   -18.363    46.851 65454 0 0 10 21
t1   10   31    12.195   -18.975    43.941 65372 0 0 10 20
t1   10   32    12.588   -19.587    41.030 65282 0 0 10 19
t1   10   33    12.981   -20.199    38.120 6356736 0 0 10 18
t1   10   34    13.375   -20.811    35.210 13106944 0 0 10 17
t1   10   35    13.768   -21.424    32.299 16763648 0 0 10 16
t1   10   36    14.161   -22.036    29.389 16734976 0 0 10 15
t1   10   37    14.555   -22.648    26.478 16717568 0 0 10 14
t1   10   38    14.948   -23.260    23.568 16747264 0 0 10 13
t1   10   39    15.342   -23.872    20.657 16711424 0 0 10 12
t1   10   40    15.735   -24.484    17.747 9109248 0 0 10 11
t1   10   41    16.128   -25.096    14.837 1572608 0 0 10 10
t1   10   42    16.522   -25.708    11.926 65369 0 0 10 9
t1   10   43    16.915   -26.320     9.016 65477 0 0 10 8
t1   10   44    17.308   -26.932     6.105 53759 0 0 10 7
t1   10   45    17.702   -27.545     3.195 28671 0 0 10 6
t1   10   46    18.095   -28.157     0.284 5119 0 0 10 5
t1   10   47    18.489   -28.769    -2.626 4325631 0 0 10 4
t1   10   48    18.882   -29.381    -5.536 9371903 0 0 10 3
t1   10   49    19.275   -29.993    -8.447 13828351 0 0 10 2
t1   10   50    19.669   -30.605   -11.357 16711920 0 0 10 1
t1   11    1     0.205    -0.698   131.254 16751872 0 0 11 50
t1   11    2     0.410    -1.396   128.343 15597312 0 0 11 49
t1   11    3     0.615    -2.094   125.433 9699072 0 0 11 48
t1   11    4     0.820    -2.793   122.522 5963520 0 0 11 47
t1   11    5     1.025    -3.491   119.612 4587264 0 0 11 46
t1   11    6     1.230    -4.189   116.702 5504768 0 0 11 45
t1   11    7     1.435    -4.887   113.791 8519424 0 0 11 44
t1   11    8     1.640    -5.585   110.881 13238016 0 0 11 43
t1   11    9     1.845    -6.283   107.970 16767488 0 0 11 42
t1   11   10     2.050    -6.981   105.060 16740608 0 0 11 41
t1   11   11     2.255    -7.679   102.149 16711935 0 0 11 40
t1   11   12     2.460    -8.378    99.239 16741376 0 0 11 39
t1   11   13     2.665    -9.076    96.329 16770816 0 0 11 38
t1   11   14     2.870    -9.774    93.418 11075328 0 0 11 37
t1   11   15     3.075   -10.472    90.508 4259584 0 0 11 36
t1   11   16     3.280   -11.170    87.597 65311 0 0 11 35
t1   11   17     3.485   -11.868    84.687 65395 0 0 11 34
t1   11   18     3.690   -12.566    81.776 65468 0 0 11 33
t1   11   19     3.895   -13.265    78.866 65528 0 0 11 32
t1   11   20     4.100   -13.963    75.956 55551 0 0 11 31
t1   11   21     4.305   -14.661    73.045 47103 0 0 11 30
t1   11   22     4.510   -15.359    70.135 41983 0 0 11 29
t1   11   23     4.715   -16.057    67.224 40447 0 0 11 28
t1   11   24     4.920   -16.755    64.314 42239 0 0 11 27
t1   11   25     5.125   -17.453    61.403 47359 0 0 11 26
t1   11   26     5.330   -18.151    58.493 55551 0 0 11 25
t1   11   27     5.535   -18.850    55.583 65530 0 0 11 24
t1   11   28     5.740   -19.548    52.672 65475 0 0 11 23
t1   11   29     5.945   -20.246    49.762 65410 0 0 11 22
t1   11   30     6.150   -20.944    46.851 65336 0 0 11 21
t1   11   31     6.355   -21.642    43.941 1834752 0 0 11 20
t1   11   32     6.560   -22.340    41.030 7732992 0 0 11 19
t1   11   33     6.765   -23.038    38.120 14089984 0 0 11 18
t1   11   34     6.970   -23.737    35.210 16761344 0 0 11 17
t1   11   35     7.175   -24.435    32.299 16734208 0 0 11 16
t1   11   36     7.380   -25.133    29.389 16717312 0 0 11 15
t1   11   37     7.585   -25.831    26.478 16745984 0 0 11 14
t1   11   38     7.790   -26.529    23.568 16774912 0 0 11 13
t1   11   39     7.995   -27.227    20.657 9895680 0 0 11 12
t1   11   40     8.200   -27.925    17.747 2621184 0 0 11 11
t1   11   41     8.405   -28.623    14.837 65351 0 0 11 10
t1   11   42     8.610   -29.322    11.926 65457 0 0 11 9
t1   11   43     8.815   -30.020     9.016 59391 0 0 11 8
t1   11   44     9.020   -30.718     6.105 34559 0 0 11 7
t1   11   45     9.225   -31.416     3.195 11519 0 0 11 6
t1   11   46     9.430   -32.114     0.284 2621695 0 0 11 5
t1   11   47     9.635   -32.812    -2.626 7667967 0 0 11 4
t1   11   48     9.840   -33.510    -5.536 12124415 0 0 11 3
t1   11   49    10.045   -34.209    -8.447 15991039 0 0 11 2
t1   11   50    10.250   -34.907   -11.357 16711897 0 0 11 1
t1   12    1     0.000    -0.728   131.254 14614272 0 0 12 50
t1   12    2     0.000    -1.455   128.343 7339776 0 0 12 49
t1   12    3     0.000    -2.183   125.433 1769216 0 0 12 48
t1   12    4     0.000    -2.910   122.522 65307 0 0 12 47
t1   12    5     0.000    -3.638   119.612 65325 0 0 12 46
t1   12    6     0.000    -4.366   116.702 65310 0 0 12 45
t1   12    7     0.000    -5.093   113.791 1113856 0 0 12 44
t1   12    8     0.000    -5.821   110.881 5766912 0 0 12 43
t1   12    9     0.000    -6.548   107.970 11665152 0 0 12 42
t1   12   10     0.000    -7.276   105.060 16770304 0 0 12 41
t1   12   11     0.000    -8.004   102.149 16741376 0 0 12 40
t1   12   12     0.000    -8.731    99.239 16711935 0 0 12 39
t1   12   13     0.000    -9.459    96.329 16741376 0 0 12 38
t1   12   14     0.000   -10.186    93.418 16769792 0 0 12 37
t1   12   15     0.000   -10.914    90.508 11730688 0 0 12 36
t1   12   16     0.000   -11.642    87.597 5504768 0 0 12 35
t1   12   17     0.000   -12.369    84.687 65282 0 0 12 34
t1   12   18     0.000   -13.097    81.776 65355 0 0 12 33
t1   12   19     0.000   -13.825    78.866 65415 0 0 12 32
t1   12   20     0.000   -14.552    75.956 65462 0 0 12 31
t1   12   21     0.000   -15.280    73.045 65495 0 0 12 30
t1   12   22     0.000   -16.007    70.135 65515 0 0 12 29
t1   12   23     0.000   -16.735    67.224 65520 0 0 12 28
t1   12   24     0.000   -17.463    64.314 65513 0 0 12 27
t1   12   25     0.000   -18.190    61.403 65492 0 0 12 26
t1   12   26     0.000   -18.918    58.493 65460 0 0 12 25
t1   12   27     0.000   -19.645    55.583 65415 0 0 12 24
t1   12   28     0.000   -20.373    52.672 65360 0 0 12 23
t1   12   29     0.000   -21.101    49.762 65295 0 0 12 22
t1   12   30     0.000   -21.828    46.851 3931904 0 0 12 21
t1   12   31     0.000   -22.556    43.941 9371392 0 0 12 20
t1   12   32     0.000   -23.283    41.030 15204096 0 0 12 19
t1   12   33     0.000   -24.011    38.120 16758528 0 0 12 18
t1   12   34     0.000   -24.739    35.210 16732928 0 0 12 17
t1   12   35     0.000   -25.466    32.299 16717056 0 0 12 16
t1   12   36     0.000   -26.194    29.389 16744448 0 0 12 15
t1   12   37     0.000   -26.921    26.478 16772096 0 0 12 14
t1   12   38     0.000   -27.649    23.568 10878720 0 0 12 13
t1   12   39     0.000   -28.377    20.657 3800832 0 0 12 12
t1   12   40     0.000   -29.104    17.747 65330 0 0 12 11
t1   12   41     0.000   -29.832    14.837 65434 0 0 12 10
t1   12   42     0.000   -30.559    11.926 65534 0 0 12 9
t1   12   43     0.000   -31.287     9.016 41471 0 0 12 8
t1   12   44     0.000   -32.015     6.105 18687 0 0 12 7
t1   12   45     0.000   -32.742     3.195 721151 0 0 12 6
t1   12   46     0.000   -33.470     0.284 5701887 0 0 12 5
t1   12   47     0.000   -34.198    -2.626 10092799 0 0 12 4
t1   12   48     0.000   -34.925    -5.536 13959423 0 0 12 3
t1   12   49     0.000   -35.653    -8.447 16711927 0 0 12 2
t1   12   50     0.000   -36.380   -11.357 16711887 0 0 12 1
t1   13    1    -0.205    -0.698   131.254 6160128 0 0 13 50
t1   13    2    -0.410    -1.396   128.343 65293 0 0 13 49
t1   13    3    -0.615    -2.094   125.433 65373 0 0 13 48
t1   13    4    -0.820    -2.793   122.522 65422 0 0 13 47
t1   13    5    -1.025    -3.491   119.612 65438 0 0 13 46
t1   13    6    -1.230    -4.189   116.702 65421 0 0 13 45
t1   13    7    -1.435    -4.887   113.791 65376 0 0 13 44
t1   13    8    -1.640    -5.585   110.881 65306 0 0 13 43
t1   13    9    -1.845    -6.283   107.970 4259584 0 0 13 42
t1   13   10    -2.050    -6.981   105.060 11009792 0 0 13 41
t1   13   11    -2.255    -7.679   102.149 16770816 0 0 13 40
t1   13   12    -2.460    -8.378    99.239 16741376 0 0 13 39
t1   13   13    -2.665    -9.076    96.329 16711935 0 0 13 38
t1   13   14    -2.870    -9.774    93.418 16740352 0 0 13 37
t1   13   15    -3.075   -10.472    90.508 16767232 0 0 13 36
t1   13   16    -3.280   -11.170    87.597 12975872 0 0 13 35
t1   13   17    -3.485   -11.868    84.687 7339776 0 0 13 34
t1   13   18    -3.690   -12.566    81.776 2555648 0 0 13 33
t1   13   19    -3.895   -13.265    78.866 65303 0 0 13 32
t1   13   20    -4.100   -13.963    75.956 65350 0 0 13 31
t1   13   21    -4.305   -14.661    73.045 65383 0 0 13 30
t1   13   22    -4.510   -15.359    70.135 65403 0 0 13 29
t1   13   23    -4.715   -16.057    67.224 65408 0 0 13 28
t1   13   24    -4.920   -16.755    64.314 65401 0 0 13 27
t1   13   25    -5.125   -17.453    61.403 65380 0 0 13 26
t1   13   26    -5.330   -18.151    58.493 65348 0 0 13 25
t1   13   27    -5.535   -18.850    55.583 65304 0 0 13 24
t1   13   28    -5.740   -19.548    52.672 2096896 0 0 13 23
t1   13   29    -5.945   -20.246    49.762 6356736 0 0 13 22
t1   13   30    -6.150   -20.944    46.851 11140864 0 0 13 21
t1   13   31    -6.355   -21.642    43.941 16514816 0 0 13 20
t1   13   32    -6.560   -22.340    41.030 16755712 0 0 13 19
t1   13   33    -6.765   -23.038    38.120 16731648 0 0 13 18
t1   13   34    -6.970   -23.737    35.210 16716800 0 0 13 17
t1   13   35    -7.175   -24.435    32.299 16742656 0 0 13 16
t1   13   36    -7.380   -25.133    29.389 16769280 0 0 13 15
t1   13   37    -7.585   -25.831    26.478 11927296 0 0 13 14
t1   13   38    -7.790   -26.529    23.568 5111552 0 0 13 13
t1   13   39    -7.995   -27.227    20.657 65307 0 0 13 12
t1   13   40    -8.200   -27.925    17.747 65407 0 0 13 11
t1   13   41    -8.405   -28.623    14.837 65505 0 0 13 10
t1   13   42    -8.610   -29.322    11.926 49407 0 0 13 9
t1   13   43    -8.815   -30.020     9.016 26879 0 0 13 8
t1   13   44    -9.020   -30.718     6.105 5887 0 0 13 7
t1   13   45    -9.225   -31.416     3.195 3473663 0 0 13 6
t1   13   46    -9.430   -32.114     0.284 7864575 0 0 13 5
t1   13   47    -9.635   -32.812    -2.626 11731199 0 0 13 4
t1   13   48    -9.840   -33.510    -5.536 15007999 0 0 13 3
t1   13   49   -10.045   -34.209    -8.447 16711921 0 0 13 2
t1   13   50   -10.250   -34.907   -11.357 16711890 0 0 13 1
t1   14    1    -0.393    -0.612   131.254 65313 0 0 14 50
t1   14    2    -0.787    -1.224   128.343 65414 0 0 14 49
t1   14    3    -1.180    -1.836   125.433 65489 0 0 14 48
t1   14    4    -1.573    -2.448   122.522 65534 0 0 14 47
t1   14    5    -1.967    -3.061   119.612 62463 0 0 14 46
t1   14    6    -2.360    -3.673   116.702 65529 0 0 14 45
t1   14    7    -2.754    -4.285   113.791 65483 0 0 14 44
t1   14    8    -3.147    -4.897   110.881 65414 0 0 14 43
t1   14    9    -3.540    -5.509   107.970 65326 0 0 14 42
t1   14   10    -3.934    -6.121   105.060 3800832 0 0 14 41
t1   14   11    -4.327    -6.733   102.149 11075328 0 0 14 40
t1   14   12    -4.720    -7.345    99.239 16769792 0 0 14 39
t1   14   13    -5.114    -7.957    96.329 16740352 0 0 14 38
t1   14   14    -5.507    -8.569    93.418 16711935 0 0 14 37
t1   14   15    -5.901    -9.182    90.508 16738560 0 0 14 36
t1   14   16    -6.294    -9.794    87.597 16763392 0 0 14 35
t1   14   17    -6.687   -10.406    84.687 14614272 0 0 14 34
t1   14   18    -7.081   -11.018    81.776 9764608 0 0 14 33
t1   14   19    -7.474   -11.630    78.866 5766912 0 0 14 32
t1   14   20    -7.867   -12.242    75.956 2621184 0 0 14 31
t1   14   21    -8.261   -12.854    73.045 458496 0 0 14 30
t1   14   22    -8.654   -13.466    70.135 65294 0 0 14 29
t1   14   23    -9.048   -14.078    67.224 65300 0 0 14 28
t1   14   24    -9.441   -14.690    64.314 65293 0 0 14 27
t1   14   25    -9.834   -15.303    61.403 524032 0 0 14 26
t1   14   26   -10.228   -15.915    58.493 2621184 0 0 14 25
t1   14   27   -10.621   -16.527    55.583 5504768 0 0 14 24
t1   14   28   -11.014   -17.139    52.672 9043712 0 0 14 23
t1   14   29   -11.408   -17.751    49.762 13172480 0 0 14 22
t1   14   30   -11.801   -18.363    46.851 16772608 0 0 14 21
t1   14   31   -12.195   -18.975    43.941 16752128 0 0 14 20
t1   14   32   -12.588   -19.587    41.030 16730112 0 0 14 19
t1   14   33   -12.981   -20.199    38.120 16716544 0 0 14 18
t1   14   34   -13.375   -20.811    35.210 16740864 0 0 14 17
t1   14   35   -13.768   -21.424    32.299 16765696 0 0 14 16
t1   14   36   -14.161   -22.036    29.389 13106944 0 0 14 15
t1   14   37   -14.555   -22.648    26.478 6553344 0 0 14 14
t1   14   38   -14.948   -23.260    23.568 65280 0 0 14 13
t1   14   39   -15.342   -23.872    20.657 65378 0 0 14 12
t1   14   40   -15.735   -24.484    17.747 65473 0 0 14 11
t1   14   41   -16.128   -25.096    14.837 58111 0 0 14 10
t1   14   42   -16.522   -25.708    11.926 36095 0 0 14 9
t1   14   43   -16.915   -26.320     9.016 15359 0 0 14 8
t1   14   44   -17.308   -26.932     6.105 983295 0 0 14 7
t1   14   45   -17.702   -27.545     3.195 5374207 0 0 14 6
t1   14   46   -18.095   -28.157     0.284 9240831 0 0 14 5
t1   14   47   -18.489   -28.769    -2.626 12517631 0 0 14 4
t1   14   48   -18.882   -29.381    -5.536 15204607 0 0 14 3
t1   14   49   -19.275   -29.993    -8.447 16711927 0 0 14 2
t1   14   50   -19.669   -30.605   -11.357 16711906 0 0 14 1
t1   15    1    -0.550    -0.476   131.254 65435 0 0 15 50
t1   15    2    -1.100    -0.953   128.343 65530 0 0 15 49
t1   15    3    -1.650    -1.429   125.433 48895 0 0 15 48
t1   15    4    -2.200    -1.906   122.522 38655 0 0 15 47
t1   15    5    -2.749    -2.382   119.612 36095 0 0 15 46
t1   15    6    -3.299    -2.859   116.702 40959 0 0 15 45
t1   15    7    -3.849    -3.335   113.791 52735 0 0 15 44
t1   15    8    -4.399    -3.812   110.881 65515 0 0 15 43
t1   15    9    -4.949    -4.288   107.970 65428 0 0 15 42
t1   15   10    -5.499    -4.765   105.060 65326 0 0 15 41
t1   15   11    -6.049    -5.241   102.149 4259584 0 0 15 40
t1   15   12    -6.599    -5.718    99.239 11730688 0 0 15 39
t1   15   13    -7.149    -6.194    96.329 16767232 0 0 15 38
t1   15   14    -7.698    -6.671    93.418 16738560 0 0 15 37
t1   15   15    -8.248    -7.147    90.508 16711935 0 0 15 36
t1   15   16    -8.798    -7.624    87.597 16736512 0 0 15 35
t1   15   17    -9.348    -8.100    84.687 16758528 0 0 15 34
t1   15   18    -9.898    -8.577    81.776 16580352 0 0 15 33
t1   15   19   -10.448    -9.053    78.866 12582656 0 0 15 32
t1   15   20   -10.998    -9.530    75.956 9436928 0 0 15 31
t1   15   21   -11.548   -10.006    73.045 7208704 0 0 15 30
t1   15   22   -12.098   -10.483    70.135 5832448 0 0 15 29
t1   15   23   -12.647   -10.959    67.224 5373696 0 0 15 28
t1   15   24   -13.197   -11.436    64.314 5832448 0 0 15 27
t1   15   25   -13.747   -11.912    61.403 7077632 0 0 15 26
t1   15   26   -14.297   -12.389    58.493 9174784 0 0 15 25
t1   15   27   -14.847   -12.865    55.583 11927296 0 0 15 24
t1   15   28   -15.397   -13.341    52.672 15400704 0 0 15 23
t1   15   29   -15.947   -13.818    49.762 16766464 0 0 15 22
t1   15   30   -16.497   -14.294    46.851 16748544 0 0 15 21
t1   15   31   -17.047   -14.771    43.941 16728576 0 0 15 20
t1   15   32   -17.596   -15.247    41.030 16716032 0 0 15 19
t1   15   33   -18.146   -15.724    38.120 16738560 0 0 15 18
t1   15   34   -18.696   -16.200    35.210 16762112 0 0 15 17
t1   15   35   -19.246   -16.677    32.299 14417664 0 0 15 16
t1   15   36   -19.796   -17.153    29.389 8191744 0 0 15 15
t1   15   37   -20.346   -17.630    26.478 1965824 0 0 15 14
t1   15   38   -20.896   -18.106    23.568 65346 0 0 15 13
t1   15   39   -21.446   -18.583    20.657 65438 0 0 15 12
t1   15   40   -21.996   -19.059    17.747 65526 0 0 15 11
t1   15   41   -22.545   -19.536    14.837 46079 0 0 15 10
t1   15   42   -23.095   -20.012    11.926 25855 0 0 15 9
t1   15   43   -23.645   -20.489     9.016 7167 0 0 15 8
t1   15   44   -24.195   -20.965     6.105 2621695 0 0 15 7
t1   15   45   -24.745   -21.442     3.195 6422783 0 0 15 6
t1   15   46   -25.295   -21.918     0.284 9765119 0 0 15 5
t1   15   47   -25.845   -22.395    -2.626 12452095 0 0 15 4
t1   15   48   -26.395   -22.871    -5.536 14549247 0 0 15 3
t1   15   49   -26.945   -23.348    -8.447 16056575 0 0 15 2
t1   15   50   -27.494   -23.824   -11.357 16711933 0 0 15 1
t1   16    1    -0.662    -0.302   131.254 61183 0 0 16 50
t1   16    2    -1.324    -0.605   128.343 38143 0 0 16 49
t1   16    3    -1.986    -0.907   125.433 21759 0 0 16 48
t1   16    4    -2.647    -1.209   122.522 12799 0 0 16 47
t1   16    5    -3.309    -1.511   119.612 11263 0 0 16 46
t1   16    6    -3.971    -1.814   116.702 16639 0 0 16 45
t1   16    7    -4.633    -2.116   113.791 28927 0 0 16 44
t1   16    8    -5.295    -2.418   110.881 46591 0 0 16 43
t1   16    9    -5.957    -2.720   107.970 65521 0 0 16 42
t1   16   10    -6.619    -3.023   105.060 65421 0 0 16 41
t1   16   11    -7.280    -3.325   102.149 65311 0 0 16 40
t1   16   12    -7.942    -3.627    99.239 5504768 0 0 16 39
t1   16   13    -8.604    -3.929    96.329 12975872 0 0 16 38
t1   16   14    -9.266    -4.232    93.418 16763392 0 0 16 37
t1   16   15    -9.928    -4.534    90.508 16736512 0 0 16 36
t1   16   16   -10.590    -4.836    87.597 16711935 0 0 16 35
t1   16   17   -11.252    -5.138    84.687 16733696 0 0 16 34
t1   16   18   -11.913    -5.441    81.776 16752896 0 0 16 33
t1   16   19   -12.575    -5.743    78.866 16768768 0 0 16 32
t1   16   20   -13.237    -6.045    75.956 15662848 0 0 16 31
t1   16   21   -13.899    -6.347    73.045 13434624 0 0 16 30
t1   16   22   -14.561    -6.650    70.135 12058368 0 0 16 29
t1   16   23   -15.223    -6.952    67.224 11534080 0 0 16 28
t1   16   24   -15.885    -7.254    64.314 11927296 0 0 16 27
t1   16   25   -16.546    -7.556    61.403 13106944 0 0 16 26
t1   16   26   -17.208    -7.859    58.493 15138560 0 0 16 25
t1   16   27   -17.870    -8.161    55.583 16772864 0 0 16 24
t1   16   28   -18.532    -8.463    52.672 16759808 0 0 16 23
t1   16   29   -19.194    -8.766    49.762 16744448 0 0 16 22
t1   16   30   -19.856    -9.068    46.851 16726784 0 0 16 21
t1   16   31   -20.517    -9.370    43.941 16715520 0 0 16 20
t1   16   32   -21.179    -9.672    41.030 16736256 0 0 16 19
t1   16   33   -21.841    -9.975    38.120 16758016 0 0 16 18
t1   16   34   -22.503   -10.277    35.210 15859456 0 0 16 17
t1   16   35   -23.165   -10.579    32.299 9961216 0 0 16 16
t1   16   36   -23.827   -10.881    29.389 4062976 0 0 16 15
t1   16   37   -24.489   -11.184    26.478 65310 0 0 16 14
t1   16   38   -25.150   -11.486    23.568 65398 0 0 16 13
t1   16   39   -25.812   -11.788    20.657 65485 0 0 16 12
t1   16   40   -26.474   -12.090    17.747 57343 0 0 16 11
t1   16   41   -27.136   -12.393    14.837 37375 0 0 16 10
t1   16   42   -27.798   -12.695    11.926 18943 0 0 16 9
t1   16   43   -28.460   -12.997     9.016 2047 0 0 16 8
t1   16   44   -29.122   -13.299     6.105 3342591 0 0 16 7
t1   16   45   -29.783   -13.602     3.195 6684927 0 0 16 6
t1   16   46   -30.445   -13.904     0.284 9437439 0 0 16 5
t1   16   47   -31.107   -14.206    -2.626 11600127 0 0 16 4
t1   16   48   -31.769   -14.508    -5.536 13172991 0 0 16 3
t1   16   49   -32.431   -14.811    -8.447 14090495 0 0 16 2
t1   16   50   -33.093   -15.113   -11.357 14352639 0 0 16 1
t1   17    1    -0.720    -0.104   131.254 32767 0 0 17 50
t1   17    2    -1.440    -0.207   128.343 11519 0 0 17 49
t1   17    3    -2.161    -0.311   125.433 917759 0 0 17 48
t1   17    4    -2.881    -0.414   122.522 2883839 0 0 17 47
t1   17    5    -3.601    -0.518   119.612 3014911 0 0 17 46
t1   17    6    -4.321    -0.621   116.702 1442047 0 0 17 45
t1   17    7    -5.041    -0.725   113.791 7423 0 0 17 44
t1   17    8    -5.762    -0.828   110.881 25343 0 0 17 43
t1   17    9    -6.482    -0.932   107.970 47615 0 0 17 42
t1   17   10    -7.202    -1.035   105.060 65504 0 0 17 41
t1   17   11    -7.922    -1.139   102.149 65395 0 0 17 40
t1   17   12    -8.642    -1.243    99.239 65282 0 0 17 39
t1   17   13    -9.363    -1.346    96.329 7339776 0 0 17 38
t1   17   14   -10.083    -1.450    93.418 14614272 0 0 17 37
t1   17   15   -10.803    -1.553    90.508 16758528 0 0 17 36
t1   17   16   -11.523    -1.657    87.597 16733696 0 0 17 35
t1   17   17   -12.243    -1.760    84.687 16711935 0 0 17 34
t1   17   18   -12.964    -1.864    81.776 16730880 0 0 17 33
t1   17   19   -13.684    -1.967    78.866 16746752 0 0 17 32
t1   17   20   -14.404    -2.071    75.956 16759296 0 0 17 31
t1   17   21   -15.124    -2.175    73.045 16768256 0 0 17 30
t1   17   22   -15.844    -2.278    70.135 16773888 0 0 17 29
t1   17   23   -16.565    -2.382    67.224 16775936 0 0 17 28
t1   17   24   -17.285    -2.485    64.314 16774656 0 0 17 27
t1   17   25   -18.005    -2.589    61.403 16770304 0 0 17 26
t1   17   26   -18.725    -2.692    58.493 16762880 0 0 17 25
t1   17   27   -19.445    -2.796    55.583 16752640 0 0 17 24
t1   17   28   -20.166    -2.899    52.672 16739840 0 0 17 23
t1   17   29   -20.886    -3.003    49.762 16724992 0 0 17 22
t1   17   30   -21.606    -3.106    46.851 16715264 0 0 17 21
t1   17   31   -22.326    -3.210    43.941 16733696 0 0 17 20
t1   17   32   -23.046    -3.314    41.030 16753408 0 0 17 19
t1   17   33   -23.767    -3.417    38.120 16774400 0 0 17 18
t1   17   34   -24.487    -3.521    35.210 11927296 0 0 17 17
t1   17   35   -25.207    -3.624    32.299 6291200 0 0 17 16
t1   17   36   -25.927    -3.728    29.389 655104 0 0 17 15
t1   17   37   -26.647    -3.831    26.478 65356 0 0 17 14
t1   17   38   -27.368    -3.935    23.568 65439 0 0 17 13
t1   17   39   -28.088    -4.038    20.657 65519 0 0 17 12
t1   17   40   -28.808    -4.142    17.747 50175 0 0 17 11
t1   17   41   -29.528    -4.246    14.837 31999 0 0 17 10
t1   17   42   -30.248    -4.349    11.926 15359 0 0 17 9
t1   17   43   -30.969    -4.453     9.016 255 0 0 17 8
t1   17   44   -31.689    -4.556     6.105 3342591 0 0 17 7
t1   17   45   -32.409    -4.660     3.195 6160639 0 0 17 6
t1   17   46   -33.129    -4.763     0.284 8388863 0 0 17 5
t1   17   47   -33.849    -4.867    -2.626 10027263 0 0 17 4
t1   17   48   -34.570    -4.970    -5.536 11075839 0 0 17 3
t1   17   49   -35.290    -5.074    -8.447 11469055 0 0 17 2
t1   17   50   -36.010    -5.177   -11.357 11206911 0 0 17 1
t1   18    1    -0.720     0.104   131.254 5887 0 0 18 50
t1   18    2    -1.440     0.207   128.343 3539199 0 0 18 49
t1   18    3    -2.161     0.311   125.433 6881535 0 0 18 48
t1   18    4    -2.881     0.414   122.522 8454399 0 0 18 47
t1   18    5    -3.601     0.518   119.612 8257791 0 0 18 46
t1   18    6    -4.321     0.621   116.702 6422783 0 0 18 45
t1   18    7    -5.041     0.725   113.791 3080447 0 0 18 44
t1   18    8    -5.762     0.828   110.881 6655 0 0 18 43
t1   18    9    -6.482     0.932   107.970 29183 0 0 18 42
t1   18   10    -7.202     1.035   105.060 55039 0 0 18 41
t1   18   11    -7.922     1.139   102.149 65468 0 0 18 40
t1   18   12    -8.642     1.243    99.239 65355 0 0 18 39
t1   18   13    -9.363     1.346    96.329 2555648 0 0 18 38
t1   18   14   -10.083     1.450    93.418 9764608 0 0 18 37
t1   18   15   -10.803     1.553    90.508 16580352 0 0 18 36
t1   18   16   -11.523     1.657    87.597 16752896 0 0 18 35
t1   18   17   -12.243     1.760    84.687 16730880 0 0 18 34
t1   18   18   -12.964     1.864    81.776 16711935 0 0 18 33
t1   18   19   -13.684     1.967    78.866 16727552 0 0 18 32
t1   18   20   -14.404     2.071    75.956 16740352 0 0 18 31
t1   18   21   -15.124     2.175    73.045 16749312 0 0 18 30
t1   18   22   -15.844     2.278    70.135 16754944 0 0 18 29
t1   18   23   -16.565     2.382    67.224 16757248 0 0 18 28
t1   18   24   -17.285     2.485    64.314 16756224 0 0 18 27
t1   18   25   -18.005     2.589    61.403 16752128 0 0 18 26
t1   18   26   -18.725     2.692    58.493 16744960 0 0 18 25
t1   18   27   -19.445     2.796    55.583 16735232 0 0 18 24
t1   18   28   -20.166     2.899    52.672 16722944 0 0 18 23
t1   18   29   -20.886     3.003    49.762 16714752 0 0 18 22
t1   18   30   -21.606     3.106    46.851 16730880 0 0 18 21
t1   18   31   -22.326     3.210    43.941 16748800 0 0 18 20
t1   18   32   -23.046     3.314    41.030 16767744 0 0 18 19
t1   18   33   -23.767     3.417    38.120 14024448 0 0 18 18
t1   18   34   -24.487     3.521    35.210 8781568 0 0 18 17
t1   18   35   -25.207     3.624    32.299 3473152 0 0 18 16
t1   18   36   -25.927     3.728    29.389 65310 0 0 18 15
t1   18   37   -26.647     3.831    26.478 65390 0 0 18 14
t1   18   38   -27.368     3.935    23.568 65467 0 0 18 13
t1   18   39   -28.088     4.038    20.657 63999 0 0 18 12
t1   18   40   -28.808     4.142    17.747 46079 0 0 18 11
t1   18   41   -29.528     4.246    14.837 29439 0 0 18 10
t1   18   42   -30.248     4.349    11.926 14591 0 0 18 9
t1   18   43   -30.969     4.453     9.016 1535 0 0 18 8
t1   18   44   -31.689     4.556     6.105 2556159 0 0 18 7
t1   18   45   -32.409     4.660     3.195 4849919 0 0 18 6
t1   18   46   -33.129     4.763     0.284 6619391 0 0 18 5
t1   18   47   -33.849     4.867    -2.626 7733503 0 0 18 4
t1   18   48   -34.570     4.970    -5.536 8257791 0 0 18 3
t1   18   49   -35.290     5.074    -8.447 8192255 0 0 18 2
t1   18   50   -36.010     5.177   -11.357 7405823 0 0 18 1
t1   19    1    -0.662     0.302   131.254 4915455 0 0 19 50
t1   19    2    -1.324     0.605   128.343 9371903 0 0 19 49
t1   19    3    -1.986     0.907   125.433 12255487 0 0 19 48
t1   19    4    -2.647     1.209   122.522 13435135 0 0 19 47
t1   19    5    -3.309     1.511   119.612 12910847 0 0 19 46
t1   19    6    -3.971     1.814   116.702 10748159 0 0 19 45
t1   19    7    -4.633     2.116   113.791 7209215 0 0 19 44
t1   19    8    -5.295     2.418   110.881 2359551 0 0 19 43
t1   19    9    -5.957     2.720   107.970 13823 0 0 19 42
t1   19   10    -6.619     3.023   105.060 39679 0 0 19 41
t1   19   11    -7.280     3.325   102.149 65528 0 0 19 40
t1   19   12    -7.942     3.627    99.239 65415 0 0 19 39
t1   19   13    -8.604     3.929    96.329 65303 0 0 19 38
t1   19   14    -9.266     4.232    93.418 5766912 0 0 19 37
t1   19   15    -9.928     4.534    90.508 12582656 0 0 19 36
t1   19   16   -10.590     4.836    87.597 16768768 0 0 19 35
t1   19   17   -11.252     5.138    84.687 16746752 0 0 19 34
t1   19   18   -11.913     5.441    81.776 16727552 0 0 19 33
t1   19   19   -12.575     5.743    78.866 16711935 0 0 19 32
t1   19   20   -13.237     6.045    75.956 16724224 0 0 19 31
t1   19   21   -13.899     6.347    73.045 16733440 0 0 19 30
t1   19   22   -14.561     6.650    70.135 16739328 0 0 19 29
t1   19   23   -15.223     6.952    67.224 16741632 0 0 19 28
t1   19   24   -15.885     7.254    64.314 16740864 0 0 19 27
t1   19   25   -16.546     7.556    61.403 16737024 0 0 19 26
t1   19   26   -17.208     7.859    58.493 16730368 0 0 19 25
t1   19   27   -17.870     8.161    55.583 16720896 0 0 19 24
t1   19   28   -18.532     8.463    52.672 16714240 0 0 19 23
t1   19   29   -19.194     8.766    49.762 16728064 0 0 19 22
t1   19   30   -19.856     9.068    46.851 16743680 0 0 19 21
t1   19   31   -20.517     9.370    43.941 16760576 0 0 19 20
t1   19   32   -21.179     9.672    41.030 16318208 0 0 19 19
t1   19   33   -21.841     9.975    38.120 11403008 0 0 19 18
t1   19   34   -22.503    10.277    35.210 6422272 0 0 19 17
t1   19   35   -23.165    10.579    32.299 1376000 0 0 19 16
t1   19   36   -23.827    10.881    29.389 65336 0 0 19 15
t1   19   37   -24.489    11.184    26.478 65411 0 0 19 14
t1   19   38   -25.150    11.486    23.568 65483 0 0 19 13
t1   19   39   -25.812    11.788    20.657 61183 0 0 19 12
t1   19   40   -26.474    12.090    17.747 45055 0 0 19 11
t1   19   41   -27.136    12.393    14.837 29951 0 0 19 10
t1   19   42   -27.798    12.695    11.926 16895 0 0 19 9
t1   19   43   -28.460    12.997     9.016 5375 0 0 19 8
t1   19   44   -29.122    13.299     6.105 1048831 0 0 19 7
t1   19   45   -29.783    13.602     3.195 2883839 0 0 19 6
t1   19   46   -30.445    13.904     0.284 4194559 0 0 19 5
t1   19   47   -31.107    14.206    -2.626 4849919 0 0 19 4
t1   19   48   -31.769    14.508    -5.536 4915455 0 0 19 3
t1   19   49   -32.431    14.811    -8.447 4325631 0 0 19 2
t1   19   50   -33.093    15.113   -11.357 3145983 0 0 19 1
t1   20    1    -0.550     0.476   131.254 10682623 0 0 20 50
t1   20    2    -1.100     0.953   128.343 14614783 0 0 20 49
t1   20    3    -1.650     1.429   125.433 16711931 0 0 20 48
t1   20    4    -2.200     1.906   122.522 16711920 0 0 20 47
t1   20    5    -2.749     2.382   119.612 16711934 0 0 20 46
t1   20    6    -3.299     2.859   116.702 14352639 0 0 20 45
t1   20    7    -3.849     3.335   113.791 10551551 0 0 20 44
t1   20    8    -4.399     3.812   110.881 5570815 0 0 20 43
t1   20    9    -4.949     4.288   107.970 1535 0 0 20 42
t1   20   10    -5.499     4.765   105.060 27647 0 0 20 41
t1   20   11    -6.049     5.241   102.149 55551 0 0 20 40
t1   20   12    -6.599     5.718    99.239 65462 0 0 20 39
t1   20   13    -7.149     6.194    96.329 65350 0 0 20 38
t1   20   14    -7.698     6.671    93.418 2621184 0 0 20 37
t1   20   15    -8.248     7.147    90.508 9436928 0 0 20 36
t1   20   16    -8.798     7.624    87.597 15662848 0 0 20 35
t1   20   17    -9.348     8.100    84.687 16759296 0 0 20 34
t1   20   18    -9.898     8.577    81.776 16740352 0 0 20 33
t1   20   19   -10.448     9.053    78.866 16724224 0 0 20 32
t1   20   20   -10.998     9.530    75.956 16711935 0 0 20 31
t1   20   21   -11.548    10.006    73.045 16720896 0 0 20 30
t1   20   22   -12.098    10.483    70.135 16726784 0 0 20 29
t1   20   23   -12.647    10.959    67.224 16729344 0 0 20 28
t1   20   24   -13.197    11.436    64.314 16728832 0 0 20 27
t1   20   25   -13.747    11.912    61.403 16725248 0 0 20 26
t1   20   26   -14.297    12.389    58.493 16718592 0 0 20 25
t1   20   27   -14.847    12.865    55.583 16713728 0 0 20 24
t1   20   28   -15.397    13.341    52.672 16724992 0 0 20 23
t1   20   29   -15.947    13.818    49.762 16738304 0 0 20 22
t1   20   30   -16.497    14.294    46.851 16753152 0 0 20 21
t1   20   31   -17.047    14.771    43.941 16769536 0 0 20 20
t1   20   32   -17.596    15.247    41.030 14221056 0 0 20 19
t1   20   33   -18.146    15.724    38.120 9568000 0 0 20 18
t1   20   34   -18.696    16.200    35.210 4849408 0 0 20 17
t1   20   35   -19.246    16.677    32.299 65280 0 0 20 16
t1   20   36   -19.796    17.153    29.389 65351 0 0 20 15
t1   20   37   -20.346    17.630    26.478 65421 0 0 20 14
t1   20   38   -20.896    18.106    23.568 65488 0 0 20 13
t1   20   39   -21.446    18.583    20.657 61439 0 0 20 12
t1   20   40   -21.996    19.059    17.747 46591 0 0 20 11
t1   20   41   -22.545    19.536    14.837 33279 0 0 20 10
t1   20   42   -23.095    20.012    11.926 21759 0 0 20 9
t1   20   43   -23.645    20.489     9.016 12031 0 0 20 8
t1   20   44   -24.195    20.965     6.105 4351 0 0 20 7
t1   20   45   -24.745    21.442     3.195 327935 0 0 20 6
t1   20   46   -25.295    21.918     0.284 1179903 0 0 20 5
t1   20   47   -25.845    22.395    -2.626 1376511 0 0 20 4
t1   20   48   -26.395    22.871    -5.536 1048831 0 0 20 3
t1   20   49   -26.945    23.348    -8.447 255 0 0 20 2
t1   20   50   -27.494    23.824   -11.357 6399 0 0 20 1
t1   21    1    -0.393     0.612   131.254 15925503 0 0 21 50
t1   21    2    -0.787     1.224   128.343 16711896 0 0 21 49
t1   21    3    -1.180     1.836   125.433 16711868 0 0 21 48
t1   21    4    -1.573     2.448   122.522 16711865 0 0 21 47
t1   21    5    -1.967     3.061   119.612 16711885 0 0 21 46
t1   21    6    -2.360     3.673   116.702 16711927 0 0 21 45
t1   21    7    -2.754     4.285   113.791 13172991 0 0 21 44
t1   21    8    -3.147     4.897   110.881 7995647 0 0 21 43
t1   21    9    -3.540     5.509   107.970 1900799 0 0 21 42
t1   21   10    -3.934     6.121   105.060 18943 0 0 21 41
t1   21   11    -4.327     6.733   102.149 47103 0 0 21 40
t1   21   12    -4.720     7.345    99.239 65495 0 0 21 39
t1   21   13    -5.114     7.957    96.329 65383 0 0 21 38
t1   21   14    -5.507     8.569    93.418 458496 0 0 21 37
t1   21   15    -5.901     9.182    90.508 7208704 0 0 21 36
t1   21   16    -6.294     9.794    87.597 13434624 0 0 21 35
t1   21   17    -6.687    10.406    84.687 16768256 0 0 21 34
t1   21   18    -7.081    11.018    81.776 16749312 0 0 21 33
t1   21   19    -7.474    11.630    78.866 16733440 0 0 21 32
t1   21   20    -7.867    12.242    75.956 16720896 0 0 21 31
t1   21   21    -8.261    12.854    73.045 16711935 0 0 21 30
t1   21   22    -8.654    13.466    70.135 16717568 0 0 21 29
t1   21   23    -9.048    14.078    67.224 16720384 0 0 21 28
t1   21   24    -9.441    14.690    64.314 16719872 0 0 21 27
t1   21   25    -9.834    15.303    61.403 16716288 0 0 21 26
t1   21   26   -10.228    15.915    58.493 16713216 0 0 21 25
t1   21   27   -10.621    16.527    55.583 16721664 0 0 21 24
t1   21   28   -11.014    17.139    52.672 16732672 0 0 21 23
t1   21   29   -11.408    17.751    49.762 16745472 0 0 21 22
t1   21   30   -11.801    18.363    46.851 16759808 0 0 21 21
t1   21   31   -12.195    18.975    43.941 16775424 0 0 21 20
t1   21   32   -12.588    19.587    41.030 12910336 0 0 21 19
t1   21   33   -12.981    20.199    38.120 8519424 0 0 21 18
t1   21   34   -13.375    20.811    35.210 4062976 0 0 21 17
t1   21   35   -13.768    21.424    32.299 65288 0 0 21 16
t1   21   36   -14.161    22.036    29.389 65355 0 0 21 15
t1   21   37   -14.555    22.648    26.478 65420 0 0 21 14
t1   21   38   -14.948    23.260    23.568 65482 0 0 21 13
t1   21   39   -15.342    23.872    20.657 64511 0 0 21 12
t1   21   40   -15.735    24.484    17.747 51199 0 0 21 11
t1   21   41   -16.128    25.096    14.837 39167 0 0 21 10
t1   21   42   -16.522    25.708    11.926 29183 0 0 21 9
t1   21   43   -16.915    26.320     9.016 21247 0 0 21 8
t1   21   44   -17.308    26.932     6.105 15103 0 0 21 7
t1   21   45   -17.702    27.545     3.195 11263 0 0 21 6
t1   21   46   -18.095    28.157     0.284 9471 0 0 21 5
t1   21   47   -18.489    28.769    -2.626 10239 0 0 21 4
t1   21   48   -18.882    29.381    -5.536 13311 0 0 21 3
t1   21   49   -19.275    29.993    -8.447 18687 0 0 21 2
t1   21   50   -19.669    30.605   -11.357 26367 0 0 21 1
t1   22    1    -0.205     0.698   131.254 16711877 0 0 22 50
t1   22    2    -0.410     1.396   128.343 16711835 0 0 22 49
t1   22    3    -0.615     2.094   125.433 16711816 0 0 22 48
t1   22    4    -0.820     2.793   122.522 16711820 0 0 22 47
t1   22    5    -1.025     3.491   119.612 16711847 0 0 22 46
t1   22    6    -1.230     4.189   116.702 16711895 0 0 22 45
t1   22    7    -1.435     4.887   113.791 14942463 0 0 22 44
t1   22    8    -1.640     5.585   110.881 9568511 0 0 22 43
t1   22    9    -1.845     6.283   107.970 3342591 0 0 22 42
t1   22   10    -2.050     6.981   105.060 13823 0 0 22 41
t1   22   11    -2.255     7.679   102.149 41983 0 0 22 40
t1   22   12    -2.460     8.378    99.239 65515 0 0 22 39
t1   22   13    -2.665     9.076    96.329 65403 0 0 22 38
t1   22   14    -2.870     9.774    93.418 65294 0 0 22 37
t1   22   15    -3.075    10.472    90.508 5832448 0 0 22 36
t1   22   16    -3.280    11.170    87.597 12058368 0 0 22 35
t1   22   17    -3.485    11.868    84.687 16773888 0 0 22 34
t1   22   18    -3.690    12.566    81.776 16754944 0 0 22 33
t1   22   19    -3.895    13.265    78.866 16739328 0 0 22 32
t1   22   20    -4.100    13.963    75.956 16726784 0 0 22 31
t1   22   21    -4.305    14.661    73.045 16717568 0 0 22 30
t1   22   22    -4.510    15.359    70.135 16711935 0 0 22 29
t1   22   23    -4.715    16.057    67.224 16714496 0 0 22 28
t1   22   24    -4.920    16.755    64.314 16713984 0 0 22 27
t1   22   25    -5.125    17.453    61.403 16712448 0 0 22 26
t1   22   26    -5.330    18.151    58.493 16718336 0 0 22 25
t1   22   27    -5.535    18.850    55.583 16726784 0 0 22 24
t1   22   28    -5.740    19.548    52.672 16737280 0 0 22 23
t1   22   29    -5.945    20.246    49.762 16749568 0 0 22 22
t1   22   30    -6.150    20.944    46.851 16763392 0 0 22 21
t1   22   31    -6.355    21.642    43.941 16449280 0 0 22 20
t1   22   32    -6.560    22.340    41.030 12386048 0 0 22 19
t1   22   33    -6.765    23.038    38.120 8191744 0 0 22 18
t1   22   34    -6.970    23.737    35.210 3931904 0 0 22 17
t1   22   35    -7.175    24.435    32.299 65286 0 0 22 16
t1   22   36    -7.380    25.133    29.389 65349 0 0 22 15
t1   22   37    -7.585    25.831    26.478 65409 0 0 22 14
t1   22   38    -7.790    26.529    23.568 65466 0 0 22 13
t1   22   39    -7.995    27.227    20.657 65518 0 0 22 12
t1   22   40    -8.200    27.925    17.747 57855 0 0 22 11
t1   22   41    -8.405    28.623    14.837 47359 0 0 22 10
t1   22   42    -8.610    29.322    11.926 38911 0 0 22 9
t1   22   43    -8.815    30.020     9.016 32255 0 0 22 8
t1   22   44    -9.020    30.718     6.105 27647 0 0 22 7
t1   22   45    -9.225    31.416     3.195 25343 0 0 22 6
t1   22   46    -9.430    32.114     0.284 25087 0 0 22 5
t1   22   47    -9.635    32.812    -2.626 27135 0 0 22 4
t1   22   48    -9.840    33.510    -5.536 31487 0 0 22 3
t1   22   49   -10.045    34.209    -8.447 38399 0 0 22 2
t1   22   50   -10.250    34.907   -11.357 47359 0 0 22 1
