#    workspaces/376/A+FLY_d_31.dat
t1    1    1     0.000     0.728   131.254 16711935 0 0 1 50
t1    1    2     0.000     1.455   128.343 3407616 0 0 1 49
t1    1    3     0.000     2.183   125.433 65287 0 0 1 48
t1    1    4     0.000     2.910   122.522 3211008 0 0 1 47
t1    1    5     0.000     3.638   119.612 9502464 0 0 1 46
t1    1    6     0.000     4.366   116.702 16775936 0 0 1 45
t1    1    7     0.000     5.093   113.791 16744448 0 0 1 44
t1    1    8     0.000     5.821   110.881 16711680 0 0 1 43
t1    1    9     0.000     6.548   107.970 16744960 0 0 1 42
t1    1   10     0.000     7.276   105.060 16449280 0 0 1 41
t1    1   11     0.000     8.004   102.149 7929600 0 0 1 40
t1    1   12     0.000     8.731    99.239 65286 0 0 1 39
t1    1   13     0.000     9.459    96.329 65409 0 0 1 38
t1    1   14     0.000    10.186    93.418 65527 0 0 1 37
t1    1   15     0.000    10.914    90.508 38655 0 0 1 36
t1    1   16     0.000    11.642    87.597 11519 0 0 1 35
t1    1   17     0.000    12.369    84.687 3539199 0 0 1 34
t1    1   18     0.000    13.097    81.776 9502975 0 0 1 33
t1    1   19     0.000    13.825    78.866 14811391 0 0 1 32
t1    1   20     0.000    14.552    75.956 16711892 0 0 1 31
t1    1   21     0.000    15.280    73.045 16711830 0 0 1 30
t1    1   22     0.000    16.007    70.135 16711778 0 0 1 29
t1    1   23     0.000    16.735    67.224 16711738 0 0 1 28
t1    1   24     0.000    17.463    64.314 16711708 0 0 1 27
t1    1   25     0.000    18.190    61.403 16711691 0 0 1 26
t1    1   26     0.000    18.918    58.493 16711685 0 0 1 25
t1    1   27     0.000    19.645    55.583 16711690 0 0 1 24
t1    1   28     0.000    20.373    52.672 16711707 0 0 1 23
t1    1   29     0.000    21.101    49.762 16711736 0 0 1 22
t1    1   30     0.000    21.828    46.851 16711775 0 0 1 21
t1    1   31     0.000    22.556    43.941 16711826 0 0 1 20
t1    1   32     0.000    23.283    41.030 16711888 0 0 1 19
t1    1   33     0.000    24.011    38.120 15139071 0 0 1 18
t1    1   34     0.000    24.739    35.210 9830655 0 0 1 17
t1    1   35     0.000    25.466    32.299 3932415 0 0 1 16
t1    1   36     0.000    26.194    29.389 9983 0 0 1 15
t1    1   37     0.000    26.921    26.478 37119 0 0 1 14
t1    1   38     0.000    27.649    23.568 65534 0 0 1 13
t1    1   39     0.000    28.377    20.657 65416 0 0 1 12
t1    1   40     0.000    29.104    17.747 65293 0 0 1 11
t1    1   41     0.000    29.832    14.837 7536384 0 0 1 10
t1    1   42     0.000    30.559    11.926 16121600 0 0 1 9
t1    1   43     0.000    31.287     9.016 16745728 0 0 1 8
t1    1   44     0.000    32.015     6.105 16711680 0 0 1 7
t1    1   45     0.000    32.742     3.195 16745728 0 0 1 6
t1    1   46     0.000    33.470     0.284 16121600 0 0 1 5
t1    1   47     0.000    34.198    -2.626 7536384 0 0 1 4
t1    1   48     0.000    34.925    -5.536 65293 0 0 1 3
t1    1   49     0.000    35.653    -8.447 65416 0 0 1 2
t1    1   50     0.000    36.380   -11.357 65534 0 0 1 1
t1    2    1     0.205     0.698   131.254 3407616 0 0 2 50
t1    2    2     0.410     1.396   128.343 16711935 0 0 2 49
t1    2    3     0.615     2.094   125.433 16763136 0 0 2 48
t1    2    4     0.820     2.793   122.522 16772608 0 0 2 47
t1    2    5     1.025     3.491   119.612 16760832 0 0 2 46
t1    2    6     1.230     4.189   116.702 16739072 0 0 2 45
t1    2    7     1.435     4.887   113.791 16711680 0 0 2 44
t1    2    8     1.640     5.585   110.881 16741888 0 0 2 43
t1    2    9     1.845     6.283   107.970 16773376 0 0 2 42
t1    2   10     2.050     6.981   105.060 9502464 0 0 2 41
t1    2   11     2.255     7.679   102.149 1376000 0 0 2 40
t1    2   12     2.460     8.378    99.239 65382 0 0 2 39
t1    2   13     2.665     9.076    96.329 65500 0 0 2 38
t1    2   14     2.870     9.774    93.418 45823 0 0 2 37
t1    2   15     3.075    10.472    90.508 18431 0 0 2 36
t1    2   16     3.280    11.170    87.597 1900799 0 0 2 35
t1    2   17     3.485    11.868    84.687 7864575 0 0 2 34
t1    2   18     3.690    12.566    81.776 13304063 0 0 2 33
t1    2   19     3.895    13.265    78.866 16711914 0 0 2 32
t1    2   20     4.100    13.963    75.956 16711851 0 0 2 31
t1    2   21     4.305    14.661    73.045 16711798 0 0 2 30
t1    2   22     4.510    15.359    70.135 16711756 0 0 2 29
t1    2   23     4.715    16.057    67.224 16711726 0 0 2 28
t1    2   24     4.920    16.755    64.314 16711707 0 0 2 27
t1    2   25     5.125    17.453    61.403 16711699 0 0 2 26
t1    2   26     5.330    18.151    58.493 16711704 0 0 2 25
t1    2   27     5.535    18.850    55.583 16711720 0 0 2 24
t1    2   28     5.740    19.548    52.672 16711747 0 0 2 23
t1    2   29     5.945    20.246    49.762 16711786 0 0 2 22
t1    2   30     6.150    20.944    46.851 16711836 0 0 2 21
t1    2   31     6.355    21.642    43.941 16711896 0 0 2 20
t1    2   32     6.560    22.340    41.030 14680319 0 0 2 19
t1    2   33     6.765    23.038    38.120 9371903 0 0 2 18
t1    2   34     6.970    23.737    35.210 3539199 0 0 2 17
t1    2   35     7.175    24.435    32.299 11263 0 0 2 16
t1    2   36     7.380    25.133    29.389 38143 0 0 2 15
t1    2   37     7.585    25.831    26.478 65531 0 0 2 14
t1    2   38     7.790    26.529    23.568 65413 0 0 2 13
t1    2   39     7.995    27.227    20.657 65291 0 0 2 12
t1    2   40     8.200    27.925    17.747 7667456 0 0 2 11
t1    2   41     8.405    28.623    14.837 16187136 0 0 2 10
t1    2   42     8.610    29.322    11.926 16745728 0 0 2 9
t1    2   43     8.815    30.020     9.016 16711680 0 0 2 8
t1    2   44     9.020    30.718     6.105 16745728 0 0 2 7
t1    2   45     9.225    31.416     3.195 16121600 0 0 2 6
t1    2   46     9.430    32.114     0.284 7667456 0 0 2 5
t1    2   47     9.635    32.812    -2.626 65291 0 0 2 4
t1    2   48     9.840    33.510    -5.536 65414 0 0 2 3
t1    2   49    10.045    34.209    -8.447 65532 0 0 2 2
t1    2   50    10.250    34.907   -11.357 37375 0 0 2 1
t1    3    1     0.393     0.612   131.254 65287 0 0 3 50
t1    3    2     0.787     1.224   128.343 16763136 0 0 3 49
t1    3    3     1.180     1.836   125.433 16711935 0 0 3 48
t1    3    4     1.573     2.448   122.522 16730624 0 0 3 47
t1    3    5     1.967     3.061   119.612 16727808 0 0 3 46
t1    3    6     2.360     3.673   116.702 16711680 0 0 3 45
t1    3    7     2.754     4.285   113.791 16735232 0 0 3 44
t1    3    8     3.147     4.897   110.881 16762880 0 0 3 43
t1    3    9     3.540     5.509   107.970 12713728 0 0 3 42
t1    3   10     3.934     6.121   105.060 4849408 0 0 3 41
t1    3   11     4.327     6.733   102.149 65327 0 0 3 40
t1    3   12     4.720     7.345    99.239 65445 0 0 3 39
t1    3   13     5.114     7.957    96.329 59391 0 0 3 38
t1    3   14     5.507     8.569    93.418 31743 0 0 3 37
t1    3   15     5.901     9.182    90.508 5631 0 0 3 36
t1    3   16     6.294     9.794    87.597 4718847 0 0 3 35
t1    3   17     6.687    10.406    84.687 10354943 0 0 3 34
t1    3   18     7.081    11.018    81.776 15270143 0 0 3 33
t1    3   19     7.474    11.630    78.866 16711891 0 0 3 32
t1    3   20     7.867    12.242    75.956 16711836 0 0 3 31
t1    3   21     8.261    12.854    73.045 16711791 0 0 3 30
t1    3   22     8.654    13.466    70.135 16711758 0 0 3 29
t1    3   23     9.048    14.078    67.224 16711737 0 0 3 28
t1    3   24     9.441    14.690    64.314 16711727 0 0 3 27
t1    3   25     9.834    15.303    61.403 16711729 0 0 3 26
t1    3   26    10.228    15.915    58.493 16711743 0 0 3 25
t1    3   27    10.621    16.527    55.583 16711768 0 0 3 24
t1    3   28    11.014    17.139    52.672 16711805 0 0 3 23
t1    3   29    11.408    17.751    49.762 16711853 0 0 3 22
t1    3   30    11.801    18.363    46.851 16711911 0 0 3 21
t1    3   31    12.195    18.975    43.941 13762815 0 0 3 20
t1    3   32    12.588    19.587    41.030 8651007 0 0 3 19
t1    3   33    12.981    20.199    38.120 2883839 0 0 3 18
t1    3   34    13.375    20.811    35.210 13567 0 0 3 17
t1    3   35    13.768    21.424    32.299 39935 0 0 3 16
t1    3   36    14.161    22.036    29.389 65524 0 0 3 15
t1    3   37    14.555    22.648    26.478 65408 0 0 3 14
t1    3   38    14.948    23.260    23.568 65287 0 0 3 13
t1    3   39    15.342    23.872    20.657 7864064 0 0 3 12
t1    3   40    15.735    24.484    17.747 16252672 0 0 3 11
t1    3   41    16.128    25.096    14.837 16745472 0 0 3 10
t1    3   42    16.522    25.708    11.926 16711680 0 0 3 9
t1    3   43    16.915    26.320     9.016 16745472 0 0 3 8
t1    3   44    17.308    26.932     6.105 16252672 0 0 3 7
t1    3   45    17.702    27.545     3.195 7798528 0 0 3 6
t1    3   46    18.095    28.157     0.284 65289 0 0 3 5
t1    3   47    18.489    28.769    -2.626 65411 0 0 3 4
t1    3   48    18.882    29.381    -5.536 65529 0 0 3 3
t1    3   49    19.275    29.993    -8.447 38399 0 0 3 2
t1    3   50    19.669    30.605   -11.357 11519 0 0 3 1
t1    4    1     0.550     0.476   131.254 3211008 0 0 4 50
t1    4    2     1.100     0.953   128.343 16772608 0 0 4 49
t1    4    3     1.650     1.429   125.433 16730624 0 0 4 48
t1    4    4     2.200     1.906   122.522 16711935 0 0 4 47
t1    4    5     2.749     2.382   119.612 16711680 0 0 4 46
t1    4    6     3.299     2.859   116.702 16724736 0 0 4 45
t1    4    7     3.849     3.335   113.791 16746240 0 0 4 44
t1    4    8     4.399     3.812   110.881 16772608 0 0 4 43
t1    4    9     4.949     4.288   107.970 10485504 0 0 4 42
t1    4   10     5.499     4.765   105.060 2817792 0 0 4 41
t1    4   11     6.049     5.241   102.149 65356 0 0 4 40
t1    4   12     6.599     5.718    99.239 65472 0 0 4 39
t1    4   13     7.149     6.194    96.329 53247 0 0 4 38
t1    4   14     7.698     6.671    93.418 26111 0 0 4 37
t1    4   15     8.248     7.147    90.508 1279 0 0 4 36
t1    4   16     8.798     7.624    87.597 5636351 0 0 4 35
t1    4   17     9.348     8.100    84.687 10879231 0 0 4 34
t1    4   18     9.898     8.577    81.776 15466751 0 0 4 33
t1    4   19    10.448     9.053    78.866 16711894 0 0 4 32
t1    4   20    10.998     9.530    75.956 16711846 0 0 4 31
t1    4   21    11.548    10.006    73.045 16711809 0 0 4 30
t1    4   22    12.098    10.483    70.135 16711783 0 0 4 29
t1    4   23    12.647    10.959    67.224 16711770 0 0 4 28
t1    4   24    13.197    11.436    64.314 16711768 0 0 4 27
t1    4   25    13.747    11.912    61.403 16711778 0 0 4 26
t1    4   26    14.297    12.389    58.493 16711800 0 0 4 25
t1    4   27    14.847    12.865    55.583 16711834 0 0 4 24
t1    4   28    15.397    13.341    52.672 16711879 0 0 4 23
t1    4   29    15.947    13.818    49.762 16711934 0 0 4 22
t1    4   30    16.497    14.294    46.851 12452095 0 0 4 21
t1    4   31    17.047    14.771    43.941 7471359 0 0 4 20
t1    4   32    17.596    15.247    41.030 1900799 0 0 4 19
t1    4   33    18.146    15.724    38.120 16895 0 0 4 18
t1    4   34    18.696    16.200    35.210 42751 0 0 4 17
t1    4   35    19.246    16.677    32.299 65515 0 0 4 16
t1    4   36    19.796    17.153    29.389 65401 0 0 4 15
t1    4   37    20.346    17.630    26.478 65281 0 0 4 14
t1    4   38    20.896    18.106    23.568 8126208 0 0 4 13
t1    4   39    21.446    18.583    20.657 16449280 0 0 4 12
t1    4   40    21.996    19.059    17.747 16745216 0 0 4 11
t1    4   41    22.545    19.536    14.837 16711680 0 0 4 10
t1    4   42    23.095    20.012    11.926 16745216 0 0 4 9
t1    4   43    23.645    20.489     9.016 16383744 0 0 4 8
t1    4   44    24.195    20.965     6.105 7929600 0 0 4 7
t1    4   45    24.745    21.442     3.195 65285 0 0 4 6
t1    4   46    25.295    21.918     0.284 65407 0 0 4 5
t1    4   47    25.845    22.395    -2.626 65524 0 0 4 4
t1    4   48    26.395    22.871    -5.536 39935 0 0 4 3
t1    4   49    26.945    23.348    -8.447 13055 0 0 4 2
t1    4   50    27.494    23.824   -11.357 3145983 0 0 4 1
t1    5    1     0.662     0.302   131.254 9502464 0 0 5 50
t1    5    2     1.324     0.605   128.343 16760832 0 0 5 49
t1    5    3     1.986     0.907   125.433 16727808 0 0 5 48
t1    5    4     2.647     1.209   122.522 16711680 0 0 5 47
t1    5    5     3.309     1.511   119.612 16711935 0 0 5 46
t1    5    6     3.971     1.814   116.702 16723968 0 0 5 45
t1    5    7     4.633     2.116   113.791 16744448 0 0 5 44
t1    5    8     5.295     2.418   110.881 16770304 0 0 5 43
t1    5    9     5.957     2.720   107.970 11075328 0 0 5 42
t1    5   10     6.619     3.023   105.060 3407616 0 0 5 41
t1    5   11     7.280     3.325   102.149 65347 0 0 5 40
t1    5   12     7.942     3.627    99.239 65462 0 0 5 39
t1    5   13     8.604     3.929    96.329 55807 0 0 5 38
t1    5   14     9.266     4.232    93.418 29183 0 0 5 37
t1    5   15     9.928     4.534    90.508 4607 0 0 5 36
t1    5   16    10.590     4.836    87.597 4522239 0 0 5 35
t1    5   17    11.252     5.138    84.687 9568511 0 0 5 34
t1    5   18    11.913     5.441    81.776 13893887 0 0 5 33
t1    5   19    12.575     5.743    78.866 16711924 0 0 5 32
t1    5   20    13.237     6.045    75.956 16711881 0 0 5 31
t1    5   21    13.899     6.347    73.045 16711849 0 0 5 30
t1    5   22    14.561     6.650    70.135 16711830 0 0 5 29
t1    5   23    15.223     6.952    67.224 16711823 0 0 5 28
t1    5   24    15.885     7.254    64.314 16711829 0 0 5 27
t1    5   25    16.546     7.556    61.403 16711846 0 0 5 26
t1    5   26    17.208     7.859    58.493 16711875 0 0 5 25
t1    5   27    17.870     8.161    55.583 16711915 0 0 5 24
t1    5   28    18.532     8.463    52.672 14614783 0 0 5 23
t1    5   29    19.194     8.766    49.762 10551551 0 0 5 22
t1    5   30    19.856     9.068    46.851 5832959 0 0 5 21
t1    5   31    20.517     9.370    43.941 459007 0 0 5 20
t1    5   32    21.179     9.672    41.030 21503 0 0 5 19
t1    5   33    21.841     9.975    38.120 46847 0 0 5 18
t1    5   34    22.503    10.277    35.210 65503 0 0 5 17
t1    5   35    23.165    10.579    32.299 65391 0 0 5 16
t1    5   36    23.827    10.881    29.389 524032 0 0 5 15
t1    5   37    24.489    11.184    26.478 8453888 0 0 5 14
t1    5   38    25.150    11.486    23.568 16645888 0 0 5 13
t1    5   39    25.812    11.788    20.657 16744704 0 0 5 12
t1    5   40    26.474    12.090    17.747 16711680 0 0 5 11
t1    5   41    27.136    12.393    14.837 16744704 0 0 5 10
t1    5   42    27.798    12.695    11.926 16580352 0 0 5 9
t1    5   43    28.460    12.997     9.016 8257280 0 0 5 8
t1    5   44    29.122    13.299     6.105 65280 0 0 5 7
t1    5   45    29.783    13.602     3.195 65401 0 0 5 6
t1    5   46    30.445    13.904     0.284 65517 0 0 5 5
t1    5   47    31.107    14.206    -2.626 41727 0 0 5 4
t1    5   48    31.769    14.508    -5.536 15103 0 0 5 3
t1    5   49    32.431    14.811    -8.447 2621695 0 0 5 2
t1    5   50    33.093    15.113   -11.357 8454399 0 0 5 1
t1    6    1     0.720     0.104   131.254 16775936 0 0 6 50
t1    6    2     1.440     0.207   128.343 16739072 0 0 6 49
t1    6    3     2.161     0.311   125.433 16711680 0 0 6 48
t1    6    4     2.881     0.414   122.522 16724736 0 0 6 47
t1    6    5     3.601     0.518   119.612 16723968 0 0 6 46
t1    6    6     4.321     0.621   116.702 16711935 0 0 6 45
t1    6    7     5.041     0.725   113.791 16732160 0 0 6 44
t1    6    8     5.762     0.828   110.881 16758016 0 0 6 43
t1    6    9     6.482     0.932   107.970 14221056 0 0 6 42
t1    6   10     7.202     1.035   105.060 6422272 0 0 6 41
t1    6   11     7.922     1.139   102.149 65302 0 0 6 40
t1    6   12     8.642     1.243    99.239 65419 0 0 6 39
t1    6   13     9.363     1.346    96.329 65530 0 0 6 38
t1    6   14    10.083     1.450    93.418 40191 0 0 6 37
t1    6   15    10.803     1.553    90.508 15871 0 0 6 36
t1    6   16    11.523     1.657    87.597 1638655 0 0 6 35
t1    6   17    12.243     1.760    84.687 6488319 0 0 6 34
t1    6   18    12.964     1.864    81.776 10617087 0 0 6 33
t1    6   19    13.684     1.967    78.866 13959423 0 0 6 32
t1    6   20    14.404     2.071    75.956 16515327 0 0 6 31
t1    6   21    15.124     2.175    73.045 16711911 0 0 6 30
t1    6   22    15.844     2.278    70.135 16711897 0 0 6 29
t1    6   23    16.565     2.382    67.224 16711895 0 0 6 28
t1    6   24    17.285     2.485    64.314 16711906 0 0 6 27
t1    6   25    18.005     2.589    61.403 16711929 0 0 6 26
t1    6   26    18.725     2.692    58.493 14811391 0 0 6 25
t1    6   27    19.445     2.796    55.583 11796735 0 0 6 24
t1    6   28    20.166     2.899    52.672 8061183 0 0 6 23
t1    6   29    20.886     3.003    49.762 3670271 0 0 6 22
t1    6   30    21.606     3.106    46.851 5631 0 0 6 21
t1    6   31    22.326     3.210    43.941 27903 0 0 6 20
t1    6   32    23.046     3.314    41.030 51967 0 0 6 19
t1    6   33    23.767     3.417    38.120 65486 0 0 6 18
t1    6   34    24.487     3.521    35.210 65378 0 0 6 17
t1    6   35    25.207     3.624    32.299 1179392 0 0 6 16
t1    6   36    25.927     3.728    29.389 8912640 0 0 6 15
t1    6   37    26.647     3.831    26.478 16776192 0 0 6 14
t1    6   38    27.368     3.935    23.568 16744192 0 0 6 13
t1    6   39    28.088     4.038    20.657 16711680 0 0 6 12
t1    6   40    28.808     4.142    17.747 16744192 0 0 6 11
t1    6   41    29.528     4.246    14.837 16776960 0 0 6 10
t1    6   42    30.248     4.349    11.926 8584960 0 0 6 9
t1    6   43    30.969     4.453     9.016 524032 0 0 6 8
t1    6   44    31.689     4.556     6.105 65393 0 0 6 7
t1    6   45    32.409     4.660     3.195 65508 0 0 6 6
t1    6   46    33.129     4.763     0.284 44287 0 0 6 5
t1    6   47    33.849     4.867    -2.626 17663 0 0 6 4
t1    6   48    34.570     4.970    -5.536 1900799 0 0 6 3
t1    6   49    35.290     5.074    -8.447 7667967 0 0 6 2
t1    6   50    36.010     5.177   -11.357 12976383 0 0 6 1
t1    7    1     0.720    -0.104   131.254 16744448 0 0 7 50
t1    7    2     1.440    -0.207   128.343 16711680 0 0 7 49
t1    7    3     2.161    -0.311   125.433 16735232 0 0 7 48
t1    7    4     2.881    -0.414   122.522 16746240 0 0 7 47
t1    7    5     3.601    -0.518   119.612 16744448 0 0 7 46
t1    7    6     4.321    -0.621   116.702 16732160 0 0 7 45
t1    7    7     5.041    -0.725   113.791 16711935 0 0 7 44
t1    7    8     5.762    -0.828   110.881 16737792 0 0 7 43
t1    7    9     6.482    -0.932   107.970 16766976 0 0 7 42
t1    7   10     7.202    -1.035   105.060 11403008 0 0 7 41
t1    7   11     7.922    -1.139   102.149 3473152 0 0 7 40
t1    7   12     8.642    -1.243    99.239 65347 0 0 7 39
t1    7   13     9.363    -1.346    96.329 65460 0 0 7 38
t1    7   14    10.083    -1.450    93.418 57855 0 0 7 37
t1    7   15    10.803    -1.553    90.508 33279 0 0 7 36
t1    7   16    11.523    -1.657    87.597 11519 0 0 7 35
t1    7   17    12.243    -1.760    84.687 1900799 0 0 7 34
t1    7   18    12.964    -1.864    81.776 5964031 0 0 7 33
t1    7   19    13.684    -1.967    78.866 9175295 0 0 7 32
t1    7   20    14.404    -2.071    75.956 11534591 0 0 7 31
t1    7   21    15.124    -2.175    73.045 13041919 0 0 7 30
t1    7   22    15.844    -2.278    70.135 13762815 0 0 7 29
t1    7   23    16.565    -2.382    67.224 13566207 0 0 7 28
t1    7   24    17.285    -2.485    64.314 12583167 0 0 7 27
t1    7   25    18.005    -2.589    61.403 10813695 0 0 7 26
t1    7   26    18.725    -2.692    58.493 8257791 0 0 7 25
t1    7   27    19.445    -2.796    55.583 4915455 0 0 7 24
t1    7   28    20.166    -2.899    52.672 917759 0 0 7 23
t1    7   29    20.886    -3.003    49.762 14847 0 0 7 22
t1    7   30    21.606    -3.106    46.851 35583 0 0 7 21
t1    7   31    22.326    -3.210    43.941 58623 0 0 7 20
t1    7   32    23.046    -3.314    41.030 65465 0 0 7 19
t1    7   33    23.767    -3.417    38.120 65361 0 0 7 18
t1    7   34    24.487    -3.521    35.210 1965824 0 0 7 17
t1    7   35    25.207    -3.624    32.299 9502464 0 0 7 16
t1    7   36    25.927    -3.728    29.389 16774656 0 0 7 15
t1    7   37    26.647    -3.831    26.478 16743424 0 0 7 14
t1    7   38    27.368    -3.935    23.568 16711680 0 0 7 13
t1    7   39    28.088    -4.038    20.657 16743680 0 0 7 12
t1    7   40    28.808    -4.142    17.747 16775680 0 0 7 11
t1    7   41    29.528    -4.246    14.837 8978176 0 0 7 10
t1    7   42    30.248    -4.349    11.926 1048320 0 0 7 9
t1    7   43    30.969    -4.453     9.016 65383 0 0 7 8
t1    7   44    31.689    -4.556     6.105 65497 0 0 7 7
t1    7   45    32.409    -4.660     3.195 47359 0 0 7 6
t1    7   46    33.129    -4.763     0.284 20991 0 0 7 5
t1    7   47    33.849    -4.867    -2.626 983295 0 0 7 4
t1    7   48    34.570    -4.970    -5.536 6750463 0 0 7 3
t1    7   49    35.290    -5.074    -8.447 11993343 0 0 7 2
t1    7   50    36.010    -5.177   -11.357 16646399 0 0 7 1
t1    8    1     0.662    -0.302   131.254 16711680 0 0 8 50
t1    8    2     1.324    -0.605   128.343 16741888 0 0 8 49
t1    8    3     1.986    -0.907   125.433 16762880 0 0 8 48
t1    8    4     2.647    -1.209   122.522 16772608 0 0 8 47
t1    8    5     3.309    -1.511   119.612 16770304 0 0 8 46
t1    8    6     3.971    -1.814   116.702 16758016 0 0 8 45
t1    8    7     4.633    -2.116   113.791 16737792 0 0 8 44
t1    8    8     5.295    -2.418   110.881 16711935 0 0 8 43
t1    8    9     5.957    -2.720   107.970 16741120 0 0 8 42
t1    8   10     6.619    -3.023   105.060 16772352 0 0 8 41
t1    8   11     7.280    -3.325   102.149 9830144 0 0 8 40
t1    8   12     7.942    -3.627    99.239 1900288 0 0 8 39
t1    8   13     8.604    -3.929    96.329 65367 0 0 8 38
t1    8   14     9.266    -4.232    93.418 65474 0 0 8 37
t1    8   15     9.928    -4.534    90.508 56319 0 0 8 36
t1    8   16    10.590    -4.836    87.597 34303 0 0 8 35
t1    8   17    11.252    -5.138    84.687 15615 0 0 8 34
t1    8   18    11.913    -5.441    81.776 65791 0 0 8 33
t1    8   19    12.575    -5.743    78.866 3211519 0 0 8 32
t1    8   20    13.237    -6.045    75.956 5505279 0 0 8 31
t1    8   21    13.899    -6.347    73.045 6881535 0 0 8 30
t1    8   22    14.561    -6.650    70.135 7405823 0 0 8 29
t1    8   23    15.223    -6.952    67.224 7012607 0 0 8 28
t1    8   24    15.885    -7.254    64.314 5832959 0 0 8 27
t1    8   25    16.546    -7.556    61.403 3866879 0 0 8 26
t1    8   26    17.208    -7.859    58.493 1114367 0 0 8 25
t1    8   27    17.870    -8.161    55.583 9727 0 0 8 24
t1    8   28    18.532    -8.463    52.672 26111 0 0 8 23
t1    8   29    19.194    -8.766    49.762 45311 0 0 8 22
t1    8   30    19.856    -9.068    46.851 65531 0 0 8 21
t1    8   31    20.517    -9.370    43.941 65439 0 0 8 20
t1    8   32    21.179    -9.672    41.030 65341 0 0 8 19
t1    8   33    21.841    -9.975    38.120 3014400 0 0 8 18
t1    8   34    22.503   -10.277    35.210 10288896 0 0 8 17
t1    8   35    23.165   -10.579    32.299 16772864 0 0 8 16
t1    8   36    23.827   -10.881    29.389 16742656 0 0 8 15
t1    8   37    24.489   -11.184    26.478 16711680 0 0 8 14
t1    8   38    25.150   -11.486    23.568 16742912 0 0 8 13
t1    8   39    25.812   -11.788    20.657 16774144 0 0 8 12
t1    8   40    26.474   -12.090    17.747 9502464 0 0 8 11
t1    8   41    27.136   -12.393    14.837 1703680 0 0 8 10
t1    8   42    27.798   -12.695    11.926 65371 0 0 8 9
t1    8   43    28.460   -12.997     9.016 65484 0 0 8 8
t1    8   44    29.122   -13.299     6.105 51199 0 0 8 7
t1    8   45    29.783   -13.602     3.195 25087 0 0 8 6
t1    8   46    30.445   -13.904     0.284 767 0 0 8 5
t1    8   47    31.107   -14.206    -2.626 5636351 0 0 8 4
t1    8   48    31.769   -14.508    -5.536 10879231 0 0 8 3
t1    8   49    32.431   -14.811    -8.447 15466751 0 0 8 2
t1    8   50    33.093   -15.113   -11.357 16711893 0 0 8 1
t1    9    1     0.550    -0.476   131.254 16744960 0 0 9 50
t1    9    2     1.100    -0.953   128.343 16773376 0 0 9 49
t1    9    3     1.650    -1.429   125.433 12713728 0 0 9 48
t1    9    4     2.200    -1.906   122.522 10485504 0 0 9 47
t1    9    5     2.749    -2.382   119.612 11075328 0 0 9 46
t1    9    6     3.299    -2.859   116.702 14221056 0 0 9 45
t1    9    7     3.849    -3.335   113.791 16766976 0 0 9 44
t1    9    8     4.399    -3.812   110.881 16741120 0 0 9 43
t1    9    9     4.949    -4.288   107.970 16711935 0 0 9 42
t1    9   10     5.499    -4.765   105.060 16743168 0 0 9 41
t1    9   11     6.049    -5.241   102.149 16775168 0 0 9 40
t1    9   12     6.599    -5.718    99.239 9174784 0 0 9 39
t1    9   13     7.149    -6.194    96.329 1507072 0 0 9 38
t1    9   14     7.698    -6.671    93.418 65367 0 0 9 37
t1    9   15     8.248    -7.147    90.508 65465 0 0 9 36
t1    9   16     8.798    -7.624    87.597 61183 0 0 9 35
t1    9   17     9.348    -8.100    84.687 41983 0 0 9 34
t1    9   18     9.898    -8.577    81.776 26367 0 0 9 33
t1    9   19    10.448    -9.053    78.866 14079 0 0 9 32
t1    9   20    10.998    -9.530    75.956 5631 0 0 9 31
t1    9   21    11.548   -10.006    73.045 511 0 0 9 30
t1    9   22    12.098   -10.483    70.135 327935 0 0 9 29
t1    9   23    12.647   -10.959    67.224 767 0 0 9 28
t1    9   24    13.197   -11.436    64.314 5887 0 0 9 27
t1    9   25    13.747   -11.912    61.403 14079 0 0 9 26
t1    9   26    14.297   -12.389    58.493 25599 0 0 9 25
t1    9   27    14.847   -12.865    55.583 39935 0 0 9 24
t1    9   28    15.397   -13.341    52.672 56831 0 0 9 23
t1    9   29    15.947   -13.818    49.762 65493 0 0 9 22
t1    9   30    16.497   -14.294    46.851 65409 0 0 9 21
t1    9   31    17.047   -14.771    43.941 65316 0 0 9 20
t1    9   32    17.596   -15.247    41.030 4194048 0 0 9 19
t1    9   33    18.146   -15.724    38.120 11140864 0 0 9 18
t1    9   34    18.696   -16.200    35.210 16770816 0 0 9 17
t1    9   35    19.246   -16.677    32.299 16741632 0 0 9 16
t1    9   36    19.796   -17.153    29.389 16711680 0 0 9 15
t1    9   37    20.346   -17.630    26.478 16741888 0 0 9 14
t1    9   38    20.896   -18.106    23.568 16772352 0 0 9 13
t1    9   39    21.446   -18.583    20.657 10157824 0 0 9 12
t1    9   40    21.996   -19.059    17.747 2490112 0 0 9 11
t1    9   41    22.545   -19.536    14.837 65357 0 0 9 10
t1    9   42    23.095   -20.012    11.926 65468 0 0 9 9
t1    9   43    23.645   -20.489     9.016 55551 0 0 9 8
t1    9   44    24.195   -20.965     6.105 29951 0 0 9 7
t1    9   45    24.745   -21.442     3.195 5631 0 0 9 6
t1    9   46    25.295   -21.918     0.284 4325631 0 0 9 5
t1    9   47    25.845   -22.395    -2.626 9502975 0 0 9 4
t1    9   48    26.395   -22.871    -5.536 14090495 0 0 9 3
t1    9   49    26.945   -23.348    -8.447 16711914 0 0 9 2
t1    9   50    27.494   -23.824   -11.357 16711863 0 0 9 1
t1   10    1     0.393    -0.612   131.254 16449280 0 0 10 50
t1   10    2     0.787    -1.224   128.343 9502464 0 0 10 49
t1   10    3     1.180    -1.836   125.433 4849408 0 0 10 48
t1   10    4     1.573    -2.448   122.522 2817792 0 0 10 47
t1   10    5     1.967    -3.061   119.612 3407616 0 0 10 46
t1   10    6     2.360    -3.673   116.702 6422272 0 0 10 45
t1   10    7     2.754    -4.285   113.791 11403008 0 0 10 44
t1   10    8     3.147    -4.897   110.881 16772352 0 0 10 43
t1   10    9     3.540    -5.509   107.970 16743168 0 0 10 42
t1   10   10     3.934    -6.121   105.060 16711935 0 0 10 41
t1   10   11     4.327    -6.733   102.149 16743936 0 0 10 40
t1   10   12     4.720    -7.345    99.239 16775680 0 0 10 39
t1   10   13     5.114    -7.957    96.329 9305856 0 0 10 38
t1   10   14     5.507    -8.569    93.418 2096896 0 0 10 37
t1   10   15     5.901    -9.182    90.508 65350 0 0 10 36
t1   10   16     6.294    -9.794    87.597 65438 0 0 10 35
t1   10   17     6.687   -10.406    84.687 65513 0 0 10 34
t1   10   18     7.081   -11.018    81.776 55295 0 0 10 33
t1   10   19     7.474   -11.630    78.866 43007 0 0 10 32
t1   10   20     7.867   -12.242    75.956 34303 0 0 10 31
t1   10   21     8.261   -12.854    73.045 29439 0 0 10 30
t1   10   22     8.654   -13.466    70.135 27903 0 0 10 29
t1   10   23     9.048   -14.078    67.224 29951 0 0 10 28
t1   10   24     9.441   -14.690    64.314 35327 0 0 10 27
t1   10   25     9.834   -15.303    61.403 44031 0 0 10 26
t1   10   26    10.228   -15.915    58.493 55807 0 0 10 25
t1   10   27    10.621   -16.527    55.583 65516 0 0 10 24
t1   10   28    11.014   -17.139    52.672 65449 0 0 10 23
t1   10   29    11.408   -17.751    49.762 65372 0 0 10 22
t1   10   30    11.801   -18.363    46.851 65287 0 0 10 21
t1   10   31    12.195   -18.975    43.941 5635840 0 0 10 20
t1   10   32    12.588   -19.587    41.030 12123904 0 0 10 19
t1   10   33    12.981   -20.199    38.120 16768256 0 0 10 18
t1   10   34    13.375   -20.811    35.210 16740352 0 0 10 17
t1   10   35    13.768   -21.424    32.299 16711680 0 0 10 16
t1   10   36    14.161   -22.036    29.389 16740864 0 0 10 15
t1   10   37    14.555   -22.648    26.478 16770560 0 0 10 14
t1   10   38    14.948   -23.260    23.568 10878720 0 0 10 13
t1   10   39    15.342   -23.872    20.657 3407616 0 0 10 12
t1   10   40    15.735   -24.484    17.747 65341 0 0 10 11
t1   10   41    16.128   -25.096    14.837 65449 0 0 10 10
t1   10   42    16.522   -25.708    11.926 60927 0 0 10 9
t1   10   43    16.915   -26.320     9.016 35327 0 0 10 8
t1   10   44    17.308   -26.932     6.105 11519 0 0 10 7
t1   10   45    17.702   -27.545     3.195 2752767 0 0 10 6
t1   10   46    18.095   -28.157     0.284 7864575 0 0 10 5
t1   10   47    18.489   -28.769    -2.626 12452095 0 0 10 4
t1   10   48    18.882   -29.381    -5.536 16449791 0 0 10 3
t1   10   49    19.275   -29.993    -8.447 16711887 0 0 10 2
t1   10   50    19.669   -30.605   -11.357 16711846 0 0 10 1
t1   11    1     0.205    -0.698   131.254 7929600 0 0 11 50
t1   11    2     0.410    -1.396   128.343 1376000 0 0 11 49
t1   11    3     0.615    -2.094   125.433 65327 0 0 11 48
t1   11    4     0.820    -2.793   122.522 65356 0 0 11 47
t1   11    5     1.025    -3.491   119.612 65347 0 0 11 46
t1   11    6     1.230    -4.189   116.702 65302 0 0 11 45
t1   11    7     1.435    -4.887   113.791 3473152 0 0 11 44
t1   11    8     1.640    -5.585   110.881 9830144 0 0 11 43
t1   11    9     1.845    -6.283   107.970 16775168 0 0 11 42
t1   11   10     2.050    -6.981   105.060 16743936 0 0 11 41
t1   11   11     2.255    -7.679   102.149 16711935 0 0 11 40
t1   11   12     2.460    -8.378    99.239 16743680 0 0 11 39
t1   11   13     2.665    -9.076    96.329 16774400 0 0 11 38
t1   11   14     2.870    -9.774    93.418 10157824 0 0 11 37
t1   11   15     3.075   -10.472    90.508 3473152 0 0 11 36
t1   11   16     3.280   -11.170    87.597 65318 0 0 11 35
t1   11   17     3.485   -11.868    84.687 65395 0 0 11 34
t1   11   18     3.690   -12.566    81.776 65457 0 0 11 33
t1   11   19     3.895   -13.265    78.866 65506 0 0 11 32
t1   11   20     4.100   -13.963    75.956 64255 0 0 11 31
t1   11   21     4.305   -14.661    73.045 59135 0 0 11 30
t1   11   22     4.510   -15.359    70.135 57855 0 0 11 29
t1   11   23     4.715   -16.057    67.224 59903 0 0 11 28
t1   11   24     4.920   -16.755    64.314 65535 0 0 11 27
t1   11   25     5.125   -17.453    61.403 65501 0 0 11 26
t1   11   26     5.330   -18.151    58.493 65455 0 0 11 25
t1   11   27     5.535   -18.850    55.583 65398 0 0 11 24
t1   11   28     5.740   -19.548    52.672 65330 0 0 11 23
t1   11   29     5.945   -20.246    49.762 1769216 0 0 11 22
t1   11   30     6.150   -20.944    46.851 7339776 0 0 11 21
t1   11   31     6.355   -21.642    43.941 13369088 0 0 11 20
t1   11   32     6.560   -22.340    41.030 16765440 0 0 11 19
t1   11   33     6.765   -23.038    38.120 16739072 0 0 11 18
t1   11   34     6.970   -23.737    35.210 16711680 0 0 11 17
t1   11   35     7.175   -24.435    32.299 16739584 0 0 11 16
t1   11   36     7.380   -25.133    29.389 16768000 0 0 11 15
t1   11   37     7.585   -25.831    26.478 11730688 0 0 11 14
t1   11   38     7.790   -26.529    23.568 4521728 0 0 11 13
t1   11   39     7.995   -27.227    20.657 65321 0 0 11 12
t1   11   40     8.200   -27.925    17.747 65427 0 0 11 11
t1   11   41     8.405   -28.623    14.837 65530 0 0 11 10
t1   11   42     8.610   -29.322    11.926 41983 0 0 11 9
t1   11   43     8.815   -30.020     9.016 18431 0 0 11 8
t1   11   44     9.020   -30.718     6.105 917759 0 0 11 7
t1   11   45     9.225   -31.416     3.195 6029567 0 0 11 6
t1   11   46     9.430   -32.114     0.284 10617087 0 0 11 5
t1   11   47     9.635   -32.812    -2.626 14614783 0 0 11 4
t1   11   48     9.840   -33.510    -5.536 16711916 0 0 11 3
t1   11   49    10.045   -34.209    -8.447 16711874 0 0 11 2
t1   11   50    10.250   -34.907   -11.357 16711842 0 0 11 1
t1   12    1     0.000    -0.728   131.254 65286 0 0 12 50
t1   12    2     0.000    -1.455   128.343 65382 0 0 12 49
t1   12    3     0.000    -2.183   125.433 65445 0 0 12 48
t1   12    4     0.000    -2.910   122.522 65472 0 0 12 47
t1   12    5     0.000    -3.638   119.612 65462 0 0 12 46
t1   12    6     0.000    -4.366   116.702 65419 0 0 12 45
t1   12    7     0.000    -5.093   113.791 65347 0 0 12 44
t1   12    8     0.000    -5.821   110.881 1900288 0 0 12 43
t1   12    9     0.000    -6.548   107.970 9174784 0 0 12 42
t1   12   10     0.000    -7.276   105.060 16775680 0 0 12 41
t1   12   11     0.000    -8.004   102.149 16743680 0 0 12 40
t1   12   12     0.000    -8.731    99.239 16711935 0 0 12 39
t1   12   13     0.000    -9.459    96.329 16742400 0 0 12 38
t1   12   14     0.000   -10.186    93.418 16771328 0 0 12 37
t1   12   15     0.000   -10.914    90.508 11468544 0 0 12 36
t1   12   16     0.000   -11.642    87.597 5504768 0 0 12 35
t1   12   17     0.000   -12.369    84.687 392960 0 0 12 34
t1   12   18     0.000   -13.097    81.776 65338 0 0 12 33
t1   12   19     0.000   -13.825    78.866 65388 0 0 12 32
t1   12   20     0.000   -14.552    75.956 65423 0 0 12 31
t1   12   21     0.000   -15.280    73.045 65443 0 0 12 30
t1   12   22     0.000   -16.007    70.135 65449 0 0 12 29
t1   12   23     0.000   -16.735    67.224 65440 0 0 12 28
t1   12   24     0.000   -17.463    64.314 65419 0 0 12 27
t1   12   25     0.000   -18.190    61.403 65385 0 0 12 26
t1   12   26     0.000   -18.918    58.493 65339 0 0 12 25
t1   12   27     0.000   -19.645    55.583 65283 0 0 12 24
t1   12   28     0.000   -20.373    52.672 4259584 0 0 12 23
t1   12   29     0.000   -21.101    49.762 9240320 0 0 12 22
t1   12   30     0.000   -21.828    46.851 14679808 0 0 12 21
t1   12   31     0.000   -22.556    43.941 16761856 0 0 12 20
t1   12   32     0.000   -23.283    41.030 16737280 0 0 12 19
t1   12   33     0.000   -24.011    38.120 16711680 0 0 12 18
t1   12   34     0.000   -24.739    35.210 16738304 0 0 12 17
t1   12   35     0.000   -25.466    32.299 16765440 0 0 12 16
t1   12   36     0.000   -26.194    29.389 12713728 0 0 12 15
t1   12   37     0.000   -26.921    26.478 5701376 0 0 12 14
t1   12   38     0.000   -27.649    23.568 65299 0 0 12 13
t1   12   39     0.000   -28.377    20.657 65403 0 0 12 12
t1   12   40     0.000   -29.104    17.747 65503 0 0 12 11
t1   12   41     0.000   -29.832    14.837 49407 0 0 12 10
t1   12   42     0.000   -30.559    11.926 26111 0 0 12 9
t1   12   43     0.000   -31.287     9.016 4607 0 0 12 8
t1   12   44     0.000   -32.015     6.105 3932415 0 0 12 7
t1   12   45     0.000   -32.742     3.195 8454399 0 0 12 6
t1   12   46     0.000   -33.470     0.284 12452095 0 0 12 5
t1   12   47     0.000   -34.198    -2.626 15859967 0 0 12 4
t1   12   48     0.000   -34.925    -5.536 16711906 0 0 12 3
t1   12   49     0.000   -35.653    -8.447 16711874 0 0 12 2
t1   12   50     0.000   -36.380   -11.357 16711852 0 0 12 1
t1   13    1    -0.205    -0.698   131.254 65409 0 0 13 50
t1   13    2    -0.410    -1.396   128.343 65500 0 0 13 49
t1   13    3    -0.615    -2.094   125.433 59391 0 0 13 48
t1   13    4    -0.820    -2.793   122.522 53247 0 0 13 47
t1   13    5    -1.025    -3.491   119.612 55807 0 0 13 46
t1   13    6    -1.230    -4.189   116.702 65530 0 0 13 45
t1   13    7    -1.435    -4.887   113.791 65460 0 0 13 44
t1   13    8    -1.640    -5.585   110.881 65367 0 0 13 43
t1   13    9    -1.845    -6.283   107.970 1507072 0 0 13 42
t1   13   10    -2.050    -6.981   105.060 9305856 0 0 13 41
t1   13   11    -2.255    -7.679   102.149 16774400 0 0 13 40
t1   13   12    -2.460    -8.378    99.239 16742400 0 0 13 39
t1   13   13    -2.665    -9.076    96.329 16711935 0 0 13 38
t1   13   14    -2.870    -9.774    93.418 16740608 0 0 13 37
t1   13   15    -3.075   -10.472    90.508 16767232 0 0 13 36
t1   13   16    -3.280   -11.170    87.597 13303552 0 0 13 35
t1   13   17    -3.485   -11.868    84.687 8126208 0 0 13 34
t1   13   18    -3.690   -12.566    81.776 3866368 0 0 13 33
t1   13   19    -3.895   -13.265    78.866 589568 0 0 13 32
t1   13   20    -4.100   -13.963    75.956 65308 0 0 13 31
t1   13   21    -4.305   -14.661    73.045 65329 0 0 13 30
t1   13   22    -4.510   -15.359    70.135 65335 0 0 13 29
t1   13   23    -4.715   -16.057    67.224 65328 0 0 13 28
t1   13   24    -4.920   -16.755    64.314 65307 0 0 13 27
t1   13   25    -5.125   -17.453    61.403 458496 0 0 13 26
t1   13   26    -5.330   -18.151    58.493 3407616 0 0 13 25
t1   13   27    -5.535   -18.850    55.583 7077632 0 0 13 24
t1   13   28    -5.740   -19.548    52.672 11337472 0 0 13 23
t1   13   29    -5.945   -20.246    49.762 16252672 0 0 13 22
t1   13   30    -6.150   -20.944    46.851 16758272 0 0 13 21
t1   13   31    -6.355   -21.642    43.941 16735488 0 0 13 20
t1   13   32    -6.560   -22.340    41.030 16711680 0 0 13 19
t1   13   33    -6.765   -23.038    38.120 16736768 0 0 13 18
t1   13   34    -6.970   -23.737    35.210 16762368 0 0 13 17
t1   13   35    -7.175   -24.435    32.299 13827840 0 0 13 16
t1   13   36    -7.380   -25.133    29.389 7077632 0 0 13 15
t1   13   37    -7.585   -25.831    26.478 392960 0 0 13 14
t1   13   38    -7.790   -26.529    23.568 65375 0 0 13 13
t1   13   39    -7.995   -27.227    20.657 65472 0 0 13 12
t1   13   40    -8.200   -27.925    17.747 57599 0 0 13 11
t1   13   41    -8.405   -28.623    14.837 35071 0 0 13 10
t1   13   42    -8.610   -29.322    11.926 13823 0 0 13 9
t1   13   43    -8.815   -30.020     9.016 1507583 0 0 13 8
t1   13   44    -9.020   -30.718     6.105 6029567 0 0 13 7
t1   13   45    -9.225   -31.416     3.195 10027263 0 0 13 6
t1   13   46    -9.430   -32.114     0.284 13435135 0 0 13 5
t1   13   47    -9.635   -32.812    -2.626 16253183 0 0 13 4
t1   13   48    -9.840   -33.510    -5.536 16711909 0 0 13 3
t1   13   49   -10.045   -34.209    -8.447 16711886 0 0 13 2
t1   13   50   -10.250   -34.907   -11.357 16711874 0 0 13 1
t1   14    1    -0.393    -0.612   131.254 65527 0 0 14 50
t1   14    2    -0.787    -1.224   128.343 45823 0 0 14 49
t1   14    3    -1.180    -1.836   125.433 31743 0 0 14 48
t1   14    4    -1.573    -2.448   122.522 26111 0 0 14 47
t1   14    5    -1.967    -3.061   119.612 29183 0 0 14 46
t1   14    6    -2.360    -3.673   116.702 40191 0 0 14 45
t1   14    7    -2.754    -4.285   113.791 57855 0 0 14 44
t1   14    8    -3.147    -4.897   110.881 65474 0 0 14 43
t1   14    9    -3.540    -5.509   107.970 65367 0 0 14 42
t1   14   10    -3.934    -6.121   105.060 2096896 0 0 14 41
t1   14   11    -4.327    -6.733   102.149 10157824 0 0 14 40
t1   14   12    -4.720    -7.345    99.239 16771328 0 0 14 39
t1   14   13    -5.114    -7.957    96.329 16740608 0 0 14 38
t1   14   14    -5.507    -8.569    93.418 16711935 0 0 14 37
t1   14   15    -5.901    -9.182    90.508 16738304 0 0 14 36
t1   14   16    -6.294    -9.794    87.597 16761856 0 0 14 35
t1   14   17    -6.687   -10.406    84.687 15400704 0 0 14 34
t1   14   18    -7.081   -11.018    81.776 11140864 0 0 14 33
t1   14   19    -7.474   -11.630    78.866 7732992 0 0 14 32
t1   14   20    -7.867   -12.242    75.956 5373696 0 0 14 31
t1   14   21    -8.261   -12.854    73.045 3931904 0 0 14 30
t1   14   22    -8.654   -13.466    70.135 3473152 0 0 14 29
t1   14   23    -9.048   -14.078    67.224 3866368 0 0 14 28
t1   14   24    -9.441   -14.690    64.314 5177088 0 0 14 27
t1   14   25    -9.834   -15.303    61.403 7274240 0 0 14 26
t1   14   26   -10.228   -15.915    58.493 10157824 0 0 14 25
t1   14   27   -10.621   -16.527    55.583 13696768 0 0 14 24
t1   14   28   -11.014   -17.139    52.672 16772608 0 0 14 23
t1   14   29   -11.408   -17.751    49.762 16753920 0 0 14 22
t1   14   30   -11.801   -18.363    46.851 16733696 0 0 14 21
t1   14   31   -12.195   -18.975    43.941 16711680 0 0 14 20
t1   14   32   -12.588   -19.587    41.030 16734976 0 0 14 19
t1   14   33   -12.981   -20.199    38.120 16759040 0 0 14 18
t1   14   34   -13.375   -20.811    35.210 15073024 0 0 14 17
t1   14   35   -13.768   -21.424    32.299 8650496 0 0 14 16
t1   14   36   -14.161   -22.036    29.389 2227968 0 0 14 15
t1   14   37   -14.555   -22.648    26.478 65343 0 0 14 14
t1   14   38   -14.948   -23.260    23.568 65438 0 0 14 13
t1   14   39   -15.342   -23.872    20.657 65529 0 0 14 12
t1   14   40   -15.735   -24.484    17.747 44799 0 0 14 11
t1   14   41   -16.128   -25.096    14.837 24063 0 0 14 10
t1   14   42   -16.522   -25.708    11.926 4607 0 0 14 9
t1   14   43   -16.915   -26.320     9.016 3342591 0 0 14 8
t1   14   44   -17.308   -26.932     6.105 7340287 0 0 14 7
t1   14   45   -17.702   -27.545     3.195 10748159 0 0 14 6
t1   14   46   -18.095   -28.157     0.284 13566207 0 0 14 5
t1   14   47   -18.489   -28.769    -2.626 15794431 0 0 14 4
t1   14   48   -18.882   -29.381    -5.536 16711925 0 0 14 3
t1   14   49   -19.275   -29.993    -8.447 16711911 0 0 14 2
t1   14   50   -19.669   -30.605   -11.357 16711907 0 0 14 1
t1   15    1    -0.550    -0.476   131.254 38655 0 0 15 50
t1   15    2    -1.100    -0.953   128.343 18431 0 0 15 49
t1   15    3    -1.650    -1.429   125.433 5631 0 0 15 48
t1   15    4    -2.200    -1.906   122.522 1279 0 0 15 47
t1   15    5    -2.749    -2.382   119.612 4607 0 0 15 46
t1   15    6    -3.299    -2.859   116.702 15871 0 0 15 45
t1   15    7    -3.849    -3.335   113.791 33279 0 0 15 44
t1   15    8    -4.399    -3.812   110.881 56319 0 0 15 43
t1   15    9    -4.949    -4.288   107.970 65465 0 0 15 42
t1   15   10    -5.499    -4.765   105.060 65350 0 0 15 41
t1   15   11    -6.049    -5.241   102.149 3473152 0 0 15 40
t1   15   12    -6.599    -5.718    99.239 11468544 0 0 15 39
t1   15   13    -7.149    -6.194    96.329 16767232 0 0 15 38
t1   15   14    -7.698    -6.671    93.418 16738304 0 0 15 37
t1   15   15    -8.248    -7.147    90.508 16711935 0 0 15 36
t1   15   16    -8.798    -7.624    87.597 16735488 0 0 15 35
t1   15   17    -9.348    -8.100    84.687 16755968 0 0 15 34
t1   15   18    -9.898    -8.577    81.776 16772864 0 0 15 33
t1   15   19   -10.448    -9.053    78.866 14417664 0 0 15 32
t1   15   20   -10.998    -9.530    75.956 11992832 0 0 15 31
t1   15   21   -11.548   -10.006    73.045 10485504 0 0 15 30
t1   15   22   -12.098   -10.483    70.135 9961216 0 0 15 29
t1   15   23   -12.647   -10.959    67.224 10288896 0 0 15 28
t1   15   24   -13.197   -11.436    64.314 11534080 0 0 15 27
t1   15   25   -13.747   -11.912    61.403 13565696 0 0 15 26
t1   15   26   -14.297   -12.389    58.493 16318208 0 0 15 25
t1   15   27   -14.847   -12.865    55.583 16765184 0 0 15 24
t1   15   28   -15.397   -13.341    52.672 16749312 0 0 15 23
t1   15   29   -15.947   -13.818    49.762 16731392 0 0 15 22
t1   15   30   -16.497   -14.294    46.851 16711680 0 0 15 21
t1   15   31   -17.047   -14.771    43.941 16732928 0 0 15 20
t1   15   32   -17.596   -15.247    41.030 16755200 0 0 15 19
t1   15   33   -18.146   -15.724    38.120 16449280 0 0 15 18
t1   15   34   -18.696   -16.200    35.210 10354432 0 0 15 17
t1   15   35   -19.246   -16.677    32.299 4259584 0 0 15 16
t1   15   36   -19.796   -17.153    29.389 65309 0 0 15 15
t1   15   37   -20.346   -17.630    26.478 65400 0 0 15 14
t1   15   38   -20.896   -18.106    23.568 65488 0 0 15 13
t1   15   39   -21.446   -18.583    20.657 55807 0 0 15 12
t1   15   40   -21.996   -19.059    17.747 35327 0 0 15 11
t1   15   41   -22.545   -19.536    14.837 16383 0 0 15 10
t1   15   42   -23.095   -20.012    11.926 327935 0 0 15 9
t1   15   43   -23.645   -20.489     9.016 4325631 0 0 15 8
t1   15   44   -24.195   -20.965     6.105 7733503 0 0 15 7
t1   15   45   -24.745   -21.442     3.195 10617087 0 0 15 6
t1   15   46   -25.295   -21.918     0.284 12910847 0 0 15 5
t1   15   47   -25.845   -22.395    -2.626 14549247 0 0 15 4
t1   15   48   -26.395   -22.871    -5.536 15597823 0 0 15 3
t1   15   49   -26.945   -23.348    -8.447 15925503 0 0 15 2
t1   15   50   -27.494   -23.824   -11.357 15597823 0 0 15 1
t1   16    1    -0.662    -0.302   131.254 11519 0 0 16 50
t1   16    2    -1.324    -0.605   128.343 1900799 0 0 16 49
t1   16    3    -1.986    -0.907   125.433 4718847 0 0 16 48
t1   16    4    -2.647    -1.209   122.522 5636351 0 0 16 47
t1   16    5    -3.309    -1.511   119.612 4522239 0 0 16 46
t1   16    6    -3.971    -1.814   116.702 1638655 0 0 16 45
t1   16    7    -4.633    -2.116   113.791 11519 0 0 16 44
t1   16    8    -5.295    -2.418   110.881 34303 0 0 16 43
t1   16    9    -5.957    -2.720   107.970 61183 0 0 16 42
t1   16   10    -6.619    -3.023   105.060 65438 0 0 16 41
t1   16   11    -7.280    -3.325   102.149 65318 0 0 16 40
t1   16   12    -7.942    -3.627    99.239 5504768 0 0 16 39
t1   16   13    -8.604    -3.929    96.329 13303552 0 0 16 38
t1   16   14    -9.266    -4.232    93.418 16761856 0 0 16 37
t1   16   15    -9.928    -4.534    90.508 16735488 0 0 16 36
t1   16   16   -10.590    -4.836    87.597 16711935 0 0 16 35
t1   16   17   -11.252    -5.138    84.687 16732160 0 0 16 34
t1   16   18   -11.913    -5.441    81.776 16749312 0 0 16 33
t1   16   19   -12.575    -5.743    78.866 16762624 0 0 16 32
t1   16   20   -13.237    -6.045    75.956 16772352 0 0 16 31
t1   16   21   -13.899    -6.347    73.045 16383744 0 0 16 30
t1   16   22   -14.561    -6.650    70.135 15793920 0 0 16 29
t1   16   23   -15.223    -6.952    67.224 16056064 0 0 16 28
t1   16   24   -15.885    -7.254    64.314 16775424 0 0 16 27
t1   16   25   -16.546    -7.556    61.403 16767744 0 0 16 26
t1   16   26   -17.208    -7.859    58.493 16757248 0 0 16 25
t1   16   27   -17.870    -8.161    55.583 16744448 0 0 16 24
t1   16   28   -18.532    -8.463    52.672 16729088 0 0 16 23
t1   16   29   -19.194    -8.766    49.762 16711680 0 0 16 22
t1   16   30   -19.856    -9.068    46.851 16730624 0 0 16 21
t1   16   31   -20.517    -9.370    43.941 16751104 0 0 16 20
t1   16   32   -21.179    -9.672    41.030 16772608 0 0 16 19
t1   16   33   -21.841    -9.975    38.120 12254976 0 0 16 18
t1   16   34   -22.503   -10.277    35.210 6487808 0 0 16 17
t1   16   35   -23.165   -10.579    32.299 655104 0 0 16 16
t1   16   36   -23.827   -10.881    29.389 65358 0 0 16 15
t1   16   37   -24.489   -11.184    26.478 65444 0 0 16 14
t1   16   38   -25.150   -11.486    23.568 65526 0 0 16 13
t1   16   39   -25.812   -11.788    20.657 47871 0 0 16 12
t1   16   40   -26.474   -12.090    17.747 28927 0 0 16 11
t1   16   41   -27.136   -12.393    14.837 11775 0 0 16 10
t1   16   42   -27.798   -12.695    11.926 983295 0 0 16 9
t1   16   43   -28.460   -12.997     9.016 4456703 0 0 16 8
t1   16   44   -29.122   -13.299     6.105 7405823 0 0 16 7
t1   16   45   -29.783   -13.602     3.195 9765119 0 0 16 6
t1   16   46   -30.445   -13.904     0.284 11469055 0 0 16 5
t1   16   47   -31.107   -14.206    -2.626 12583167 0 0 16 4
t1   16   48   -31.769   -14.508    -5.536 13041919 0 0 16 3
t1   16   49   -32.431   -14.811    -8.447 12845311 0 0 16 2
t1   16   50   -33.093   -15.113   -11.357 11993343 0 0 16 1
t1   17    1    -0.720    -0.104   131.254 3539199 0 0 17 50
t1   17    2    -1.440    -0.207   128.343 7864575 0 0 17 49
t1   17    3    -2.161    -0.311   125.433 10354943 0 0 17 48
t1   17    4    -2.881    -0.414   122.522 10879231 0 0 17 47
t1   17    5    -3.601    -0.518   119.612 9568511 0 0 17 46
t1   17    6    -4.321    -0.621   116.702 6488319 0 0 17 45
t1   17    7    -5.041    -0.725   113.791 1900799 0 0 17 44
t1   17    8    -5.762    -0.828   110.881 15615 0 0 17 43
t1   17    9    -6.482    -0.932   107.970 41983 0 0 17 42
t1   17   10    -7.202    -1.035   105.060 65513 0 0 17 41
t1   17   11    -7.922    -1.139   102.149 65395 0 0 17 40
t1   17   12    -8.642    -1.243    99.239 392960 0 0 17 39
t1   17   13    -9.363    -1.346    96.329 8126208 0 0 17 38
t1   17   14   -10.083    -1.450    93.418 15400704 0 0 17 37
t1   17   15   -10.803    -1.553    90.508 16755968 0 0 17 36
t1   17   16   -11.523    -1.657    87.597 16732160 0 0 17 35
t1   17   17   -12.243    -1.760    84.687 16711935 0 0 17 34
t1   17   18   -12.964    -1.864    81.776 16728832 0 0 17 33
t1   17   19   -13.684    -1.967    78.866 16742400 0 0 17 32
t1   17   20   -14.404    -2.071    75.956 16752128 0 0 17 31
t1   17   21   -15.124    -2.175    73.045 16758528 0 0 17 30
t1   17   22   -15.844    -2.278    70.135 16761088 0 0 17 29
t1   17   23   -16.565    -2.382    67.224 16760320 0 0 17 28
t1   17   24   -17.285    -2.485    64.314 16756224 0 0 17 27
t1   17   25   -18.005    -2.589    61.403 16749056 0 0 17 26
t1   17   26   -18.725    -2.692    58.493 16739072 0 0 17 25
t1   17   27   -19.445    -2.796    55.583 16726528 0 0 17 24
t1   17   28   -20.166    -2.899    52.672 16711680 0 0 17 23
t1   17   29   -20.886    -3.003    49.762 16728320 0 0 17 22
t1   17   30   -21.606    -3.106    46.851 16746752 0 0 17 21
t1   17   31   -22.326    -3.210    43.941 16766208 0 0 17 20
t1   17   32   -23.046    -3.314    41.030 14286592 0 0 17 19
t1   17   33   -23.767    -3.417    38.120 8912640 0 0 17 18
t1   17   34   -24.487    -3.521    35.210 3407616 0 0 17 17
t1   17   35   -25.207    -3.624    32.299 65313 0 0 17 16
t1   17   36   -25.927    -3.728    29.389 65395 0 0 17 15
t1   17   37   -26.647    -3.831    26.478 65475 0 0 17 14
t1   17   38   -27.368    -3.935    23.568 61439 0 0 17 13
t1   17   39   -28.088    -4.038    20.657 43007 0 0 17 12
t1   17   40   -28.808    -4.142    17.747 25855 0 0 17 11
t1   17   41   -29.528    -4.246    14.837 10495 0 0 17 10
t1   17   42   -30.248    -4.349    11.926 852223 0 0 17 9
t1   17   43   -30.969    -4.453     9.016 3801343 0 0 17 8
t1   17   44   -31.689    -4.556     6.105 6226175 0 0 17 7
t1   17   45   -32.409    -4.660     3.195 8061183 0 0 17 6
t1   17   46   -33.129    -4.763     0.284 9306367 0 0 17 5
t1   17   47   -33.849    -4.867    -2.626 9961727 0 0 17 4
t1   17   48   -34.570    -4.970    -5.536 9896191 0 0 17 3
t1   17   49   -35.290    -5.074    -8.447 9175295 0 0 17 2
t1   17   50   -36.010    -5.177   -11.357 7864575 0 0 17 1
t1   18    1    -0.720     0.104   131.254 9502975 0 0 18 50
t1   18    2    -1.440     0.207   128.343 13304063 0 0 18 49
t1   18    3    -2.161     0.311   125.433 15270143 0 0 18 48
t1   18    4    -2.881     0.414   122.522 15466751 0 0 18 47
t1   18    5    -3.601     0.518   119.612 13893887 0 0 18 46
t1   18    6    -4.321     0.621   116.702 10617087 0 0 18 45
t1   18    7    -5.041     0.725   113.791 5964031 0 0 18 44
t1   18    8    -5.762     0.828   110.881 65791 0 0 18 43
t1   18    9    -6.482     0.932   107.970 26367 0 0 18 42
t1   18   10    -7.202     1.035   105.060 55295 0 0 18 41
t1   18   11    -7.922     1.139   102.149 65457 0 0 18 40
t1   18   12    -8.642     1.243    99.239 65338 0 0 18 39
t1   18   13    -9.363     1.346    96.329 3866368 0 0 18 38
t1   18   14   -10.083     1.450    93.418 11140864 0 0 18 37
t1   18   15   -10.803     1.553    90.508 16772864 0 0 18 36
t1   18   16   -11.523     1.657    87.597 16749312 0 0 18 35
t1   18   17   -12.243     1.760    84.687 16728832 0 0 18 34
t1   18   18   -12.964     1.864    81.776 16711935 0 0 18 33
t1   18   19   -13.684     1.967    78.866 16725248 0 0 18 32
t1   18   20   -14.404     2.071    75.956 16735232 0 0 18 31
t1   18   21   -15.124     2.175    73.045 16741632 0 0 18 30
t1   18   22   -15.844     2.278    70.135 16744448 0 0 18 29
t1   18   23   -16.565     2.382    67.224 16743936 0 0 18 28
t1   18   24   -17.285     2.485    64.314 16740096 0 0 18 27
t1   18   25   -18.005     2.589    61.403 16733184 0 0 18 26
t1   18   26   -18.725     2.692    58.493 16723712 0 0 18 25
t1   18   27   -19.445     2.796    55.583 16711680 0 0 18 24
t1   18   28   -20.166     2.899    52.672 16725760 0 0 18 23
t1   18   29   -20.886     3.003    49.762 16741888 0 0 18 22
t1   18   30   -21.606     3.106    46.851 16759296 0 0 18 21
t1   18   31   -22.326     3.210    43.941 16514816 0 0 18 20
t1   18   32   -23.046     3.314    41.030 11468544 0 0 18 19
t1   18   33   -23.767     3.417    38.120 6356736 0 0 18 18
t1   18   34   -24.487     3.521    35.210 1179392 0 0 18 17
t1   18   35   -25.207     3.624    32.299 65342 0 0 18 16
t1   18   36   -25.927     3.728    29.389 65419 0 0 18 15
t1   18   37   -26.647     3.831    26.478 65493 0 0 18 14
t1   18   38   -27.368     3.935    23.568 58111 0 0 18 13
t1   18   39   -28.088     4.038    20.657 41215 0 0 18 12
t1   18   40   -28.808     4.142    17.747 25855 0 0 18 11
t1   18   41   -29.528     4.246    14.837 12287 0 0 18 10
t1   18   42   -30.248     4.349    11.926 511 0 0 18 9
t1   18   43   -30.969     4.453     9.016 2425087 0 0 18 8
t1   18   44   -31.689     4.556     6.105 4391167 0 0 18 7
t1   18   45   -32.409     4.660     3.195 5767423 0 0 18 6
t1   18   46   -33.129     4.763     0.284 6488319 0 0 18 5
t1   18   47   -33.849     4.867    -2.626 6619391 0 0 18 4
t1   18   48   -34.570     4.970    -5.536 6095103 0 0 18 3
t1   18   49   -35.290     5.074    -8.447 4980991 0 0 18 2
t1   18   50   -36.010     5.177   -11.357 3145983 0 0 18 1
t1   19    1    -0.662     0.302   131.254 14811391 0 0 19 50
t1   19    2    -1.324     0.605   128.343 16711914 0 0 19 49
t1   19    3    -1.986     0.907   125.433 16711891 0 0 19 48
t1   19    4    -2.647     1.209   122.522 16711894 0 0 19 47
t1   19    5    -3.309     1.511   119.612 16711924 0 0 19 46
t1   19    6    -3.971     1.814   116.702 13959423 0 0 19 45
t1   19    7    -4.633     2.116   113.791 9175295 0 0 19 44
t1   19    8    -5.295     2.418   110.881 3211519 0 0 19 43
t1   19    9    -5.957     2.720   107.970 14079 0 0 19 42
t1   19   10    -6.619     3.023   105.060 43007 0 0 19 41
t1   19   11    -7.280     3.325   102.149 65506 0 0 19 40
t1   19   12    -7.942     3.627    99.239 65388 0 0 19 39
t1   19   13    -8.604     3.929    96.329 589568 0 0 19 38
t1   19   14    -9.266     4.232    93.418 7732992 0 0 19 37
t1   19   15    -9.928     4.534    90.508 14417664 0 0 19 36
t1   19   16   -10.590     4.836    87.597 16762624 0 0 19 35
t1   19   17   -11.252     5.138    84.687 16742400 0 0 19 34
t1   19   18   -11.913     5.441    81.776 16725248 0 0 19 33
t1   19   19   -12.575     5.743    78.866 16711935 0 0 19 32
t1   19   20   -13.237     6.045    75.956 16721664 0 0 19 31
t1   19   21   -13.899     6.347    73.045 16728064 0 0 19 30
t1   19   22   -14.561     6.650    70.135 16731136 0 0 19 29
t1   19   23   -15.223     6.952    67.224 16730880 0 0 19 28
t1   19   24   -15.885     7.254    64.314 16727296 0 0 19 27
t1   19   25   -16.546     7.556    61.403 16720896 0 0 19 26
t1   19   26   -17.208     7.859    58.493 16711680 0 0 19 25
t1   19   27   -17.870     8.161    55.583 16723200 0 0 19 24
t1   19   28   -18.532     8.463    52.672 16736768 0 0 19 23
t1   19   29   -19.194     8.766    49.762 16752128 0 0 19 22
t1   19   30   -19.856     9.068    46.851 16769024 0 0 19 21
t1   19   31   -20.517     9.370    43.941 14286592 0 0 19 20
t1   19   32   -21.179     9.672    41.030 9502464 0 0 19 19
t1   19   33   -21.841     9.975    38.120 4587264 0 0 19 18
t1   19   34   -22.503    10.277    35.210 65285 0 0 19 17
t1   19   35   -23.165    10.579    32.299 65359 0 0 19 16
t1   19   36   -23.827    10.881    29.389 65431 0 0 19 15
t1   19   37   -24.489    11.184    26.478 65500 0 0 19 14
t1   19   38   -25.150    11.486    23.568 57855 0 0 19 13
t1   19   39   -25.812    11.788    20.657 42495 0 0 19 12
t1   19   40   -26.474    12.090    17.747 28927 0 0 19 11
t1   19   41   -27.136    12.393    14.837 16895 0 0 19 10
t1   19   42   -27.798    12.695    11.926 6655 0 0 19 9
t1   19   43   -28.460    12.997     9.016 393471 0 0 19 8
t1   19   44   -29.122    13.299     6.105 1900799 0 0 19 7
t1   19   45   -29.783    13.602     3.195 2818303 0 0 19 6
t1   19   46   -30.445    13.904     0.284 3145983 0 0 19 5
t1   19   47   -31.107    14.206    -2.626 2818303 0 0 19 4
t1   19   48   -31.769    14.508    -5.536 1835263 0 0 19 3
t1   19   49   -32.431    14.811    -8.447 262399 0 0 19 2
t1   19   50   -33.093    15.113   -11.357 7679 0 0 19 1
t1   20    1    -0.550     0.476   131.254 16711892 0 0 20 50
t1   20    2    -1.100     0.953   128.343 16711851 0 0 20 49
t1   20    3    -1.650     1.429   125.433 16711836 0 0 20 48
t1   20    4    -2.200     1.906   122.522 16711846 0 0 20 47
t1   20    5    -2.749     2.382   119.612 16711881 0 0 20 46
t1   20    6    -3.299     2.859   116.702 16515327 0 0 20 45
t1   20    7    -3.849     3.335   113.791 11534591 0 0 20 44
t1   20    8    -4.399     3.812   110.881 5505279 0 0 20 43
t1   20    9    -4.949     4.288   107.970 5631 0 0 20 42
t1   20   10    -5.499     4.765   105.060 34303 0 0 20 41
t1   20   11    -6.049     5.241   102.149 64255 0 0 20 40
t1   20   12    -6.599     5.718    99.239 65423 0 0 20 39
t1   20   13    -7.149     6.194    96.329 65308 0 0 20 38
t1   20   14    -7.698     6.671    93.418 5373696 0 0 20 37
t1   20   15    -8.248     7.147    90.508 11992832 0 0 20 36
t1   20   16    -8.798     7.624    87.597 16772352 0 0 20 35
t1   20   17    -9.348     8.100    84.687 16752128 0 0 20 34
t1   20   18    -9.898     8.577    81.776 16735232 0 0 20 33
t1   20   19   -10.448     9.053    78.866 16721664 0 0 20 32
t1   20   20   -10.998     9.530    75.956 16711935 0 0 20 31
t1   20   21   -11.548    10.006    73.045 16718336 0 0 20 30
t1   20   22   -12.098    10.483    70.135 16721408 0 0 20 29
t1   20   23   -12.647    10.959    67.224 16721152 0 0 20 28
t1   20   24   -13.197    11.436    64.314 16717824 0 0 20 27
t1   20   25   -13.747    11.912    61.403 16711680 0 0 20 26
t1   20   26   -14.297    12.389    58.493 16720384 0 0 20 25
t1   20   27   -14.847    12.865    55.583 16731392 0 0 20 24
t1   20   28   -15.397    13.341    52.672 16744448 0 0 20 23
t1   20   29   -15.947    13.818    49.762 16759296 0 0 20 22
t1   20   30   -16.497    14.294    46.851 16775424 0 0 20 21
t1   20   31   -17.047    14.771    43.941 12844800 0 0 20 20
t1   20   32   -17.596    15.247    41.030 8257280 0 0 20 19
t1   20   33   -18.146    15.724    38.120 3669760 0 0 20 18
t1   20   34   -18.696    16.200    35.210 65296 0 0 20 17
t1   20   35   -19.246    16.677    32.299 65365 0 0 20 16
t1   20   36   -19.796    17.153    29.389 65432 0 0 20 15
t1   20   37   -20.346    17.630    26.478 65496 0 0 20 14
t1   20   38   -20.896    18.106    23.568 60415 0 0 20 13
t1   20   39   -21.446    18.583    20.657 46591 0 0 20 12
t1   20   40   -21.996    19.059    17.747 34303 0 0 20 11
t1   20   41   -22.545    19.536    14.837 23807 0 0 20 10
t1   20   42   -23.095    20.012    11.926 15359 0 0 20 9
t1   20   43   -23.645    20.489     9.016 8959 0 0 20 8
t1   20   44   -24.195    20.965     6.105 4863 0 0 20 7
t1   20   45   -24.745    21.442     3.195 2815 0 0 20 6
t1   20   46   -25.295    21.918     0.284 3327 0 0 20 5
t1   20   47   -25.845    22.395    -2.626 6143 0 0 20 4
t1   20   48   -26.395    22.871    -5.536 11519 0 0 20 3
t1   20   49   -26.945    23.348    -8.447 18943 0 0 20 2
t1   20   50   -27.494    23.824   -11.357 28927 0 0 20 1
t1   21    1    -0.393     0.612   131.254 16711830 0 0 21 50
t1   21    2    -0.787     1.224   128.343 16711798 0 0 21 49
t1   21    3    -1.180     1.836   125.433 16711791 0 0 21 48
t1   21    4    -1.573     2.448   122.522 16711809 0 0 21 47
t1   21    5    -1.967     3.061   119.612 16711849 0 0 21 46
t1   21    6    -2.360     3.673   116.702 16711911 0 0 21 45
t1   21    7    -2.754     4.285   113.791 13041919 0 0 21 44
t1   21    8    -3.147     4.897   110.881 6881535 0 0 21 43
t1   21    9    -3.540     5.509   107.970 511 0 0 21 42
t1   21   10    -3.934     6.121   105.060 29439 0 0 21 41
t1   21   11    -4.327     6.733   102.149 59135 0 0 21 40
t1   21   12    -4.720     7.345    99.239 65443 0 0 21 39
t1   21   13    -5.114     7.957    96.329 65329 0 0 21 38
t1   21   14    -5.507     8.569    93.418 3931904 0 0 21 37
t1   21   15    -5.901     9.182    90.508 10485504 0 0 21 36
t1   21   16    -6.294     9.794    87.597 16383744 0 0 21 35
t1   21   17    -6.687    10.406    84.687 16758528 0 0 21 34
t1   21   18    -7.081    11.018    81.776 16741632 0 0 21 33
t1   21   19    -7.474    11.630    78.866 16728064 0 0 21 32
t1   21   20    -7.867    12.242    75.956 16718336 0 0 21 31
t1   21   21    -8.261    12.854    73.045 16711935 0 0 21 30
t1   21   22    -8.654    13.466    70.135 16714752 0 0 21 29
t1   21   23    -9.048    14.078    67.224 16714752 0 0 21 28
t1   21   24    -9.441    14.690    64.314 16711680 0 0 21 27
t1   21   25    -9.834    15.303    61.403 16717568 0 0 21 26
t1   21   26   -10.228    15.915    58.493 16726016 0 0 21 25
t1   21   27   -10.621    16.527    55.583 16736512 0 0 21 24
t1   21   28   -11.014    17.139    52.672 16749312 0 0 21 23
t1   21   29   -11.408    17.751    49.762 16763392 0 0 21 22
t1   21   30   -11.801    18.363    46.851 16318208 0 0 21 21
t1   21   31   -12.195    18.975    43.941 12189440 0 0 21 20
t1   21   32   -12.588    19.587    41.030 7864064 0 0 21 19
t1   21   33   -12.981    20.199    38.120 3473152 0 0 21 18
t1   21   34   -13.375    20.811    35.210 65295 0 0 21 17
t1   21   35   -13.768    21.424    32.299 65360 0 0 21 16
t1   21   36   -14.161    22.036    29.389 65422 0 0 21 15
t1   21   37   -14.555    22.648    26.478 65481 0 0 21 14
t1   21   38   -14.948    23.260    23.568 65535 0 0 21 13
t1   21   39   -15.342    23.872    20.657 52991 0 0 21 12
t1   21   40   -15.735    24.484    17.747 42239 0 0 21 11
t1   21   41   -16.128    25.096    14.837 33279 0 0 21 10
t1   21   42   -16.522    25.708    11.926 26367 0 0 21 9
t1   21   43   -16.915    26.320     9.016 21503 0 0 21 8
t1   21   44   -17.308    26.932     6.105 18687 0 0 21 7
t1   21   45   -17.702    27.545     3.195 18431 0 0 21 6
t1   21   46   -18.095    28.157     0.284 20223 0 0 21 5
t1   21   47   -18.489    28.769    -2.626 24575 0 0 21 4
t1   21   48   -18.882    29.381    -5.536 31231 0 0 21 3
t1   21   49   -19.275    29.993    -8.447 40191 0 0 21 2
t1   21   50   -19.669    30.605   -11.357 51199 0 0 21 1
t1   22    1    -0.205     0.698   131.254 16711778 0 0 22 50
t1   22    2    -0.410     1.396   128.343 16711756 0 0 22 49
t1   22    3    -0.615     2.094   125.433 16711758 0 0 22 48
t1   22    4    -0.820     2.793   122.522 16711783 0 0 22 47
t1   22    5    -1.025     3.491   119.612 16711830 0 0 22 46
t1   22    6    -1.230     4.189   116.702 16711897 0 0 22 45
t1   22    7    -1.435     4.887   113.791 13762815 0 0 22 44
t1   22    8    -1.640     5.585   110.881 7405823 0 0 22 43
t1   22    9    -1.845     6.283   107.970 327935 0 0 22 42
t1   22   10    -2.050     6.981   105.060 27903 0 0 22 41
t1   22   11    -2.255     7.679   102.149 57855 0 0 22 40
t1   22   12    -2.460     8.378    99.239 65449 0 0 22 39
t1   22   13    -2.665     9.076    96.329 65335 0 0 22 38
t1   22   14    -2.870     9.774    93.418 3473152 0 0 22 37
t1   22   15    -3.075    10.472    90.508 9961216 0 0 22 36
t1   22   16    -3.280    11.170    87.597 15793920 0 0 22 35
t1   22   17    -3.485    11.868    84.687 16761088 0 0 22 34
t1   22   18    -3.690    12.566    81.776 16744448 0 0 22 33
t1   22   19    -3.895    13.265    78.866 16731136 0 0 22 32
t1   22   20    -4.100    13.963    75.956 16721408 0 0 22 31
t1   22   21    -4.305    14.661    73.045 16714752 0 0 22 30
t1   22   22    -4.510    15.359    70.135 16711935 0 0 22 29
t1   22   23    -4.715    16.057    67.224 16711680 0 0 22 28
t1   22   24    -4.920    16.755    64.314 16714752 0 0 22 27
t1   22   25    -5.125    17.453    61.403 16720384 0 0 22 26
t1   22   26    -5.330    18.151    58.493 16728576 0 0 22 25
t1   22   27    -5.535    18.850    55.583 16738816 0 0 22 24
t1   22   28    -5.740    19.548    52.672 16750848 0 0 22 23
t1   22   29    -5.945    20.246    49.762 16764416 0 0 22 22
t1   22   30    -6.150    20.944    46.851 16187136 0 0 22 21
t1   22   31    -6.355    21.642    43.941 12189440 0 0 22 20
t1   22   32    -6.560    22.340    41.030 8126208 0 0 22 19
t1   22   33    -6.765    23.038    38.120 3931904 0 0 22 18
t1   22   34    -6.970    23.737    35.210 65284 0 0 22 17
t1   22   35    -7.175    24.435    32.299 65345 0 0 22 16
t1   22   36    -7.380    25.133    29.389 65403 0 0 22 15
t1   22   37    -7.585    25.831    26.478 65457 0 0 22 14
t1   22   38    -7.790    26.529    23.568 65506 0 0 22 13
t1   22   39    -7.995    27.227    20.657 61951 0 0 22 12
t1   22   40    -8.200    27.925    17.747 52479 0 0 22 11
t1   22   41    -8.405    28.623    14.837 44799 0 0 22 10
t1   22   42    -8.610    29.322    11.926 39167 0 0 22 9
t1   22   43    -8.815    30.020     9.016 35583 0 0 22 8
t1   22   44    -9.020    30.718     6.105 34303 0 0 22 7
t1   22   45    -9.225    31.416     3.195 35327 0 0 22 6
t1   22   46    -9.430    32.114     0.284 38655 0 0 22 5
t1   22   47    -9.635    32.812    -2.626 44031 0 0 22 4
t1   22   48    -9.840    33.510    -5.536 51967 0 0 22 3
t1   22   49   -10.045    34.209    -8.447 61951 0 0 22 2
t1   22   50   -10.250    34.907   -11.357 65501 0 0 22 1
