t1 1 1 0.0 0.0 0.0 000000 0 0 1 50
t1 1 2 0.0 0.0 0.0 000000 0 0 1 49
t1 1 3 0.0 0.0 0.0 000000 0 0 1 48
t1 1 4 0.0 0.0 0.0 000000 0 0 1 47
t1 1 5 0.0 0.0 0.0 000000 0 0 1 46
t1 1 6 0.0 0.0 0.0 000000 0 0 1 45
t1 1 7 0.0 0.0 0.0 000000 0 0 1 44
t1 1 8 0.0 0.0 0.0 000000 0 0 1 43
t1 1 9 0.0 0.0 0.0 000000 0 0 1 42
t1 1 10 0.0 0.0 0.0 000000 0 0 1 41
t1 1 11 0.0 0.0 0.0 000000 0 0 1 40
t1 1 12 0.0 0.0 0.0 000000 0 0 1 39
t1 1 13 0.0 0.0 0.0 000000 0 0 1 38
t1 1 14 0.0 0.0 0.0 000000 0 0 1 37
t1 1 15 0.0 0.0 0.0 000000 0 0 1 36
t1 1 16 0.0 0.0 0.0 000000 0 0 1 35
t1 1 17 0.0 0.0 0.0 000000 0 0 1 34
t1 1 18 0.0 0.0 0.0 000000 0 0 1 33
t1 1 19 0.0 0.0 0.0 000000 0 0 1 32
t1 1 20 0.0 0.0 0.0 000000 0 0 1 31
t1 1 21 0.0 0.0 0.0 000000 0 0 1 30
t1 1 22 0.0 0.0 0.0 000000 0 0 1 29
t1 1 23 0.0 0.0 0.0 000000 0 0 1 28
t1 1 24 0.0 0.0 0.0 000000 0 0 1 27
t1 1 25 0.0 0.0 0.0 000000 0 0 1 26
t1 1 26 0.0 0.0 0.0 000000 0 0 1 25
t1 1 27 0.0 0.0 0.0 000000 0 0 1 24
t1 1 28 0.0 0.0 0.0 000000 0 0 1 23
t1 1 29 0.0 0.0 0.0 000000 0 0 1 22
t1 1 30 0.0 0.0 0.0 000000 0 0 1 21
t1 1 31 0.0 0.0 0.0 000000 0 0 1 20
t1 1 32 0.0 0.0 0.0 000000 0 0 1 19
t1 1 33 0.0 0.0 0.0 000000 0 0 1 18
t1 1 34 0.0 0.0 0.0 000000 0 0 1 17
t1 1 35 0.0 0.0 0.0 000000 0 0 1 16
t1 1 36 0.0 0.0 0.0 000000 0 0 1 15
t1 1 37 0.0 0.0 0.0 000000 0 0 1 14
t1 1 38 0.0 0.0 0.0 000000 0 0 1 13
t1 1 39 0.0 0.0 0.0 000000 0 0 1 12
t1 1 40 0.0 0.0 0.0 000000 0 0 1 11
t1 1 41 0.0 0.0 0.0 000000 0 0 1 10
t1 1 42 0.0 0.0 0.0 000000 0 0 1 9
t1 1 43 0.0 0.0 0.0 000000 0 0 1 8
t1 1 44 0.0 0.0 0.0 000000 0 0 1 7
t1 1 45 0.0 0.0 0.0 000000 0 0 1 6
t1 1 46 0.0 0.0 0.0 000000 0 0 1 5
t1 1 47 0.0 0.0 0.0 000000 0 0 1 4
t1 1 48 0.0 0.0 0.0 000000 0 0 1 3
t1 1 49 0.0 0.0 0.0 000000 0 0 1 2
t1 1 50 0.0 0.0 0.0 000000 0 0 1 1
t1 2 1 0.0 0.0 0.0 000000 0 0 1 51
t1 2 2 0.0 0.0 0.0 000000 0 0 1 52
t1 2 3 0.0 0.0 0.0 000000 0 0 1 53
t1 2 4 0.0 0.0 0.0 000000 0 0 1 54
t1 2 5 0.0 0.0 0.0 000000 0 0 1 55
t1 2 6 0.0 0.0 0.0 000000 0 0 1 56
t1 2 7 0.0 0.0 0.0 000000 0 0 1 57
t1 2 8 0.0 0.0 0.0 000000 0 0 1 58
t1 2 9 0.0 0.0 0.0 000000 0 0 1 59
t1 2 10 0.0 0.0 0.0 000000 0 0 1 60
t1 2 11 0.0 0.0 0.0 000000 0 0 1 61
t1 2 12 0.0 0.0 0.0 000000 0 0 1 62
t1 2 13 0.0 0.0 0.0 000000 0 0 1 63
t1 2 14 0.0 0.0 0.0 000000 0 0 1 64
t1 2 15 0.0 0.0 0.0 000000 0 0 1 65
t1 2 16 0.0 0.0 0.0 000000 0 0 1 66
t1 2 17 0.0 0.0 0.0 000000 0 0 1 67
t1 2 18 0.0 0.0 0.0 000000 0 0 1 68
t1 2 19 0.0 0.0 0.0 000000 0 0 1 69
t1 2 20 0.0 0.0 0.0 000000 0 0 1 70
t1 2 21 0.0 0.0 0.0 000000 0 0 1 71
t1 2 22 0.0 0.0 0.0 000000 0 0 1 72
t1 2 23 0.0 0.0 0.0 000000 0 0 1 73
t1 2 24 0.0 0.0 0.0 000000 0 0 1 74
t1 2 25 0.0 0.0 0.0 000000 0 0 1 75
t1 2 26 0.0 0.0 0.0 000000 0 0 1 76
t1 2 27 0.0 0.0 0.0 000000 0 0 1 77
t1 2 28 0.0 0.0 0.0 000000 0 0 1 78
t1 2 29 0.0 0.0 0.0 000000 0 0 1 79
t1 2 30 0.0 0.0 0.0 000000 0 0 1 80
t1 2 31 0.0 0.0 0.0 000000 0 0 1 81
t1 2 32 0.0 0.0 0.0 000000 0 0 1 82
t1 2 33 0.0 0.0 0.0 000000 0 0 1 83
t1 2 34 0.0 0.0 0.0 000000 0 0 1 84
t1 2 35 0.0 0.0 0.0 000000 0 0 1 85
t1 2 36 0.0 0.0 0.0 000000 0 0 1 86
t1 2 37 0.0 0.0 0.0 000000 0 0 1 87
t1 2 38 0.0 0.0 0.0 000000 0 0 1 88
t1 2 39 0.0 0.0 0.0 000000 0 0 1 89
t1 2 40 0.0 0.0 0.0 000000 0 0 1 90
t1 2 41 0.0 0.0 0.0 000000 0 0 1 91
t1 2 42 0.0 0.0 0.0 000000 0 0 1 92
t1 2 43 0.0 0.0 0.0 000000 0 0 1 93
t1 2 44 0.0 0.0 0.0 000000 0 0 1 94
t1 2 45 0.0 0.0 0.0 000000 0 0 1 95
t1 2 46 0.0 0.0 0.0 000000 0 0 1 96
t1 2 47 0.0 0.0 0.0 000000 0 0 1 97
t1 2 48 0.0 0.0 0.0 000000 0 0 1 98
t1 2 49 0.0 0.0 0.0 000000 0 0 1 99
t1 2 50 0.0 0.0 0.0 000000 0 0 1 100
t1 3 1 0.0 0.0 0.0 000000 0 0 2 50
t1 3 2 0.0 0.0 0.0 000000 0 0 2 49
t1 3 3 0.0 0.0 0.0 000000 0 0 2 48
t1 3 4 0.0 0.0 0.0 000000 0 0 2 47
t1 3 5 0.0 0.0 0.0 000000 0 0 2 46
t1 3 6 0.0 0.0 0.0 000000 0 0 2 45
t1 3 7 0.0 0.0 0.0 000000 0 0 2 44
t1 3 8 0.0 0.0 0.0 000000 0 0 2 43
t1 3 9 0.0 0.0 0.0 000000 0 0 2 42
t1 3 10 0.0 0.0 0.0 000000 0 0 2 41
t1 3 11 0.0 0.0 0.0 000000 0 0 2 40
t1 3 12 0.0 0.0 0.0 000000 0 0 2 39
t1 3 13 0.0 0.0 0.0 000000 0 0 2 38
t1 3 14 0.0 0.0 0.0 000000 0 0 2 37
t1 3 15 0.0 0.0 0.0 000000 0 0 2 36
t1 3 16 0.0 0.0 0.0 000000 0 0 2 35
t1 3 17 0.0 0.0 0.0 000000 0 0 2 34
t1 3 18 0.0 0.0 0.0 000000 0 0 2 33
t1 3 19 0.0 0.0 0.0 000000 0 0 2 32
t1 3 20 0.0 0.0 0.0 000000 0 0 2 31
t1 3 21 0.0 0.0 0.0 000000 0 0 2 30
t1 3 22 0.0 0.0 0.0 000000 0 0 2 29
t1 3 23 0.0 0.0 0.0 000000 0 0 2 28
t1 3 24 0.0 0.0 0.0 000000 0 0 2 27
t1 3 25 0.0 0.0 0.0 000000 0 0 2 26
t1 3 26 0.0 0.0 0.0 000000 0 0 2 25
t1 3 27 0.0 0.0 0.0 000000 0 0 2 24
t1 3 28 0.0 0.0 0.0 000000 0 0 2 23
t1 3 29 0.0 0.0 0.0 000000 0 0 2 22
t1 3 30 0.0 0.0 0.0 000000 0 0 2 21
t1 3 31 0.0 0.0 0.0 000000 0 0 2 20
t1 3 32 0.0 0.0 0.0 000000 0 0 2 19
t1 3 33 0.0 0.0 0.0 000000 0 0 2 18
t1 3 34 0.0 0.0 0.0 000000 0 0 2 17
t1 3 35 0.0 0.0 0.0 000000 0 0 2 16
t1 3 36 0.0 0.0 0.0 000000 0 0 2 15
t1 3 37 0.0 0.0 0.0 000000 0 0 2 14
t1 3 38 0.0 0.0 0.0 000000 0 0 2 13
t1 3 39 0.0 0.0 0.0 000000 0 0 2 12
t1 3 40 0.0 0.0 0.0 000000 0 0 2 11
t1 3 41 0.0 0.0 0.0 000000 0 0 2 10
t1 3 42 0.0 0.0 0.0 000000 0 0 2 9
t1 3 43 0.0 0.0 0.0 000000 0 0 2 8
t1 3 44 0.0 0.0 0.0 000000 0 0 2 7
t1 3 45 0.0 0.0 0.0 000000 0 0 2 6
t1 3 46 0.0 0.0 0.0 000000 0 0 2 5
t1 3 47 0.0 0.0 0.0 000000 0 0 2 4
t1 3 48 0.0 0.0 0.0 000000 0 0 2 3
t1 3 49 0.0 0.0 0.0 000000 0 0 2 2
t1 3 50 0.0 0.0 0.0 000000 0 0 2 1
t1 4 1 0.0 0.0 0.0 000000 0 0 2 51
t1 4 2 0.0 0.0 0.0 000000 0 0 2 52
t1 4 3 0.0 0.0 0.0 000000 0 0 2 53
t1 4 4 0.0 0.0 0.0 000000 0 0 2 54
t1 4 5 0.0 0.0 0.0 000000 0 0 2 55
t1 4 6 0.0 0.0 0.0 000000 0 0 2 56
t1 4 7 0.0 0.0 0.0 000000 0 0 2 57
t1 4 8 0.0 0.0 0.0 000000 0 0 2 58
t1 4 9 0.0 0.0 0.0 000000 0 0 2 59
t1 4 10 0.0 0.0 0.0 000000 0 0 2 60
t1 4 11 0.0 0.0 0.0 000000 0 0 2 61
t1 4 12 0.0 0.0 0.0 000000 0 0 2 62
t1 4 13 0.0 0.0 0.0 000000 0 0 2 63
t1 4 14 0.0 0.0 0.0 000000 0 0 2 64
t1 4 15 0.0 0.0 0.0 000000 0 0 2 65
t1 4 16 0.0 0.0 0.0 000000 0 0 2 66
t1 4 17 0.0 0.0 0.0 000000 0 0 2 67
t1 4 18 0.0 0.0 0.0 000000 0 0 2 68
t1 4 19 0.0 0.0 0.0 000000 0 0 2 69
t1 4 20 0.0 0.0 0.0 000000 0 0 2 70
t1 4 21 0.0 0.0 0.0 000000 0 0 2 71
t1 4 22 0.0 0.0 0.0 000000 0 0 2 72
t1 4 23 0.0 0.0 0.0 000000 0 0 2 73
t1 4 24 0.0 0.0 0.0 000000 0 0 2 74
t1 4 25 0.0 0.0 0.0 000000 0 0 2 75
t1 4 26 0.0 0.0 0.0 000000 0 0 2 76
t1 4 27 0.0 0.0 0.0 000000 0 0 2 77
t1 4 28 0.0 0.0 0.0 000000 0 0 2 78
t1 4 29 0.0 0.0 0.0 000000 0 0 2 79
t1 4 30 0.0 0.0 0.0 000000 0 0 2 80
t1 4 31 0.0 0.0 0.0 000000 0 0 2 81
t1 4 32 0.0 0.0 0.0 000000 0 0 2 82
t1 4 33 0.0 0.0 0.0 000000 0 0 2 83
t1 4 34 0.0 0.0 0.0 000000 0 0 2 84
t1 4 35 0.0 0.0 0.0 000000 0 0 2 85
t1 4 36 0.0 0.0 0.0 000000 0 0 2 86
t1 4 37 0.0 0.0 0.0 000000 0 0 2 87
t1 4 38 0.0 0.0 0.0 000000 0 0 2 88
t1 4 39 0.0 0.0 0.0 000000 0 0 2 89
t1 4 40 0.0 0.0 0.0 000000 0 0 2 90
t1 4 41 0.0 0.0 0.0 000000 0 0 2 91
t1 4 42 0.0 0.0 0.0 000000 0 0 2 92
t1 4 43 0.0 0.0 0.0 000000 0 0 2 93
t1 4 44 0.0 0.0 0.0 000000 0 0 2 94
t1 4 45 0.0 0.0 0.0 000000 0 0 2 95
t1 4 46 0.0 0.0 0.0 000000 0 0 2 96
t1 4 47 0.0 0.0 0.0 000000 0 0 2 97
t1 4 48 0.0 0.0 0.0 000000 0 0 2 98
t1 4 49 0.0 0.0 0.0 000000 0 0 2 99
t1 4 50 0.0 0.0 0.0 000000 0 0 2 100
t1 5 1 0.0 0.0 0.0 000000 0 0 3 50
t1 5 2 0.0 0.0 0.0 000000 0 0 3 49
t1 5 3 0.0 0.0 0.0 000000 0 0 3 48
t1 5 4 0.0 0.0 0.0 000000 0 0 3 47
t1 5 5 0.0 0.0 0.0 000000 0 0 3 46
t1 5 6 0.0 0.0 0.0 000000 0 0 3 45
t1 5 7 0.0 0.0 0.0 000000 0 0 3 44
t1 5 8 0.0 0.0 0.0 000000 0 0 3 43
t1 5 9 0.0 0.0 0.0 000000 0 0 3 42
t1 5 10 0.0 0.0 0.0 000000 0 0 3 41
t1 5 11 0.0 0.0 0.0 000000 0 0 3 40
t1 5 12 0.0 0.0 0.0 000000 0 0 3 39
t1 5 13 0.0 0.0 0.0 000000 0 0 3 38
t1 5 14 0.0 0.0 0.0 000000 0 0 3 37
t1 5 15 0.0 0.0 0.0 000000 0 0 3 36
t1 5 16 0.0 0.0 0.0 000000 0 0 3 35
t1 5 17 0.0 0.0 0.0 000000 0 0 3 34
t1 5 18 0.0 0.0 0.0 000000 0 0 3 33
t1 5 19 0.0 0.0 0.0 000000 0 0 3 32
t1 5 20 0.0 0.0 0.0 000000 0 0 3 31
t1 5 21 0.0 0.0 0.0 000000 0 0 3 30
t1 5 22 0.0 0.0 0.0 000000 0 0 3 29
t1 5 23 0.0 0.0 0.0 000000 0 0 3 28
t1 5 24 0.0 0.0 0.0 000000 0 0 3 27
t1 5 25 0.0 0.0 0.0 000000 0 0 3 26
t1 5 26 0.0 0.0 0.0 000000 0 0 3 25
t1 5 27 0.0 0.0 0.0 000000 0 0 3 24
t1 5 28 0.0 0.0 0.0 000000 0 0 3 23
t1 5 29 0.0 0.0 0.0 000000 0 0 3 22
t1 5 30 0.0 0.0 0.0 000000 0 0 3 21
t1 5 31 0.0 0.0 0.0 000000 0 0 3 20
t1 5 32 0.0 0.0 0.0 000000 0 0 3 19
t1 5 33 0.0 0.0 0.0 000000 0 0 3 18
t1 5 34 0.0 0.0 0.0 000000 0 0 3 17
t1 5 35 0.0 0.0 0.0 000000 0 0 3 16
t1 5 36 0.0 0.0 0.0 000000 0 0 3 15
t1 5 37 0.0 0.0 0.0 000000 0 0 3 14
t1 5 38 0.0 0.0 0.0 000000 0 0 3 13
t1 5 39 0.0 0.0 0.0 000000 0 0 3 12
t1 5 40 0.0 0.0 0.0 000000 0 0 3 11
t1 5 41 0.0 0.0 0.0 000000 0 0 3 10
t1 5 42 0.0 0.0 0.0 000000 0 0 3 9
t1 5 43 0.0 0.0 0.0 000000 0 0 3 8
t1 5 44 0.0 0.0 0.0 000000 0 0 3 7
t1 5 45 0.0 0.0 0.0 000000 0 0 3 6
t1 5 46 0.0 0.0 0.0 000000 0 0 3 5
t1 5 47 0.0 0.0 0.0 000000 0 0 3 4
t1 5 48 0.0 0.0 0.0 000000 0 0 3 3
t1 5 49 0.0 0.0 0.0 000000 0 0 3 2
t1 5 50 0.0 0.0 0.0 000000 0 0 3 1
t1 6 1 0.0 0.0 0.0 000000 0 0 3 51
t1 6 2 0.0 0.0 0.0 000000 0 0 3 52
t1 6 3 0.0 0.0 0.0 000000 0 0 3 53
t1 6 4 0.0 0.0 0.0 000000 0 0 3 54
t1 6 5 0.0 0.0 0.0 000000 0 0 3 55
t1 6 6 0.0 0.0 0.0 000000 0 0 3 56
t1 6 7 0.0 0.0 0.0 000000 0 0 3 57
t1 6 8 0.0 0.0 0.0 000000 0 0 3 58
t1 6 9 0.0 0.0 0.0 000000 0 0 3 59
t1 6 10 0.0 0.0 0.0 000000 0 0 3 60
t1 6 11 0.0 0.0 0.0 000000 0 0 3 61
t1 6 12 0.0 0.0 0.0 000000 0 0 3 62
t1 6 13 0.0 0.0 0.0 000000 0 0 3 63
t1 6 14 0.0 0.0 0.0 000000 0 0 3 64
t1 6 15 0.0 0.0 0.0 000000 0 0 3 65
t1 6 16 0.0 0.0 0.0 000000 0 0 3 66
t1 6 17 0.0 0.0 0.0 000000 0 0 3 67
t1 6 18 0.0 0.0 0.0 000000 0 0 3 68
t1 6 19 0.0 0.0 0.0 000000 0 0 3 69
t1 6 20 0.0 0.0 0.0 000000 0 0 3 70
t1 6 21 0.0 0.0 0.0 000000 0 0 3 71
t1 6 22 0.0 0.0 0.0 000000 0 0 3 72
t1 6 23 0.0 0.0 0.0 000000 0 0 3 73
t1 6 24 0.0 0.0 0.0 000000 0 0 3 74
t1 6 25 0.0 0.0 0.0 000000 0 0 3 75
t1 6 26 0.0 0.0 0.0 000000 0 0 3 76
t1 6 27 0.0 0.0 0.0 000000 0 0 3 77
t1 6 28 0.0 0.0 0.0 000000 0 0 3 78
t1 6 29 0.0 0.0 0.0 000000 0 0 3 79
t1 6 30 0.0 0.0 0.0 000000 0 0 3 80
t1 6 31 0.0 0.0 0.0 000000 0 0 3 81
t1 6 32 0.0 0.0 0.0 000000 0 0 3 82
t1 6 33 0.0 0.0 0.0 000000 0 0 3 83
t1 6 34 0.0 0.0 0.0 000000 0 0 3 84
t1 6 35 0.0 0.0 0.0 000000 0 0 3 85
t1 6 36 0.0 0.0 0.0 000000 0 0 3 86
t1 6 37 0.0 0.0 0.0 000000 0 0 3 87
t1 6 38 0.0 0.0 0.0 000000 0 0 3 88
t1 6 39 0.0 0.0 0.0 000000 0 0 3 89
t1 6 40 0.0 0.0 0.0 000000 0 0 3 90
t1 6 41 0.0 0.0 0.0 000000 0 0 3 91
t1 6 42 0.0 0.0 0.0 000000 0 0 3 92
t1 6 43 0.0 0.0 0.0 000000 0 0 3 93
t1 6 44 0.0 0.0 0.0 000000 0 0 3 94
t1 6 45 0.0 0.0 0.0 000000 0 0 3 95
t1 6 46 0.0 0.0 0.0 000000 0 0 3 96
t1 6 47 0.0 0.0 0.0 000000 0 0 3 97
t1 6 48 0.0 0.0 0.0 000000 0 0 3 98
t1 6 49 0.0 0.0 0.0 000000 0 0 3 99
t1 6 50 0.0 0.0 0.0 000000 0 0 3 100
t1 7 1 0.0 0.0 0.0 000000 0 0 4 50
t1 7 2 0.0 0.0 0.0 000000 0 0 4 49
t1 7 3 0.0 0.0 0.0 000000 0 0 4 48
t1 7 4 0.0 0.0 0.0 000000 0 0 4 47
t1 7 5 0.0 0.0 0.0 000000 0 0 4 46
t1 7 6 0.0 0.0 0.0 000000 0 0 4 45
t1 7 7 0.0 0.0 0.0 000000 0 0 4 44
t1 7 8 0.0 0.0 0.0 000000 0 0 4 43
t1 7 9 0.0 0.0 0.0 000000 0 0 4 42
t1 7 10 0.0 0.0 0.0 000000 0 0 4 41
t1 7 11 0.0 0.0 0.0 000000 0 0 4 40
t1 7 12 0.0 0.0 0.0 000000 0 0 4 39
t1 7 13 0.0 0.0 0.0 000000 0 0 4 38
t1 7 14 0.0 0.0 0.0 000000 0 0 4 37
t1 7 15 0.0 0.0 0.0 000000 0 0 4 36
t1 7 16 0.0 0.0 0.0 000000 0 0 4 35
t1 7 17 0.0 0.0 0.0 000000 0 0 4 34
t1 7 18 0.0 0.0 0.0 000000 0 0 4 33
t1 7 19 0.0 0.0 0.0 000000 0 0 4 32
t1 7 20 0.0 0.0 0.0 000000 0 0 4 31
t1 7 21 0.0 0.0 0.0 000000 0 0 4 30
t1 7 22 0.0 0.0 0.0 000000 0 0 4 29
t1 7 23 0.0 0.0 0.0 000000 0 0 4 28
t1 7 24 0.0 0.0 0.0 000000 0 0 4 27
t1 7 25 0.0 0.0 0.0 000000 0 0 4 26
t1 7 26 0.0 0.0 0.0 000000 0 0 4 25
t1 7 27 0.0 0.0 0.0 000000 0 0 4 24
t1 7 28 0.0 0.0 0.0 000000 0 0 4 23
t1 7 29 0.0 0.0 0.0 000000 0 0 4 22
t1 7 30 0.0 0.0 0.0 000000 0 0 4 21
t1 7 31 0.0 0.0 0.0 000000 0 0 4 20
t1 7 32 0.0 0.0 0.0 000000 0 0 4 19
t1 7 33 0.0 0.0 0.0 000000 0 0 4 18
t1 7 34 0.0 0.0 0.0 000000 0 0 4 17
t1 7 35 0.0 0.0 0.0 000000 0 0 4 16
t1 7 36 0.0 0.0 0.0 000000 0 0 4 15
t1 7 37 0.0 0.0 0.0 000000 0 0 4 14
t1 7 38 0.0 0.0 0.0 000000 0 0 4 13
t1 7 39 0.0 0.0 0.0 000000 0 0 4 12
t1 7 40 0.0 0.0 0.0 000000 0 0 4 11
t1 7 41 0.0 0.0 0.0 000000 0 0 4 10
t1 7 42 0.0 0.0 0.0 000000 0 0 4 9
t1 7 43 0.0 0.0 0.0 000000 0 0 4 8
t1 7 44 0.0 0.0 0.0 000000 0 0 4 7
t1 7 45 0.0 0.0 0.0 000000 0 0 4 6
t1 7 46 0.0 0.0 0.0 000000 0 0 4 5
t1 7 47 0.0 0.0 0.0 000000 0 0 4 4
t1 7 48 0.0 0.0 0.0 000000 0 0 4 3
t1 7 49 0.0 0.0 0.0 000000 0 0 4 2
t1 7 50 0.0 0.0 0.0 000000 0 0 4 1
t1 8 1 0.0 0.0 0.0 000000 0 0 4 51
t1 8 2 0.0 0.0 0.0 000000 0 0 4 52
t1 8 3 0.0 0.0 0.0 000000 0 0 4 53
t1 8 4 0.0 0.0 0.0 000000 0 0 4 54
t1 8 5 0.0 0.0 0.0 000000 0 0 4 55
t1 8 6 0.0 0.0 0.0 000000 0 0 4 56
t1 8 7 0.0 0.0 0.0 000000 0 0 4 57
t1 8 8 0.0 0.0 0.0 000000 0 0 4 58
t1 8 9 0.0 0.0 0.0 000000 0 0 4 59
t1 8 10 0.0 0.0 0.0 000000 0 0 4 60
t1 8 11 0.0 0.0 0.0 000000 0 0 4 61
t1 8 12 0.0 0.0 0.0 000000 0 0 4 62
t1 8 13 0.0 0.0 0.0 000000 0 0 4 63
t1 8 14 0.0 0.0 0.0 000000 0 0 4 64
t1 8 15 0.0 0.0 0.0 000000 0 0 4 65
t1 8 16 0.0 0.0 0.0 000000 0 0 4 66
t1 8 17 0.0 0.0 0.0 000000 0 0 4 67
t1 8 18 0.0 0.0 0.0 000000 0 0 4 68
t1 8 19 0.0 0.0 0.0 000000 0 0 4 69
t1 8 20 0.0 0.0 0.0 000000 0 0 4 70
t1 8 21 0.0 0.0 0.0 000000 0 0 4 71
t1 8 22 0.0 0.0 0.0 000000 0 0 4 72
t1 8 23 0.0 0.0 0.0 000000 0 0 4 73
t1 8 24 0.0 0.0 0.0 000000 0 0 4 74
t1 8 25 0.0 0.0 0.0 000000 0 0 4 75
t1 8 26 0.0 0.0 0.0 000000 0 0 4 76
t1 8 27 0.0 0.0 0.0 000000 0 0 4 77
t1 8 28 0.0 0.0 0.0 000000 0 0 4 78
t1 8 29 0.0 0.0 0.0 000000 0 0 4 79
t1 8 30 0.0 0.0 0.0 000000 0 0 4 80
t1 8 31 0.0 0.0 0.0 000000 0 0 4 81
t1 8 32 0.0 0.0 0.0 000000 0 0 4 82
t1 8 33 0.0 0.0 0.0 000000 0 0 4 83
t1 8 34 0.0 0.0 0.0 000000 0 0 4 84
t1 8 35 0.0 0.0 0.0 000000 0 0 4 85
t1 8 36 0.0 0.0 0.0 000000 0 0 4 86
t1 8 37 0.0 0.0 0.0 000000 0 0 4 87
t1 8 38 0.0 0.0 0.0 000000 0 0 4 88
t1 8 39 0.0 0.0 0.0 000000 0 0 4 89
t1 8 40 0.0 0.0 0.0 000000 0 0 4 90
t1 8 41 0.0 0.0 0.0 000000 0 0 4 91
t1 8 42 0.0 0.0 0.0 000000 0 0 4 92
t1 8 43 0.0 0.0 0.0 000000 0 0 4 93
t1 8 44 0.0 0.0 0.0 000000 0 0 4 94
t1 8 45 0.0 0.0 0.0 000000 0 0 4 95
t1 8 46 0.0 0.0 0.0 000000 0 0 4 96
t1 8 47 0.0 0.0 0.0 000000 0 0 4 97
t1 8 48 0.0 0.0 0.0 000000 0 0 4 98
t1 8 49 0.0 0.0 0.0 000000 0 0 4 99
t1 8 50 0.0 0.0 0.0 000000 0 0 4 100
t1 9 1 0.0 0.0 0.0 000000 0 0 5 50
t1 9 2 0.0 0.0 0.0 000000 0 0 5 49
t1 9 3 0.0 0.0 0.0 000000 0 0 5 48
t1 9 4 0.0 0.0 0.0 000000 0 0 5 47
t1 9 5 0.0 0.0 0.0 000000 0 0 5 46
t1 9 6 0.0 0.0 0.0 000000 0 0 5 45
t1 9 7 0.0 0.0 0.0 000000 0 0 5 44
t1 9 8 0.0 0.0 0.0 000000 0 0 5 43
t1 9 9 0.0 0.0 0.0 000000 0 0 5 42
t1 9 10 0.0 0.0 0.0 000000 0 0 5 41
t1 9 11 0.0 0.0 0.0 000000 0 0 5 40
t1 9 12 0.0 0.0 0.0 000000 0 0 5 39
t1 9 13 0.0 0.0 0.0 000000 0 0 5 38
t1 9 14 0.0 0.0 0.0 000000 0 0 5 37
t1 9 15 0.0 0.0 0.0 000000 0 0 5 36
t1 9 16 0.0 0.0 0.0 000000 0 0 5 35
t1 9 17 0.0 0.0 0.0 000000 0 0 5 34
t1 9 18 0.0 0.0 0.0 000000 0 0 5 33
t1 9 19 0.0 0.0 0.0 000000 0 0 5 32
t1 9 20 0.0 0.0 0.0 000000 0 0 5 31
t1 9 21 0.0 0.0 0.0 000000 0 0 5 30
t1 9 22 0.0 0.0 0.0 000000 0 0 5 29
t1 9 23 0.0 0.0 0.0 000000 0 0 5 28
t1 9 24 0.0 0.0 0.0 000000 0 0 5 27
t1 9 25 0.0 0.0 0.0 000000 0 0 5 26
t1 9 26 0.0 0.0 0.0 000000 0 0 5 25
t1 9 27 0.0 0.0 0.0 000000 0 0 5 24
t1 9 28 0.0 0.0 0.0 000000 0 0 5 23
t1 9 29 0.0 0.0 0.0 000000 0 0 5 22
t1 9 30 0.0 0.0 0.0 000000 0 0 5 21
t1 9 31 0.0 0.0 0.0 000000 0 0 5 20
t1 9 32 0.0 0.0 0.0 000000 0 0 5 19
t1 9 33 0.0 0.0 0.0 000000 0 0 5 18
t1 9 34 0.0 0.0 0.0 000000 0 0 5 17
t1 9 35 0.0 0.0 0.0 000000 0 0 5 16
t1 9 36 0.0 0.0 0.0 000000 0 0 5 15
t1 9 37 0.0 0.0 0.0 000000 0 0 5 14
t1 9 38 0.0 0.0 0.0 000000 0 0 5 13
t1 9 39 0.0 0.0 0.0 000000 0 0 5 12
t1 9 40 0.0 0.0 0.0 000000 0 0 5 11
t1 9 41 0.0 0.0 0.0 000000 0 0 5 10
t1 9 42 0.0 0.0 0.0 000000 0 0 5 9
t1 9 43 0.0 0.0 0.0 000000 0 0 5 8
t1 9 44 0.0 0.0 0.0 000000 0 0 5 7
t1 9 45 0.0 0.0 0.0 000000 0 0 5 6
t1 9 46 0.0 0.0 0.0 000000 0 0 5 5
t1 9 47 0.0 0.0 0.0 000000 0 0 5 4
t1 9 48 0.0 0.0 0.0 000000 0 0 5 3
t1 9 49 0.0 0.0 0.0 000000 0 0 5 2
t1 9 50 0.0 0.0 0.0 000000 0 0 5 1
t1 10 1 0.0 0.0 0.0 000000 0 0 5 51
t1 10 2 0.0 0.0 0.0 000000 0 0 5 52
t1 10 3 0.0 0.0 0.0 000000 0 0 5 53
t1 10 4 0.0 0.0 0.0 000000 0 0 5 54
t1 10 5 0.0 0.0 0.0 000000 0 0 5 55
t1 10 6 0.0 0.0 0.0 000000 0 0 5 56
t1 10 7 0.0 0.0 0.0 000000 0 0 5 57
t1 10 8 0.0 0.0 0.0 000000 0 0 5 58
t1 10 9 0.0 0.0 0.0 000000 0 0 5 59
t1 10 10 0.0 0.0 0.0 000000 0 0 5 60
t1 10 11 0.0 0.0 0.0 000000 0 0 5 61
t1 10 12 0.0 0.0 0.0 000000 0 0 5 62
t1 10 13 0.0 0.0 0.0 000000 0 0 5 63
t1 10 14 0.0 0.0 0.0 000000 0 0 5 64
t1 10 15 0.0 0.0 0.0 000000 0 0 5 65
t1 10 16 0.0 0.0 0.0 000000 0 0 5 66
t1 10 17 0.0 0.0 0.0 000000 0 0 5 67
t1 10 18 0.0 0.0 0.0 000000 0 0 5 68
t1 10 19 0.0 0.0 0.0 000000 0 0 5 69
t1 10 20 0.0 0.0 0.0 000000 0 0 5 70
t1 10 21 0.0 0.0 0.0 000000 0 0 5 71
t1 10 22 0.0 0.0 0.0 000000 0 0 5 72
t1 10 23 0.0 0.0 0.0 000000 0 0 5 73
t1 10 24 0.0 0.0 0.0 000000 0 0 5 74
t1 10 25 0.0 0.0 0.0 000000 0 0 5 75
t1 10 26 0.0 0.0 0.0 000000 0 0 5 76
t1 10 27 0.0 0.0 0.0 000000 0 0 5 77
t1 10 28 0.0 0.0 0.0 000000 0 0 5 78
t1 10 29 0.0 0.0 0.0 000000 0 0 5 79
t1 10 30 0.0 0.0 0.0 000000 0 0 5 80
t1 10 31 0.0 0.0 0.0 000000 0 0 5 81
t1 10 32 0.0 0.0 0.0 000000 0 0 5 82
t1 10 33 0.0 0.0 0.0 000000 0 0 5 83
t1 10 34 0.0 0.0 0.0 000000 0 0 5 84
t1 10 35 0.0 0.0 0.0 000000 0 0 5 85
t1 10 36 0.0 0.0 0.0 000000 0 0 5 86
t1 10 37 0.0 0.0 0.0 000000 0 0 5 87
t1 10 38 0.0 0.0 0.0 000000 0 0 5 88
t1 10 39 0.0 0.0 0.0 000000 0 0 5 89
t1 10 40 0.0 0.0 0.0 000000 0 0 5 90
t1 10 41 0.0 0.0 0.0 000000 0 0 5 91
t1 10 42 0.0 0.0 0.0 000000 0 0 5 92
t1 10 43 0.0 0.0 0.0 000000 0 0 5 93
t1 10 44 0.0 0.0 0.0 000000 0 0 5 94
t1 10 45 0.0 0.0 0.0 000000 0 0 5 95
t1 10 46 0.0 0.0 0.0 000000 0 0 5 96
t1 10 47 0.0 0.0 0.0 000000 0 0 5 97
t1 10 48 0.0 0.0 0.0 000000 0 0 5 98
t1 10 49 0.0 0.0 0.0 000000 0 0 5 99
t1 10 50 0.0 0.0 0.0 000000 0 0 5 100
t1 11 1 0.0 0.0 0.0 000000 0 0 6 50
t1 11 2 0.0 0.0 0.0 000000 0 0 6 49
t1 11 3 0.0 0.0 0.0 000000 0 0 6 48
t1 11 4 0.0 0.0 0.0 000000 0 0 6 47
t1 11 5 0.0 0.0 0.0 000000 0 0 6 46
t1 11 6 0.0 0.0 0.0 000000 0 0 6 45
t1 11 7 0.0 0.0 0.0 000000 0 0 6 44
t1 11 8 0.0 0.0 0.0 000000 0 0 6 43
t1 11 9 0.0 0.0 0.0 000000 0 0 6 42
t1 11 10 0.0 0.0 0.0 000000 0 0 6 41
t1 11 11 0.0 0.0 0.0 000000 0 0 6 40
t1 11 12 0.0 0.0 0.0 000000 0 0 6 39
t1 11 13 0.0 0.0 0.0 000000 0 0 6 38
t1 11 14 0.0 0.0 0.0 000000 0 0 6 37
t1 11 15 0.0 0.0 0.0 000000 0 0 6 36
t1 11 16 0.0 0.0 0.0 000000 0 0 6 35
t1 11 17 0.0 0.0 0.0 000000 0 0 6 34
t1 11 18 0.0 0.0 0.0 000000 0 0 6 33
t1 11 19 0.0 0.0 0.0 000000 0 0 6 32
t1 11 20 0.0 0.0 0.0 000000 0 0 6 31
t1 11 21 0.0 0.0 0.0 000000 0 0 6 30
t1 11 22 0.0 0.0 0.0 000000 0 0 6 29
t1 11 23 0.0 0.0 0.0 000000 0 0 6 28
t1 11 24 0.0 0.0 0.0 000000 0 0 6 27
t1 11 25 0.0 0.0 0.0 000000 0 0 6 26
t1 11 26 0.0 0.0 0.0 000000 0 0 6 25
t1 11 27 0.0 0.0 0.0 000000 0 0 6 24
t1 11 28 0.0 0.0 0.0 000000 0 0 6 23
t1 11 29 0.0 0.0 0.0 000000 0 0 6 22
t1 11 30 0.0 0.0 0.0 000000 0 0 6 21
t1 11 31 0.0 0.0 0.0 000000 0 0 6 20
t1 11 32 0.0 0.0 0.0 000000 0 0 6 19
t1 11 33 0.0 0.0 0.0 000000 0 0 6 18
t1 11 34 0.0 0.0 0.0 000000 0 0 6 17
t1 11 35 0.0 0.0 0.0 000000 0 0 6 16
t1 11 36 0.0 0.0 0.0 000000 0 0 6 15
t1 11 37 0.0 0.0 0.0 000000 0 0 6 14
t1 11 38 0.0 0.0 0.0 000000 0 0 6 13
t1 11 39 0.0 0.0 0.0 000000 0 0 6 12
t1 11 40 0.0 0.0 0.0 000000 0 0 6 11
t1 11 41 0.0 0.0 0.0 000000 0 0 6 10
t1 11 42 0.0 0.0 0.0 000000 0 0 6 9
t1 11 43 0.0 0.0 0.0 000000 0 0 6 8
t1 11 44 0.0 0.0 0.0 000000 0 0 6 7
t1 11 45 0.0 0.0 0.0 000000 0 0 6 6
t1 11 46 0.0 0.0 0.0 000000 0 0 6 5
t1 11 47 0.0 0.0 0.0 000000 0 0 6 4
t1 11 48 0.0 0.0 0.0 000000 0 0 6 3
t1 11 49 0.0 0.0 0.0 000000 0 0 6 2
t1 11 50 0.0 0.0 0.0 000000 0 0 6 1
t1 12 1 0.0 0.0 0.0 000000 0 0 6 51
t1 12 2 0.0 0.0 0.0 000000 0 0 6 52
t1 12 3 0.0 0.0 0.0 000000 0 0 6 53
t1 12 4 0.0 0.0 0.0 000000 0 0 6 54
t1 12 5 0.0 0.0 0.0 000000 0 0 6 55
t1 12 6 0.0 0.0 0.0 000000 0 0 6 56
t1 12 7 0.0 0.0 0.0 000000 0 0 6 57
t1 12 8 0.0 0.0 0.0 000000 0 0 6 58
t1 12 9 0.0 0.0 0.0 000000 0 0 6 59
t1 12 10 0.0 0.0 0.0 000000 0 0 6 60
t1 12 11 0.0 0.0 0.0 000000 0 0 6 61
t1 12 12 0.0 0.0 0.0 000000 0 0 6 62
t1 12 13 0.0 0.0 0.0 000000 0 0 6 63
t1 12 14 0.0 0.0 0.0 000000 0 0 6 64
t1 12 15 0.0 0.0 0.0 000000 0 0 6 65
t1 12 16 0.0 0.0 0.0 000000 0 0 6 66
t1 12 17 0.0 0.0 0.0 000000 0 0 6 67
t1 12 18 0.0 0.0 0.0 000000 0 0 6 68
t1 12 19 0.0 0.0 0.0 000000 0 0 6 69
t1 12 20 0.0 0.0 0.0 000000 0 0 6 70
t1 12 21 0.0 0.0 0.0 000000 0 0 6 71
t1 12 22 0.0 0.0 0.0 000000 0 0 6 72
t1 12 23 0.0 0.0 0.0 000000 0 0 6 73
t1 12 24 0.0 0.0 0.0 000000 0 0 6 74
t1 12 25 0.0 0.0 0.0 000000 0 0 6 75
t1 12 26 0.0 0.0 0.0 000000 0 0 6 76
t1 12 27 0.0 0.0 0.0 000000 0 0 6 77
t1 12 28 0.0 0.0 0.0 000000 0 0 6 78
t1 12 29 0.0 0.0 0.0 000000 0 0 6 79
t1 12 30 0.0 0.0 0.0 000000 0 0 6 80
t1 12 31 0.0 0.0 0.0 000000 0 0 6 81
t1 12 32 0.0 0.0 0.0 000000 0 0 6 82
t1 12 33 0.0 0.0 0.0 000000 0 0 6 83
t1 12 34 0.0 0.0 0.0 000000 0 0 6 84
t1 12 35 0.0 0.0 0.0 000000 0 0 6 85
t1 12 36 0.0 0.0 0.0 000000 0 0 6 86
t1 12 37 0.0 0.0 0.0 000000 0 0 6 87
t1 12 38 0.0 0.0 0.0 000000 0 0 6 88
t1 12 39 0.0 0.0 0.0 000000 0 0 6 89
t1 12 40 0.0 0.0 0.0 000000 0 0 6 90
t1 12 41 0.0 0.0 0.0 000000 0 0 6 91
t1 12 42 0.0 0.0 0.0 000000 0 0 6 92
t1 12 43 0.0 0.0 0.0 000000 0 0 6 93
t1 12 44 0.0 0.0 0.0 000000 0 0 6 94
t1 12 45 0.0 0.0 0.0 000000 0 0 6 95
t1 12 46 0.0 0.0 0.0 000000 0 0 6 96
t1 12 47 0.0 0.0 0.0 000000 0 0 6 97
t1 12 48 0.0 0.0 0.0 000000 0 0 6 98
t1 12 49 0.0 0.0 0.0 000000 0 0 6 99
t1 12 50 0.0 0.0 0.0 000000 0 0 6 100
t1   13    1     0.000     0.728   131.254 1028863 0 0 1 50
t1   13    2     0.000     1.455   128.343 1031679 0 0 1 49
t1   13    3     0.000     2.183   125.433 1034495 0 0 1 48
t1   13    4     0.000     2.910   122.522 1037311 0 0 1 47
t1   13    5     0.000     3.638   119.612 1039871 0 0 1 46
t1   13    6     0.000     4.366   116.702 1042687 0 0 1 45
t1   13    7     0.000     5.093   113.791 1045503 0 0 1 44
t1   13    8     0.000     5.821   110.881 1048319 0 0 1 43
t1   13    9     0.000     6.548   107.970 1048565 0 0 1 42
t1   13   10     0.000     7.276   105.060 1048554 0 0 1 41
t1   13   11     0.000     8.004   102.149 1048543 0 0 1 40
t1   13   12     0.000     8.731    99.239 1048532 0 0 1 39
t1   13   13     0.000     9.459    96.329 16777215 0 0 1 38
t1   13   14     0.000    10.186    93.418 16777215 0 0 1 37
t1   13   15     0.000    10.914    90.508 1048500 0 0 1 36
t1   13   16     0.000    11.642    87.597 1048489 0 0 1 35
t1   13   17     0.000    12.369    84.687 16777215 0 0 1 34
t1   13   18     0.000    13.097    81.776 1048467 0 0 1 33
t1   13   19     0.000    13.825    78.866 1048456 0 0 1 32
t1   13   20     0.000    14.552    75.956 1048445 0 0 1 31
t1   13   21     0.000    15.280    73.045 1048435 0 0 1 30
t1   13   22     0.000    16.007    70.135 1048424 0 0 1 29
t1   13   23     0.000    16.735    67.224 1048413 0 0 1 28
t1   13   24     0.000    17.463    64.314 1048402 0 0 1 27
t1   13   25     0.000    18.190    61.403 1048391 0 0 1 26
t1   13   26     0.000    18.918    58.493 1048380 0 0 1 25
t1   13   27     0.000    19.645    55.583 16777215 0 0 1 24
t1   13   28     0.000    20.373    52.672 1048358 0 0 1 23
t1   13   29     0.000    21.101    49.762 1048347 0 0 1 22
t1   13   30     0.000    21.828    46.851 1048337 0 0 1 21
t1   13   31     0.000    22.556    43.941 1638159 0 0 1 20
t1   13   32     0.000    23.283    41.030 16777215 0 0 1 19
t1   13   33     0.000    24.011    38.120 3079951 0 0 1 18
t1   13   34     0.000    24.739    35.210 3800847 0 0 1 17
t1   13   35     0.000    25.466    32.299 4521743 0 0 1 16
t1   13   36     0.000    26.194    29.389 5242639 0 0 1 15
t1   13   37     0.000    26.921    26.478 16777215 0 0 1 14
t1   13   38     0.000    27.649    23.568 6618895 0 0 1 13
t1   13   39     0.000    28.377    20.657 7339791 0 0 1 12
t1   13   40     0.000    29.104    17.747 8060687 0 0 1 11
t1   13   41     0.000    29.832    14.837 8781583 0 0 1 10
t1   13   42     0.000    30.559    11.926 9502479 0 0 1 9
t1   13   43     0.000    31.287     9.016 16777215 0 0 1 8
t1   13   44     0.000    32.015     6.105 10944271 0 0 1 7
t1   13   45     0.000    32.742     3.195 11665167 0 0 1 6
t1   13   46     0.000    33.470     0.284 12320527 0 0 1 5
t1   13   47     0.000    34.198    -2.626 13041423 0 0 1 4
t1   13   48     0.000    34.925    -5.536 13762319 0 0 1 3
t1   13   49     0.000    35.653    -8.447 14483215 0 0 1 2
t1   13   50     0.000    36.380   -11.357 15204111 0 0 1 1
t1   14    1     0.142     0.714   131.254 1028863 0 0 1 51
t1   14    2     0.284     1.427   128.343 1031679 0 0 1 52
t1   14    3     0.426     2.141   125.433 1034495 0 0 1 53
t1   14    4     0.568     2.855   122.522 1037311 0 0 1 54
t1   14    5     0.710     3.568   119.612 1039871 0 0 1 55
t1   14    6     0.852     4.282   116.702 16777215 0 0 1 56
t1   14    7     0.994     4.995   113.791 1045503 0 0 1 57
t1   14    8     1.136     5.709   110.881 1048319 0 0 1 58
t1   14    9     1.278     6.423   107.970 16777215 0 0 1 59
t1   14   10     1.419     7.136   105.060 1048554 0 0 1 60
t1   14   11     1.561     7.850   102.149 1048543 0 0 1 61
t1   14   12     1.703     8.564    99.239 1048532 0 0 1 62
t1   14   13     1.845     9.277    96.329 1048522 0 0 1 63
t1   14   14     1.987     9.991    93.418 1048511 0 0 1 64
t1   14   15     2.129    10.704    90.508 1048500 0 0 1 65
t1   14   16     2.271    11.418    87.597 1048489 0 0 1 66
t1   14   17     2.413    12.132    84.687 1048478 0 0 1 67
t1   14   18     2.555    12.845    81.776 16777215 0 0 1 68
t1   14   19     2.697    13.559    78.866 1048456 0 0 1 69
t1   14   20     2.839    14.273    75.956 1048445 0 0 1 70
t1   14   21     2.981    14.986    73.045 1048435 0 0 1 71
t1   14   22     3.123    15.700    70.135 1048424 0 0 1 72
t1   14   23     3.265    16.413    67.224 1048413 0 0 1 73
t1   14   24     3.407    17.127    64.314 1048402 0 0 1 74
t1   14   25     3.549    17.841    61.403 1048391 0 0 1 75
t1   14   26     3.691    18.554    58.493 1048380 0 0 1 76
t1   14   27     3.833    19.268    55.583 1048369 0 0 1 77
t1   14   28     3.975    19.982    52.672 1048358 0 0 1 78
t1   14   29     4.117    20.695    49.762 1048347 0 0 1 79
t1   14   30     4.258    21.409    46.851 1048337 0 0 1 80
t1   14   31     4.400    22.122    43.941 1638159 0 0 1 81
t1   14   32     4.542    22.836    41.030 2359055 0 0 1 82
t1   14   33     4.684    23.550    38.120 16777215 0 0 1 83
t1   14   34     4.826    24.263    35.210 16777215 0 0 1 84
t1   14   35     4.968    24.977    32.299 16777215 0 0 1 85
t1   14   36     5.110    25.691    29.389 5242639 0 0 1 86
t1   14   37     5.252    26.404    26.478 5963535 0 0 1 87
t1   14   38     5.394    27.118    23.568 6618895 0 0 1 88
t1   14   39     5.536    27.831    20.657 16777215 0 0 1 89
t1   14   40     5.678    28.545    17.747 16777215 0 0 1 90
t1   14   41     5.820    29.259    14.837 8781583 0 0 1 91
t1   14   42     5.962    29.972    11.926 16777215 0 0 1 92
t1   14   43     6.104    30.686     9.016 10223375 0 0 1 93
t1   14   44     6.246    31.400     6.105 16777215 0 0 1 94
t1   14   45     6.388    32.113     3.195 16777215 0 0 1 95
t1   14   46     6.530    32.827     0.284 12320527 0 0 1 96
t1   14   47     6.672    33.540    -2.626 13041423 0 0 1 97
t1   14   48     6.814    34.254    -5.536 13762319 0 0 1 98
t1   14   49     6.956    34.968    -8.447 14483215 0 0 1 99
t1   14   50     7.097    35.681   -11.357 15204111 0 0 1 100
t1   15    1     0.278     0.672   131.254 1028863 0 0 2 50
t1   15    2     0.557     1.344   128.343 1031679 0 0 2 49
t1   15    3     0.835     2.017   125.433 1034495 0 0 2 48
t1   15    4     1.114     2.689   122.522 1037311 0 0 2 47
t1   15    5     1.392     3.361   119.612 1039871 0 0 2 46
t1   15    6     1.671     4.033   116.702 1042687 0 0 2 45
t1   15    7     1.949     4.706   113.791 16777215 0 0 2 44
t1   15    8     2.228     5.378   110.881 1048319 0 0 2 43
t1   15    9     2.506     6.050   107.970 1048565 0 0 2 42
t1   15   10     2.784     6.722   105.060 1048554 0 0 2 41
t1   15   11     3.063     7.394   102.149 1048543 0 0 2 40
t1   15   12     3.341     8.067    99.239 16777215 0 0 2 39
t1   15   13     3.620     8.739    96.329 1048522 0 0 2 38
t1   15   14     3.898     9.411    93.418 1048511 0 0 2 37
t1   15   15     4.177    10.083    90.508 1048500 0 0 2 36
t1   15   16     4.455    10.756    87.597 1048489 0 0 2 35
t1   15   17     4.734    11.428    84.687 1048478 0 0 2 34
t1   15   18     5.012    12.100    81.776 1048467 0 0 2 33
t1   15   19     5.290    12.772    78.866 1048456 0 0 2 32
t1   15   20     5.569    13.444    75.956 1048445 0 0 2 31
t1   15   21     5.847    14.117    73.045 1048435 0 0 2 30
t1   15   22     6.126    14.789    70.135 1048424 0 0 2 29
t1   15   23     6.404    15.461    67.224 1048413 0 0 2 28
t1   15   24     6.683    16.133    64.314 1048402 0 0 2 27
t1   15   25     6.961    16.806    61.403 1048391 0 0 2 26
t1   15   26     7.240    17.478    58.493 16777215 0 0 2 25
t1   15   27     7.518    18.150    55.583 1048369 0 0 2 24
t1   15   28     7.796    18.822    52.672 1048358 0 0 2 23
t1   15   29     8.075    19.494    49.762 16777215 0 0 2 22
t1   15   30     8.353    20.167    46.851 16777215 0 0 2 21
t1   15   31     8.632    20.839    43.941 1638159 0 0 2 20
t1   15   32     8.910    21.511    41.030 16777215 0 0 2 19
t1   15   33     9.189    22.183    38.120 3079951 0 0 2 18
t1   15   34     9.467    22.856    35.210 3800847 0 0 2 17
t1   15   35     9.746    23.528    32.299 16777215 0 0 2 16
t1   15   36    10.024    24.200    29.389 5242639 0 0 2 15
t1   15   37    10.302    24.872    26.478 16777215 0 0 2 14
t1   15   38    10.581    25.544    23.568 6618895 0 0 2 13
t1   15   39    10.859    26.217    20.657 7339791 0 0 2 12
t1   15   40    11.138    26.889    17.747 8060687 0 0 2 11
t1   15   41    11.416    27.561    14.837 8781583 0 0 2 10
t1   15   42    11.695    28.233    11.926 9502479 0 0 2 9
t1   15   43    11.973    28.906     9.016 10223375 0 0 2 8
t1   15   44    12.251    29.578     6.105 16777215 0 0 2 7
t1   15   45    12.530    30.250     3.195 11665167 0 0 2 6
t1   15   46    12.808    30.922     0.284 12320527 0 0 2 5
t1   15   47    13.087    31.594    -2.626 13041423 0 0 2 4
t1   15   48    13.365    32.267    -5.536 16777215 0 0 2 3
t1   15   49    13.644    32.939    -8.447 14483215 0 0 2 2
t1   15   50    13.922    33.611   -11.357 15204111 0 0 2 1
t1   16    1     0.404     0.605   131.254 1028863 0 0 2 51
t1   16    2     0.808     1.210   128.343 1031679 0 0 2 52
t1   16    3     1.213     1.815   125.433 16777215 0 0 2 53
t1   16    4     1.617     2.420   122.522 1037311 0 0 2 54
t1   16    5     2.021     3.025   119.612 1039871 0 0 2 55
t1   16    6     2.425     3.630   116.702 1042687 0 0 2 56
t1   16    7     2.830     4.235   113.791 16777215 0 0 2 57
t1   16    8     3.234     4.840   110.881 1048319 0 0 2 58
t1   16    9     3.638     5.445   107.970 1048565 0 0 2 59
t1   16   10     4.042     6.050   105.060 1048554 0 0 2 60
t1   16   11     4.447     6.655   102.149 1048543 0 0 2 61
t1   16   12     4.851     7.260    99.239 1048532 0 0 2 62
t1   16   13     5.255     7.865    96.329 1048522 0 0 2 63
t1   16   14     5.659     8.470    93.418 1048511 0 0 2 64
t1   16   15     6.064     9.075    90.508 1048500 0 0 2 65
t1   16   16     6.468     9.680    87.597 16777215 0 0 2 66
t1   16   17     6.872    10.285    84.687 16777215 0 0 2 67
t1   16   18     7.276    10.890    81.776 1048467 0 0 2 68
t1   16   19     7.680    11.495    78.866 1048456 0 0 2 69
t1   16   20     8.085    12.100    75.956 16777215 0 0 2 70
t1   16   21     8.489    12.705    73.045 1048435 0 0 2 71
t1   16   22     8.893    13.310    70.135 1048424 0 0 2 72
t1   16   23     9.297    13.915    67.224 1048413 0 0 2 73
t1   16   24     9.702    14.520    64.314 1048402 0 0 2 74
t1   16   25    10.106    15.125    61.403 1048391 0 0 2 75
t1   16   26    10.510    15.730    58.493 1048380 0 0 2 76
t1   16   27    10.914    16.335    55.583 1048369 0 0 2 77
t1   16   28    11.319    16.940    52.672 1048358 0 0 2 78
t1   16   29    11.723    17.545    49.762 1048347 0 0 2 79
t1   16   30    12.127    18.149    46.851 1048337 0 0 2 80
t1   16   31    12.531    18.754    43.941 1638159 0 0 2 81
t1   16   32    12.936    19.359    41.030 2359055 0 0 2 82
t1   16   33    13.340    19.964    38.120 3079951 0 0 2 83
t1   16   34    13.744    20.569    35.210 3800847 0 0 2 84
t1   16   35    14.148    21.174    32.299 16777215 0 0 2 85
t1   16   36    14.553    21.779    29.389 5242639 0 0 2 86
t1   16   37    14.957    22.384    26.478 5963535 0 0 2 87
t1   16   38    15.361    22.989    23.568 6618895 0 0 2 88
t1   16   39    15.765    23.594    20.657 7339791 0 0 2 89
t1   16   40    16.169    24.199    17.747 16777215 0 0 2 90
t1   16   41    16.574    24.804    14.837 8781583 0 0 2 91
t1   16   42    16.978    25.409    11.926 9502479 0 0 2 92
t1   16   43    17.382    26.014     9.016 10223375 0 0 2 93
t1   16   44    17.786    26.619     6.105 10944271 0 0 2 94
t1   16   45    18.191    27.224     3.195 16777215 0 0 2 95
t1   16   46    18.595    27.829     0.284 12320527 0 0 2 96
t1   16   47    18.999    28.434    -2.626 16777215 0 0 2 97
t1   16   48    19.403    29.039    -5.536 13762319 0 0 2 98
t1   16   49    19.808    29.644    -8.447 14483215 0 0 2 99
t1   16   50    20.212    30.249   -11.357 16777215 0 0 2 100
t1   17    1     0.514     0.514   131.254 1028863 0 0 3 50
t1   17    2     1.029     1.029   128.343 1031679 0 0 3 49
t1   17    3     1.543     1.543   125.433 1034495 0 0 3 48
t1   17    4     2.058     2.058   122.522 1037311 0 0 3 47
t1   17    5     2.572     2.572   119.612 16777215 0 0 3 46
t1   17    6     3.087     3.087   116.702 1042687 0 0 3 45
t1   17    7     3.601     3.601   113.791 1045503 0 0 3 44
t1   17    8     4.116     4.116   110.881 16777215 0 0 3 43
t1   17    9     4.630     4.630   107.970 16777215 0 0 3 42
t1   17   10     5.145     5.145   105.060 1048554 0 0 3 41
t1   17   11     5.659     5.659   102.149 16777215 0 0 3 40
t1   17   12     6.174     6.174    99.239 16777215 0 0 3 39
t1   17   13     6.688     6.688    96.329 1048522 0 0 3 38
t1   17   14     7.203     7.203    93.418 1048511 0 0 3 37
t1   17   15     7.717     7.717    90.508 1048500 0 0 3 36
t1   17   16     8.232     8.232    87.597 1048489 0 0 3 35
t1   17   17     8.746     8.746    84.687 1048478 0 0 3 34
t1   17   18     9.261     9.261    81.776 1048467 0 0 3 33
t1   17   19     9.775     9.775    78.866 1048456 0 0 3 32
t1   17   20    10.290    10.290    75.956 1048445 0 0 3 31
t1   17   21    10.804    10.804    73.045 1048435 0 0 3 30
t1   17   22    11.319    11.319    70.135 1048424 0 0 3 29
t1   17   23    11.833    11.833    67.224 16777215 0 0 3 28
t1   17   24    12.348    12.348    64.314 1048402 0 0 3 27
t1   17   25    12.862    12.862    61.403 1048391 0 0 3 26
t1   17   26    13.377    13.377    58.493 1048380 0 0 3 25
t1   17   27    13.891    13.891    55.583 1048369 0 0 3 24
t1   17   28    14.406    14.406    52.672 1048358 0 0 3 23
t1   17   29    14.920    14.920    49.762 1048347 0 0 3 22
t1   17   30    15.435    15.435    46.851 1048337 0 0 3 21
t1   17   31    15.949    15.949    43.941 1638159 0 0 3 20
t1   17   32    16.464    16.464    41.030 2359055 0 0 3 19
t1   17   33    16.978    16.978    38.120 3079951 0 0 3 18
t1   17   34    17.493    17.493    35.210 3800847 0 0 3 17
t1   17   35    18.007    18.007    32.299 4521743 0 0 3 16
t1   17   36    18.522    18.522    29.389 16777215 0 0 3 15
t1   17   37    19.036    19.036    26.478 5963535 0 0 3 14
t1   17   38    19.551    19.551    23.568 16777215 0 0 3 13
t1   17   39    20.065    20.065    20.657 7339791 0 0 3 12
t1   17   40    20.580    20.580    17.747 8060687 0 0 3 11
t1   17   41    21.094    21.094    14.837 8781583 0 0 3 10
t1   17   42    21.609    21.609    11.926 16777215 0 0 3 9
t1   17   43    22.123    22.123     9.016 10223375 0 0 3 8
t1   17   44    22.638    22.638     6.105 10944271 0 0 3 7
t1   17   45    23.152    23.152     3.195 11665167 0 0 3 6
t1   17   46    23.667    23.667     0.284 16777215 0 0 3 5
t1   17   47    24.181    24.181    -2.626 16777215 0 0 3 4
t1   17   48    24.696    24.696    -5.536 13762319 0 0 3 3
t1   17   49    25.210    25.210    -8.447 14483215 0 0 3 2
t1   17   50    25.725    25.725   -11.357 15204111 0 0 3 1
t1   18    1     0.605     0.404   131.254 16777215 0 0 3 51
t1   18    2     1.210     0.808   128.343 1031679 0 0 3 52
t1   18    3     1.815     1.213   125.433 1034495 0 0 3 53
t1   18    4     2.420     1.617   122.522 1037311 0 0 3 54
t1   18    5     3.025     2.021   119.612 1039871 0 0 3 55
t1   18    6     3.630     2.425   116.702 1042687 0 0 3 56
t1   18    7     4.235     2.830   113.791 1045503 0 0 3 57
t1   18    8     4.840     3.234   110.881 1048319 0 0 3 58
t1   18    9     5.445     3.638   107.970 1048565 0 0 3 59
t1   18   10     6.050     4.042   105.060 16777215 0 0 3 60
t1   18   11     6.655     4.447   102.149 16777215 0 0 3 61
t1   18   12     7.260     4.851    99.239 1048532 0 0 3 62
t1   18   13     7.865     5.255    96.329 1048522 0 0 3 63
t1   18   14     8.470     5.659    93.418 1048511 0 0 3 64
t1   18   15     9.075     6.064    90.508 16777215 0 0 3 65
t1   18   16     9.680     6.468    87.597 1048489 0 0 3 66
t1   18   17    10.285     6.872    84.687 1048478 0 0 3 67
t1   18   18    10.890     7.276    81.776 1048467 0 0 3 68
t1   18   19    11.495     7.680    78.866 1048456 0 0 3 69
t1   18   20    12.100     8.085    75.956 1048445 0 0 3 70
t1   18   21    12.705     8.489    73.045 1048435 0 0 3 71
t1   18   22    13.310     8.893    70.135 16777215 0 0 3 72
t1   18   23    13.915     9.297    67.224 1048413 0 0 3 73
t1   18   24    14.520     9.702    64.314 1048402 0 0 3 74
t1   18   25    15.125    10.106    61.403 16777215 0 0 3 75
t1   18   26    15.730    10.510    58.493 1048380 0 0 3 76
t1   18   27    16.335    10.914    55.583 1048369 0 0 3 77
t1   18   28    16.940    11.319    52.672 16777215 0 0 3 78
t1   18   29    17.545    11.723    49.762 16777215 0 0 3 79
t1   18   30    18.149    12.127    46.851 1048337 0 0 3 80
t1   18   31    18.754    12.531    43.941 16777215 0 0 3 81
t1   18   32    19.359    12.936    41.030 2359055 0 0 3 82
t1   18   33    19.964    13.340    38.120 16777215 0 0 3 83
t1   18   34    20.569    13.744    35.210 3800847 0 0 3 84
t1   18   35    21.174    14.148    32.299 4521743 0 0 3 85
t1   18   36    21.779    14.553    29.389 5242639 0 0 3 86
t1   18   37    22.384    14.957    26.478 16777215 0 0 3 87
t1   18   38    22.989    15.361    23.568 6618895 0 0 3 88
t1   18   39    23.594    15.765    20.657 7339791 0 0 3 89
t1   18   40    24.199    16.169    17.747 8060687 0 0 3 90
t1   18   41    24.804    16.574    14.837 8781583 0 0 3 91
t1   18   42    25.409    16.978    11.926 9502479 0 0 3 92
t1   18   43    26.014    17.382     9.016 10223375 0 0 3 93
t1   18   44    26.619    17.786     6.105 10944271 0 0 3 94
t1   18   45    27.224    18.191     3.195 11665167 0 0 3 95
t1   18   46    27.829    18.595     0.284 12320527 0 0 3 96
t1   18   47    28.434    18.999    -2.626 16777215 0 0 3 97
t1   18   48    29.039    19.403    -5.536 13762319 0 0 3 98
t1   18   49    29.644    19.808    -8.447 14483215 0 0 3 99
t1   18   50    30.249    20.212   -11.357 15204111 0 0 3 100
t1   19    1     0.672     0.278   131.254 1028863 0 0 4 50
t1   19    2     1.344     0.557   128.343 1031679 0 0 4 49
t1   19    3     2.017     0.835   125.433 1034495 0 0 4 48
t1   19    4     2.689     1.114   122.522 1037311 0 0 4 47
t1   19    5     3.361     1.392   119.612 1039871 0 0 4 46
t1   19    6     4.033     1.671   116.702 1042687 0 0 4 45
t1   19    7     4.706     1.949   113.791 1045503 0 0 4 44
t1   19    8     5.378     2.228   110.881 1048319 0 0 4 43
t1   19    9     6.050     2.506   107.970 1048565 0 0 4 42
t1   19   10     6.722     2.784   105.060 16777215 0 0 4 41
t1   19   11     7.394     3.063   102.149 1048543 0 0 4 40
t1   19   12     8.067     3.341    99.239 1048532 0 0 4 39
t1   19   13     8.739     3.620    96.329 1048522 0 0 4 38
t1   19   14     9.411     3.898    93.418 1048511 0 0 4 37
t1   19   15    10.083     4.177    90.508 1048500 0 0 4 36
t1   19   16    10.756     4.455    87.597 1048489 0 0 4 35
t1   19   17    11.428     4.734    84.687 16777215 0 0 4 34
t1   19   18    12.100     5.012    81.776 1048467 0 0 4 33
t1   19   19    12.772     5.290    78.866 16777215 0 0 4 32
t1   19   20    13.444     5.569    75.956 1048445 0 0 4 31
t1   19   21    14.117     5.847    73.045 16777215 0 0 4 30
t1   19   22    14.789     6.126    70.135 1048424 0 0 4 29
t1   19   23    15.461     6.404    67.224 1048413 0 0 4 28
t1   19   24    16.133     6.683    64.314 1048402 0 0 4 27
t1   19   25    16.806     6.961    61.403 1048391 0 0 4 26
t1   19   26    17.478     7.240    58.493 1048380 0 0 4 25
t1   19   27    18.150     7.518    55.583 1048369 0 0 4 24
t1   19   28    18.822     7.796    52.672 1048358 0 0 4 23
t1   19   29    19.494     8.075    49.762 1048347 0 0 4 22
t1   19   30    20.167     8.353    46.851 1048337 0 0 4 21
t1   19   31    20.839     8.632    43.941 16777215 0 0 4 20
t1   19   32    21.511     8.910    41.030 2359055 0 0 4 19
t1   19   33    22.183     9.189    38.120 3079951 0 0 4 18
t1   19   34    22.856     9.467    35.210 3800847 0 0 4 17
t1   19   35    23.528     9.746    32.299 4521743 0 0 4 16
t1   19   36    24.200    10.024    29.389 16777215 0 0 4 15
t1   19   37    24.872    10.302    26.478 5963535 0 0 4 14
t1   19   38    25.544    10.581    23.568 6618895 0 0 4 13
t1   19   39    26.217    10.859    20.657 7339791 0 0 4 12
t1   19   40    26.889    11.138    17.747 8060687 0 0 4 11
t1   19   41    27.561    11.416    14.837 16777215 0 0 4 10
t1   19   42    28.233    11.695    11.926 9502479 0 0 4 9
t1   19   43    28.906    11.973     9.016 10223375 0 0 4 8
t1   19   44    29.578    12.251     6.105 10944271 0 0 4 7
t1   19   45    30.250    12.530     3.195 11665167 0 0 4 6
t1   19   46    30.922    12.808     0.284 12320527 0 0 4 5
t1   19   47    31.594    13.087    -2.626 13041423 0 0 4 4
t1   19   48    32.267    13.365    -5.536 13762319 0 0 4 3
t1   19   49    32.939    13.644    -8.447 14483215 0 0 4 2
t1   19   50    33.611    13.922   -11.357 15204111 0 0 4 1
t1   20    1     0.714     0.142   131.254 1028863 0 0 4 51
t1   20    2     1.427     0.284   128.343 1031679 0 0 4 52
t1   20    3     2.141     0.426   125.433 1034495 0 0 4 53
t1   20    4     2.855     0.568   122.522 1037311 0 0 4 54
t1   20    5     3.568     0.710   119.612 1039871 0 0 4 55
t1   20    6     4.282     0.852   116.702 1042687 0 0 4 56
t1   20    7     4.995     0.994   113.791 1045503 0 0 4 57
t1   20    8     5.709     1.136   110.881 16777215 0 0 4 58
t1   20    9     6.423     1.278   107.970 1048565 0 0 4 59
t1   20   10     7.136     1.419   105.060 16777215 0 0 4 60
t1   20   11     7.850     1.561   102.149 16777215 0 0 4 61
t1   20   12     8.564     1.703    99.239 1048532 0 0 4 62
t1   20   13     9.277     1.845    96.329 16777215 0 0 4 63
t1   20   14     9.991     1.987    93.418 1048511 0 0 4 64
t1   20   15    10.704     2.129    90.508 1048500 0 0 4 65
t1   20   16    11.418     2.271    87.597 1048489 0 0 4 66
t1   20   17    12.132     2.413    84.687 1048478 0 0 4 67
t1   20   18    12.845     2.555    81.776 1048467 0 0 4 68
t1   20   19    13.559     2.697    78.866 1048456 0 0 4 69
t1   20   20    14.273     2.839    75.956 1048445 0 0 4 70
t1   20   21    14.986     2.981    73.045 1048435 0 0 4 71
t1   20   22    15.700     3.123    70.135 1048424 0 0 4 72
t1   20   23    16.413     3.265    67.224 16777215 0 0 4 73
t1   20   24    17.127     3.407    64.314 1048402 0 0 4 74
t1   20   25    17.841     3.549    61.403 1048391 0 0 4 75
t1   20   26    18.554     3.691    58.493 1048380 0 0 4 76
t1   20   27    19.268     3.833    55.583 1048369 0 0 4 77
t1   20   28    19.982     3.975    52.672 1048358 0 0 4 78
t1   20   29    20.695     4.117    49.762 1048347 0 0 4 79
t1   20   30    21.409     4.258    46.851 16777215 0 0 4 80
t1   20   31    22.122     4.400    43.941 1638159 0 0 4 81
t1   20   32    22.836     4.542    41.030 2359055 0 0 4 82
t1   20   33    23.550     4.684    38.120 3079951 0 0 4 83
t1   20   34    24.263     4.826    35.210 16777215 0 0 4 84
t1   20   35    24.977     4.968    32.299 4521743 0 0 4 85
t1   20   36    25.691     5.110    29.389 5242639 0 0 4 86
t1   20   37    26.404     5.252    26.478 5963535 0 0 4 87
t1   20   38    27.118     5.394    23.568 16777215 0 0 4 88
t1   20   39    27.831     5.536    20.657 7339791 0 0 4 89
t1   20   40    28.545     5.678    17.747 8060687 0 0 4 90
t1   20   41    29.259     5.820    14.837 8781583 0 0 4 91
t1   20   42    29.972     5.962    11.926 9502479 0 0 4 92
t1   20   43    30.686     6.104     9.016 10223375 0 0 4 93
t1   20   44    31.400     6.246     6.105 10944271 0 0 4 94
t1   20   45    32.113     6.388     3.195 11665167 0 0 4 95
t1   20   46    32.827     6.530     0.284 16777215 0 0 4 96
t1   20   47    33.540     6.672    -2.626 13041423 0 0 4 97
t1   20   48    34.254     6.814    -5.536 16777215 0 0 4 98
t1   20   49    34.968     6.956    -8.447 16777215 0 0 4 99
t1   20   50    35.681     7.097   -11.357 15204111 0 0 4 100
t1   21    1     0.728     0.000   131.254 1028863 0 0 5 50
t1   21    2     1.455     0.000   128.343 1031679 0 0 5 49
t1   21    3     2.183     0.000   125.433 1034495 0 0 5 48
t1   21    4     2.910     0.000   122.522 16777215 0 0 5 47
t1   21    5     3.638     0.000   119.612 1039871 0 0 5 46
t1   21    6     4.366     0.000   116.702 16777215 0 0 5 45
t1   21    7     5.093     0.000   113.791 1045503 0 0 5 44
t1   21    8     5.821     0.000   110.881 1048319 0 0 5 43
t1   21    9     6.548     0.000   107.970 1048565 0 0 5 42
t1   21   10     7.276     0.000   105.060 1048554 0 0 5 41
t1   21   11     8.004     0.000   102.149 1048543 0 0 5 40
t1   21   12     8.731     0.000    99.239 16777215 0 0 5 39
t1   21   13     9.459     0.000    96.329 1048522 0 0 5 38
t1   21   14    10.186     0.000    93.418 1048511 0 0 5 37
t1   21   15    10.914     0.000    90.508 1048500 0 0 5 36
t1   21   16    11.642     0.000    87.597 16777215 0 0 5 35
t1   21   17    12.369     0.000    84.687 1048478 0 0 5 34
t1   21   18    13.097     0.000    81.776 1048467 0 0 5 33
t1   21   19    13.825     0.000    78.866 1048456 0 0 5 32
t1   21   20    14.552     0.000    75.956 1048445 0 0 5 31
t1   21   21    15.280     0.000    73.045 1048435 0 0 5 30
t1   21   22    16.007     0.000    70.135 1048424 0 0 5 29
t1   21   23    16.735     0.000    67.224 1048413 0 0 5 28
t1   21   24    17.463     0.000    64.314 1048402 0 0 5 27
t1   21   25    18.190     0.000    61.403 1048391 0 0 5 26
t1   21   26    18.918     0.000    58.493 1048380 0 0 5 25
t1   21   27    19.645     0.000    55.583 1048369 0 0 5 24
t1   21   28    20.373     0.000    52.672 16777215 0 0 5 23
t1   21   29    21.101     0.000    49.762 16777215 0 0 5 22
t1   21   30    21.828     0.000    46.851 16777215 0 0 5 21
t1   21   31    22.556     0.000    43.941 16777215 0 0 5 20
t1   21   32    23.283     0.000    41.030 2359055 0 0 5 19
t1   21   33    24.011     0.000    38.120 16777215 0 0 5 18
t1   21   34    24.739     0.000    35.210 16777215 0 0 5 17
t1   21   35    25.466     0.000    32.299 4521743 0 0 5 16
t1   21   36    26.194     0.000    29.389 16777215 0 0 5 15
t1   21   37    26.921     0.000    26.478 16777215 0 0 5 14
t1   21   38    27.649     0.000    23.568 6618895 0 0 5 13
t1   21   39    28.377     0.000    20.657 16777215 0 0 5 12
t1   21   40    29.104     0.000    17.747 16777215 0 0 5 11
t1   21   41    29.832     0.000    14.837 8781583 0 0 5 10
t1   21   42    30.559     0.000    11.926 9502479 0 0 5 9
t1   21   43    31.287     0.000     9.016 10223375 0 0 5 8
t1   21   44    32.015     0.000     6.105 10944271 0 0 5 7
t1   21   45    32.742     0.000     3.195 11665167 0 0 5 6
t1   21   46    33.470     0.000     0.284 12320527 0 0 5 5
t1   21   47    34.198     0.000    -2.626 13041423 0 0 5 4
t1   21   48    34.925     0.000    -5.536 13762319 0 0 5 3
t1   21   49    35.653     0.000    -8.447 14483215 0 0 5 2
t1   21   50    36.380     0.000   -11.357 15204111 0 0 5 1
t1   22    1     0.714    -0.142   131.254 1028863 0 0 5 51
t1   22    2     1.427    -0.284   128.343 16777215 0 0 5 52
t1   22    3     2.141    -0.426   125.433 1034495 0 0 5 53
t1   22    4     2.855    -0.568   122.522 1037311 0 0 5 54
t1   22    5     3.568    -0.710   119.612 1039871 0 0 5 55
t1   22    6     4.282    -0.852   116.702 16777215 0 0 5 56
t1   22    7     4.995    -0.994   113.791 1045503 0 0 5 57
t1   22    8     5.709    -1.136   110.881 1048319 0 0 5 58
t1   22    9     6.423    -1.278   107.970 1048565 0 0 5 59
t1   22   10     7.136    -1.419   105.060 1048554 0 0 5 60
t1   22   11     7.850    -1.561   102.149 1048543 0 0 5 61
t1   22   12     8.564    -1.703    99.239 1048532 0 0 5 62
t1   22   13     9.277    -1.845    96.329 1048522 0 0 5 63
t1   22   14     9.991    -1.987    93.418 1048511 0 0 5 64
t1   22   15    10.704    -2.129    90.508 1048500 0 0 5 65
t1   22   16    11.418    -2.271    87.597 1048489 0 0 5 66
t1   22   17    12.132    -2.413    84.687 1048478 0 0 5 67
t1   22   18    12.845    -2.555    81.776 1048467 0 0 5 68
t1   22   19    13.559    -2.697    78.866 1048456 0 0 5 69
t1   22   20    14.273    -2.839    75.956 16777215 0 0 5 70
t1   22   21    14.986    -2.981    73.045 16777215 0 0 5 71
t1   22   22    15.700    -3.123    70.135 1048424 0 0 5 72
t1   22   23    16.413    -3.265    67.224 1048413 0 0 5 73
t1   22   24    17.127    -3.407    64.314 1048402 0 0 5 74
t1   22   25    17.841    -3.549    61.403 1048391 0 0 5 75
t1   22   26    18.554    -3.691    58.493 1048380 0 0 5 76
t1   22   27    19.268    -3.833    55.583 1048369 0 0 5 77
t1   22   28    19.982    -3.975    52.672 1048358 0 0 5 78
t1   22   29    20.695    -4.117    49.762 1048347 0 0 5 79
t1   22   30    21.409    -4.258    46.851 1048337 0 0 5 80
t1   22   31    22.122    -4.400    43.941 1638159 0 0 5 81
t1   22   32    22.836    -4.542    41.030 16777215 0 0 5 82
t1   22   33    23.550    -4.684    38.120 3079951 0 0 5 83
t1   22   34    24.263    -4.826    35.210 16777215 0 0 5 84
t1   22   35    24.977    -4.968    32.299 4521743 0 0 5 85
t1   22   36    25.691    -5.110    29.389 5242639 0 0 5 86
t1   22   37    26.404    -5.252    26.478 5963535 0 0 5 87
t1   22   38    27.118    -5.394    23.568 6618895 0 0 5 88
t1   22   39    27.831    -5.536    20.657 7339791 0 0 5 89
t1   22   40    28.545    -5.678    17.747 8060687 0 0 5 90
t1   22   41    29.259    -5.820    14.837 8781583 0 0 5 91
t1   22   42    29.972    -5.962    11.926 9502479 0 0 5 92
t1   22   43    30.686    -6.104     9.016 10223375 0 0 5 93
t1   22   44    31.400    -6.246     6.105 16777215 0 0 5 94
t1   22   45    32.113    -6.388     3.195 11665167 0 0 5 95
t1   22   46    32.827    -6.530     0.284 12320527 0 0 5 96
t1   22   47    33.540    -6.672    -2.626 13041423 0 0 5 97
t1   22   48    34.254    -6.814    -5.536 13762319 0 0 5 98
t1   22   49    34.968    -6.956    -8.447 14483215 0 0 5 99
t1   22   50    35.681    -7.097   -11.357 15204111 0 0 5 100
t1   23    1     0.672    -0.278   131.254 1028863 0 0 6 50
t1   23    2     1.344    -0.557   128.343 1031679 0 0 6 49
t1   23    3     2.017    -0.835   125.433 1034495 0 0 6 48
t1   23    4     2.689    -1.114   122.522 16777215 0 0 6 47
t1   23    5     3.361    -1.392   119.612 16777215 0 0 6 46
t1   23    6     4.033    -1.671   116.702 1042687 0 0 6 45
t1   23    7     4.706    -1.949   113.791 1045503 0 0 6 44
t1   23    8     5.378    -2.228   110.881 1048319 0 0 6 43
t1   23    9     6.050    -2.506   107.970 1048565 0 0 6 42
t1   23   10     6.722    -2.784   105.060 1048554 0 0 6 41
t1   23   11     7.394    -3.063   102.149 16777215 0 0 6 40
t1   23   12     8.067    -3.341    99.239 1048532 0 0 6 39
t1   23   13     8.739    -3.620    96.329 16777215 0 0 6 38
t1   23   14     9.411    -3.898    93.418 1048511 0 0 6 37
t1   23   15    10.083    -4.177    90.508 1048500 0 0 6 36
t1   23   16    10.756    -4.455    87.597 16777215 0 0 6 35
t1   23   17    11.428    -4.734    84.687 1048478 0 0 6 34
t1   23   18    12.100    -5.012    81.776 1048467 0 0 6 33
t1   23   19    12.772    -5.290    78.866 1048456 0 0 6 32
t1   23   20    13.444    -5.569    75.956 1048445 0 0 6 31
t1   23   21    14.117    -5.847    73.045 1048435 0 0 6 30
t1   23   22    14.789    -6.126    70.135 1048424 0 0 6 29
t1   23   23    15.461    -6.404    67.224 1048413 0 0 6 28
t1   23   24    16.133    -6.683    64.314 1048402 0 0 6 27
t1   23   25    16.806    -6.961    61.403 1048391 0 0 6 26
t1   23   26    17.478    -7.240    58.493 16777215 0 0 6 25
t1   23   27    18.150    -7.518    55.583 1048369 0 0 6 24
t1   23   28    18.822    -7.796    52.672 1048358 0 0 6 23
t1   23   29    19.494    -8.075    49.762 1048347 0 0 6 22
t1   23   30    20.167    -8.353    46.851 1048337 0 0 6 21
t1   23   31    20.839    -8.632    43.941 1638159 0 0 6 20
t1   23   32    21.511    -8.910    41.030 2359055 0 0 6 19
t1   23   33    22.183    -9.189    38.120 3079951 0 0 6 18
t1   23   34    22.856    -9.467    35.210 3800847 0 0 6 17
t1   23   35    23.528    -9.746    32.299 4521743 0 0 6 16
t1   23   36    24.200   -10.024    29.389 5242639 0 0 6 15
t1   23   37    24.872   -10.302    26.478 5963535 0 0 6 14
t1   23   38    25.544   -10.581    23.568 6618895 0 0 6 13
t1   23   39    26.217   -10.859    20.657 7339791 0 0 6 12
t1   23   40    26.889   -11.138    17.747 8060687 0 0 6 11
t1   23   41    27.561   -11.416    14.837 8781583 0 0 6 10
t1   23   42    28.233   -11.695    11.926 16777215 0 0 6 9
t1   23   43    28.906   -11.973     9.016 10223375 0 0 6 8
t1   23   44    29.578   -12.251     6.105 10944271 0 0 6 7
t1   23   45    30.250   -12.530     3.195 11665167 0 0 6 6
t1   23   46    30.922   -12.808     0.284 12320527 0 0 6 5
t1   23   47    31.594   -13.087    -2.626 13041423 0 0 6 4
t1   23   48    32.267   -13.365    -5.536 13762319 0 0 6 3
t1   23   49    32.939   -13.644    -8.447 14483215 0 0 6 2
t1   23   50    33.611   -13.922   -11.357 15204111 0 0 6 1
t1   24    1     0.605    -0.404   131.254 1028863 0 0 6 51
t1   24    2     1.210    -0.808   128.343 1031679 0 0 6 52
t1   24    3     1.815    -1.213   125.433 1034495 0 0 6 53
t1   24    4     2.420    -1.617   122.522 1037311 0 0 6 54
t1   24    5     3.025    -2.021   119.612 1039871 0 0 6 55
t1   24    6     3.630    -2.425   116.702 1042687 0 0 6 56
t1   24    7     4.235    -2.830   113.791 1045503 0 0 6 57
t1   24    8     4.840    -3.234   110.881 16777215 0 0 6 58
t1   24    9     5.445    -3.638   107.970 16777215 0 0 6 59
t1   24   10     6.050    -4.042   105.060 1048554 0 0 6 60
t1   24   11     6.655    -4.447   102.149 1048543 0 0 6 61
t1   24   12     7.260    -4.851    99.239 1048532 0 0 6 62
t1   24   13     7.865    -5.255    96.329 1048522 0 0 6 63
t1   24   14     8.470    -5.659    93.418 16777215 0 0 6 64
t1   24   15     9.075    -6.064    90.508 1048500 0 0 6 65
t1   24   16     9.680    -6.468    87.597 1048489 0 0 6 66
t1   24   17    10.285    -6.872    84.687 1048478 0 0 6 67
t1   24   18    10.890    -7.276    81.776 1048467 0 0 6 68
t1   24   19    11.495    -7.680    78.866 16777215 0 0 6 69
t1   24   20    12.100    -8.085    75.956 1048445 0 0 6 70
t1   24   21    12.705    -8.489    73.045 1048435 0 0 6 71
t1   24   22    13.310    -8.893    70.135 1048424 0 0 6 72
t1   24   23    13.915    -9.297    67.224 1048413 0 0 6 73
t1   24   24    14.520    -9.702    64.314 1048402 0 0 6 74
t1   24   25    15.125   -10.106    61.403 1048391 0 0 6 75
t1   24   26    15.730   -10.510    58.493 1048380 0 0 6 76
t1   24   27    16.335   -10.914    55.583 16777215 0 0 6 77
t1   24   28    16.940   -11.319    52.672 1048358 0 0 6 78
t1   24   29    17.545   -11.723    49.762 1048347 0 0 6 79
t1   24   30    18.149   -12.127    46.851 1048337 0 0 6 80
t1   24   31    18.754   -12.531    43.941 1638159 0 0 6 81
t1   24   32    19.359   -12.936    41.030 16777215 0 0 6 82
t1   24   33    19.964   -13.340    38.120 16777215 0 0 6 83
t1   24   34    20.569   -13.744    35.210 3800847 0 0 6 84
t1   24   35    21.174   -14.148    32.299 16777215 0 0 6 85
t1   24   36    21.779   -14.553    29.389 16777215 0 0 6 86
t1   24   37    22.384   -14.957    26.478 5963535 0 0 6 87
t1   24   38    22.989   -15.361    23.568 6618895 0 0 6 88
t1   24   39    23.594   -15.765    20.657 16777215 0 0 6 89
t1   24   40    24.199   -16.169    17.747 8060687 0 0 6 90
t1   24   41    24.804   -16.574    14.837 16777215 0 0 6 91
t1   24   42    25.409   -16.978    11.926 16777215 0 0 6 92
t1   24   43    26.014   -17.382     9.016 10223375 0 0 6 93
t1   24   44    26.619   -17.786     6.105 10944271 0 0 6 94
t1   24   45    27.224   -18.191     3.195 11665167 0 0 6 95
t1   24   46    27.829   -18.595     0.284 12320527 0 0 6 96
t1   24   47    28.434   -18.999    -2.626 13041423 0 0 6 97
t1   24   48    29.039   -19.403    -5.536 13762319 0 0 6 98
t1   24   49    29.644   -19.808    -8.447 14483215 0 0 6 99
t1   24   50    30.249   -20.212   -11.357 15204111 0 0 6 100
t1   25    1     0.514    -0.514   131.254 1028863 0 0 7 50
t1   25    2     1.029    -1.029   128.343 1031679 0 0 7 49
t1   25    3     1.543    -1.543   125.433 1034495 0 0 7 48
t1   25    4     2.058    -2.058   122.522 1037311 0 0 7 47
t1   25    5     2.572    -2.572   119.612 1039871 0 0 7 46
t1   25    6     3.087    -3.087   116.702 1042687 0 0 7 45
t1   25    7     3.601    -3.601   113.791 1045503 0 0 7 44
t1   25    8     4.116    -4.116   110.881 1048319 0 0 7 43
t1   25    9     4.630    -4.630   107.970 16777215 0 0 7 42
t1   25   10     5.145    -5.145   105.060 1048554 0 0 7 41
t1   25   11     5.659    -5.659   102.149 1048543 0 0 7 40
t1   25   12     6.174    -6.174    99.239 1048532 0 0 7 39
t1   25   13     6.688    -6.688    96.329 1048522 0 0 7 38
t1   25   14     7.203    -7.203    93.418 1048511 0 0 7 37
t1   25   15     7.717    -7.717    90.508 1048500 0 0 7 36
t1   25   16     8.232    -8.232    87.597 1048489 0 0 7 35
t1   25   17     8.746    -8.746    84.687 1048478 0 0 7 34
t1   25   18     9.261    -9.261    81.776 1048467 0 0 7 33
t1   25   19     9.775    -9.775    78.866 1048456 0 0 7 32
t1   25   20    10.290   -10.290    75.956 1048445 0 0 7 31
t1   25   21    10.804   -10.804    73.045 1048435 0 0 7 30
t1   25   22    11.319   -11.319    70.135 1048424 0 0 7 29
t1   25   23    11.833   -11.833    67.224 16777215 0 0 7 28
t1   25   24    12.348   -12.348    64.314 16777215 0 0 7 27
t1   25   25    12.862   -12.862    61.403 16777215 0 0 7 26
t1   25   26    13.377   -13.377    58.493 1048380 0 0 7 25
t1   25   27    13.891   -13.891    55.583 1048369 0 0 7 24
t1   25   28    14.406   -14.406    52.672 16777215 0 0 7 23
t1   25   29    14.920   -14.920    49.762 1048347 0 0 7 22
t1   25   30    15.435   -15.435    46.851 1048337 0 0 7 21
t1   25   31    15.949   -15.949    43.941 1638159 0 0 7 20
t1   25   32    16.464   -16.464    41.030 2359055 0 0 7 19
t1   25   33    16.978   -16.978    38.120 3079951 0 0 7 18
t1   25   34    17.493   -17.493    35.210 3800847 0 0 7 17
t1   25   35    18.007   -18.007    32.299 4521743 0 0 7 16
t1   25   36    18.522   -18.522    29.389 5242639 0 0 7 15
t1   25   37    19.036   -19.036    26.478 5963535 0 0 7 14
t1   25   38    19.551   -19.551    23.568 6618895 0 0 7 13
t1   25   39    20.065   -20.065    20.657 16777215 0 0 7 12
t1   25   40    20.580   -20.580    17.747 8060687 0 0 7 11
t1   25   41    21.094   -21.094    14.837 8781583 0 0 7 10
t1   25   42    21.609   -21.609    11.926 9502479 0 0 7 9
t1   25   43    22.123   -22.123     9.016 10223375 0 0 7 8
t1   25   44    22.638   -22.638     6.105 10944271 0 0 7 7
t1   25   45    23.152   -23.152     3.195 11665167 0 0 7 6
t1   25   46    23.667   -23.667     0.284 12320527 0 0 7 5
t1   25   47    24.181   -24.181    -2.626 16777215 0 0 7 4
t1   25   48    24.696   -24.696    -5.536 13762319 0 0 7 3
t1   25   49    25.210   -25.210    -8.447 14483215 0 0 7 2
t1   25   50    25.725   -25.725   -11.357 15204111 0 0 7 1
t1   26    1     0.404    -0.605   131.254 1028863 0 0 7 51
t1   26    2     0.808    -1.210   128.343 1031679 0 0 7 52
t1   26    3     1.213    -1.815   125.433 1034495 0 0 7 53
t1   26    4     1.617    -2.420   122.522 1037311 0 0 7 54
t1   26    5     2.021    -3.025   119.612 1039871 0 0 7 55
t1   26    6     2.425    -3.630   116.702 1042687 0 0 7 56
t1   26    7     2.830    -4.235   113.791 16777215 0 0 7 57
t1   26    8     3.234    -4.840   110.881 16777215 0 0 7 58
t1   26    9     3.638    -5.445   107.970 1048565 0 0 7 59
t1   26   10     4.042    -6.050   105.060 1048554 0 0 7 60
t1   26   11     4.447    -6.655   102.149 1048543 0 0 7 61
t1   26   12     4.851    -7.260    99.239 16777215 0 0 7 62
t1   26   13     5.255    -7.865    96.329 1048522 0 0 7 63
t1   26   14     5.659    -8.470    93.418 16777215 0 0 7 64
t1   26   15     6.064    -9.075    90.508 1048500 0 0 7 65
t1   26   16     6.468    -9.680    87.597 1048489 0 0 7 66
t1   26   17     6.872   -10.285    84.687 16777215 0 0 7 67
t1   26   18     7.276   -10.890    81.776 1048467 0 0 7 68
t1   26   19     7.680   -11.495    78.866 1048456 0 0 7 69
t1   26   20     8.085   -12.100    75.956 1048445 0 0 7 70
t1   26   21     8.489   -12.705    73.045 1048435 0 0 7 71
t1   26   22     8.893   -13.310    70.135 1048424 0 0 7 72
t1   26   23     9.297   -13.915    67.224 1048413 0 0 7 73
t1   26   24     9.702   -14.520    64.314 1048402 0 0 7 74
t1   26   25    10.106   -15.125    61.403 1048391 0 0 7 75
t1   26   26    10.510   -15.730    58.493 1048380 0 0 7 76
t1   26   27    10.914   -16.335    55.583 1048369 0 0 7 77
t1   26   28    11.319   -16.940    52.672 1048358 0 0 7 78
t1   26   29    11.723   -17.545    49.762 16777215 0 0 7 79
t1   26   30    12.127   -18.149    46.851 1048337 0 0 7 80
t1   26   31    12.531   -18.754    43.941 1638159 0 0 7 81
t1   26   32    12.936   -19.359    41.030 2359055 0 0 7 82
t1   26   33    13.340   -19.964    38.120 3079951 0 0 7 83
t1   26   34    13.744   -20.569    35.210 3800847 0 0 7 84
t1   26   35    14.148   -21.174    32.299 4521743 0 0 7 85
t1   26   36    14.553   -21.779    29.389 5242639 0 0 7 86
t1   26   37    14.957   -22.384    26.478 5963535 0 0 7 87
t1   26   38    15.361   -22.989    23.568 6618895 0 0 7 88
t1   26   39    15.765   -23.594    20.657 7339791 0 0 7 89
t1   26   40    16.169   -24.199    17.747 8060687 0 0 7 90
t1   26   41    16.574   -24.804    14.837 8781583 0 0 7 91
t1   26   42    16.978   -25.409    11.926 9502479 0 0 7 92
t1   26   43    17.382   -26.014     9.016 10223375 0 0 7 93
t1   26   44    17.786   -26.619     6.105 10944271 0 0 7 94
t1   26   45    18.191   -27.224     3.195 16777215 0 0 7 95
t1   26   46    18.595   -27.829     0.284 12320527 0 0 7 96
t1   26   47    18.999   -28.434    -2.626 13041423 0 0 7 97
t1   26   48    19.403   -29.039    -5.536 13762319 0 0 7 98
t1   26   49    19.808   -29.644    -8.447 16777215 0 0 7 99
t1   26   50    20.212   -30.249   -11.357 16777215 0 0 7 100
t1   27    1     0.278    -0.672   131.254 1028863 0 0 8 50
t1   27    2     0.557    -1.344   128.343 1031679 0 0 8 49
t1   27    3     0.835    -2.017   125.433 1034495 0 0 8 48
t1   27    4     1.114    -2.689   122.522 1037311 0 0 8 47
t1   27    5     1.392    -3.361   119.612 1039871 0 0 8 46
t1   27    6     1.671    -4.033   116.702 1042687 0 0 8 45
t1   27    7     1.949    -4.706   113.791 1045503 0 0 8 44
t1   27    8     2.228    -5.378   110.881 1048319 0 0 8 43
t1   27    9     2.506    -6.050   107.970 1048565 0 0 8 42
t1   27   10     2.784    -6.722   105.060 16777215 0 0 8 41
t1   27   11     3.063    -7.394   102.149 16777215 0 0 8 40
t1   27   12     3.341    -8.067    99.239 1048532 0 0 8 39
t1   27   13     3.620    -8.739    96.329 1048522 0 0 8 38
t1   27   14     3.898    -9.411    93.418 1048511 0 0 8 37
t1   27   15     4.177   -10.083    90.508 16777215 0 0 8 36
t1   27   16     4.455   -10.756    87.597 1048489 0 0 8 35
t1   27   17     4.734   -11.428    84.687 16777215 0 0 8 34
t1   27   18     5.012   -12.100    81.776 1048467 0 0 8 33
t1   27   19     5.290   -12.772    78.866 1048456 0 0 8 32
t1   27   20     5.569   -13.444    75.956 1048445 0 0 8 31
t1   27   21     5.847   -14.117    73.045 1048435 0 0 8 30
t1   27   22     6.126   -14.789    70.135 16777215 0 0 8 29
t1   27   23     6.404   -15.461    67.224 1048413 0 0 8 28
t1   27   24     6.683   -16.133    64.314 1048402 0 0 8 27
t1   27   25     6.961   -16.806    61.403 1048391 0 0 8 26
t1   27   26     7.240   -17.478    58.493 1048380 0 0 8 25
t1   27   27     7.518   -18.150    55.583 1048369 0 0 8 24
t1   27   28     7.796   -18.822    52.672 1048358 0 0 8 23
t1   27   29     8.075   -19.494    49.762 16777215 0 0 8 22
t1   27   30     8.353   -20.167    46.851 1048337 0 0 8 21
t1   27   31     8.632   -20.839    43.941 1638159 0 0 8 20
t1   27   32     8.910   -21.511    41.030 16777215 0 0 8 19
t1   27   33     9.189   -22.183    38.120 3079951 0 0 8 18
t1   27   34     9.467   -22.856    35.210 3800847 0 0 8 17
t1   27   35     9.746   -23.528    32.299 16777215 0 0 8 16
t1   27   36    10.024   -24.200    29.389 16777215 0 0 8 15
t1   27   37    10.302   -24.872    26.478 16777215 0 0 8 14
t1   27   38    10.581   -25.544    23.568 16777215 0 0 8 13
t1   27   39    10.859   -26.217    20.657 7339791 0 0 8 12
t1   27   40    11.138   -26.889    17.747 8060687 0 0 8 11
t1   27   41    11.416   -27.561    14.837 8781583 0 0 8 10
t1   27   42    11.695   -28.233    11.926 9502479 0 0 8 9
t1   27   43    11.973   -28.906     9.016 10223375 0 0 8 8
t1   27   44    12.251   -29.578     6.105 10944271 0 0 8 7
t1   27   45    12.530   -30.250     3.195 11665167 0 0 8 6
t1   27   46    12.808   -30.922     0.284 12320527 0 0 8 5
t1   27   47    13.087   -31.594    -2.626 13041423 0 0 8 4
t1   27   48    13.365   -32.267    -5.536 13762319 0 0 8 3
t1   27   49    13.644   -32.939    -8.447 14483215 0 0 8 2
t1   27   50    13.922   -33.611   -11.357 15204111 0 0 8 1
t1   28    1     0.142    -0.714   131.254 1028863 0 0 8 51
t1   28    2     0.284    -1.427   128.343 1031679 0 0 8 52
t1   28    3     0.426    -2.141   125.433 1034495 0 0 8 53
t1   28    4     0.568    -2.855   122.522 1037311 0 0 8 54
t1   28    5     0.710    -3.568   119.612 1039871 0 0 8 55
t1   28    6     0.852    -4.282   116.702 1042687 0 0 8 56
t1   28    7     0.994    -4.995   113.791 1045503 0 0 8 57
t1   28    8     1.136    -5.709   110.881 1048319 0 0 8 58
t1   28    9     1.278    -6.423   107.970 1048565 0 0 8 59
t1   28   10     1.419    -7.136   105.060 1048554 0 0 8 60
t1   28   11     1.561    -7.850   102.149 1048543 0 0 8 61
t1   28   12     1.703    -8.564    99.239 1048532 0 0 8 62
t1   28   13     1.845    -9.277    96.329 1048522 0 0 8 63
t1   28   14     1.987    -9.991    93.418 1048511 0 0 8 64
t1   28   15     2.129   -10.704    90.508 1048500 0 0 8 65
t1   28   16     2.271   -11.418    87.597 1048489 0 0 8 66
t1   28   17     2.413   -12.132    84.687 1048478 0 0 8 67
t1   28   18     2.555   -12.845    81.776 1048467 0 0 8 68
t1   28   19     2.697   -13.559    78.866 1048456 0 0 8 69
t1   28   20     2.839   -14.273    75.956 1048445 0 0 8 70
t1   28   21     2.981   -14.986    73.045 1048435 0 0 8 71
t1   28   22     3.123   -15.700    70.135 1048424 0 0 8 72
t1   28   23     3.265   -16.413    67.224 1048413 0 0 8 73
t1   28   24     3.407   -17.127    64.314 16777215 0 0 8 74
t1   28   25     3.549   -17.841    61.403 16777215 0 0 8 75
t1   28   26     3.691   -18.554    58.493 16777215 0 0 8 76
t1   28   27     3.833   -19.268    55.583 1048369 0 0 8 77
t1   28   28     3.975   -19.982    52.672 16777215 0 0 8 78
t1   28   29     4.117   -20.695    49.762 1048347 0 0 8 79
t1   28   30     4.258   -21.409    46.851 16777215 0 0 8 80
t1   28   31     4.400   -22.122    43.941 16777215 0 0 8 81
t1   28   32     4.542   -22.836    41.030 2359055 0 0 8 82
t1   28   33     4.684   -23.550    38.120 3079951 0 0 8 83
t1   28   34     4.826   -24.263    35.210 3800847 0 0 8 84
t1   28   35     4.968   -24.977    32.299 16777215 0 0 8 85
t1   28   36     5.110   -25.691    29.389 5242639 0 0 8 86
t1   28   37     5.252   -26.404    26.478 16777215 0 0 8 87
t1   28   38     5.394   -27.118    23.568 6618895 0 0 8 88
t1   28   39     5.536   -27.831    20.657 7339791 0 0 8 89
t1   28   40     5.678   -28.545    17.747 8060687 0 0 8 90
t1   28   41     5.820   -29.259    14.837 8781583 0 0 8 91
t1   28   42     5.962   -29.972    11.926 16777215 0 0 8 92
t1   28   43     6.104   -30.686     9.016 16777215 0 0 8 93
t1   28   44     6.246   -31.400     6.105 10944271 0 0 8 94
t1   28   45     6.388   -32.113     3.195 11665167 0 0 8 95
t1   28   46     6.530   -32.827     0.284 12320527 0 0 8 96
t1   28   47     6.672   -33.540    -2.626 13041423 0 0 8 97
t1   28   48     6.814   -34.254    -5.536 13762319 0 0 8 98
t1   28   49     6.956   -34.968    -8.447 14483215 0 0 8 99
t1   28   50     7.097   -35.681   -11.357 15204111 0 0 8 100
t1 29 1 0.0 0.0 0.0 000000 0 0 15 50
t1 29 2 0.0 0.0 0.0 000000 0 0 15 49
t1 29 3 0.0 0.0 0.0 000000 0 0 15 48
t1 29 4 0.0 0.0 0.0 000000 0 0 15 47
t1 29 5 0.0 0.0 0.0 000000 0 0 15 46
t1 29 6 0.0 0.0 0.0 000000 0 0 15 45
t1 29 7 0.0 0.0 0.0 000000 0 0 15 44
t1 29 8 0.0 0.0 0.0 000000 0 0 15 43
t1 29 9 0.0 0.0 0.0 000000 0 0 15 42
t1 29 10 0.0 0.0 0.0 000000 0 0 15 41
t1 29 11 0.0 0.0 0.0 000000 0 0 15 40
t1 29 12 0.0 0.0 0.0 000000 0 0 15 39
t1 29 13 0.0 0.0 0.0 000000 0 0 15 38
t1 29 14 0.0 0.0 0.0 000000 0 0 15 37
t1 29 15 0.0 0.0 0.0 000000 0 0 15 36
t1 29 16 0.0 0.0 0.0 000000 0 0 15 35
t1 29 17 0.0 0.0 0.0 000000 0 0 15 34
t1 29 18 0.0 0.0 0.0 000000 0 0 15 33
t1 29 19 0.0 0.0 0.0 000000 0 0 15 32
t1 29 20 0.0 0.0 0.0 000000 0 0 15 31
t1 29 21 0.0 0.0 0.0 000000 0 0 15 30
t1 29 22 0.0 0.0 0.0 000000 0 0 15 29
t1 29 23 0.0 0.0 0.0 000000 0 0 15 28
t1 29 24 0.0 0.0 0.0 000000 0 0 15 27
t1 29 25 0.0 0.0 0.0 000000 0 0 15 26
t1 29 26 0.0 0.0 0.0 000000 0 0 15 25
t1 29 27 0.0 0.0 0.0 000000 0 0 15 24
t1 29 28 0.0 0.0 0.0 000000 0 0 15 23
t1 29 29 0.0 0.0 0.0 000000 0 0 15 22
t1 29 30 0.0 0.0 0.0 000000 0 0 15 21
t1 29 31 0.0 0.0 0.0 000000 0 0 15 20
t1 29 32 0.0 0.0 0.0 000000 0 0 15 19
t1 29 33 0.0 0.0 0.0 000000 0 0 15 18
t1 29 34 0.0 0.0 0.0 000000 0 0 15 17
t1 29 35 0.0 0.0 0.0 000000 0 0 15 16
t1 29 36 0.0 0.0 0.0 000000 0 0 15 15
t1 29 37 0.0 0.0 0.0 000000 0 0 15 14
t1 29 38 0.0 0.0 0.0 000000 0 0 15 13
t1 29 39 0.0 0.0 0.0 000000 0 0 15 12
t1 29 40 0.0 0.0 0.0 000000 0 0 15 11
t1 29 41 0.0 0.0 0.0 000000 0 0 15 10
t1 29 42 0.0 0.0 0.0 000000 0 0 15 9
t1 29 43 0.0 0.0 0.0 000000 0 0 15 8
t1 29 44 0.0 0.0 0.0 000000 0 0 15 7
t1 29 45 0.0 0.0 0.0 000000 0 0 15 6
t1 29 46 0.0 0.0 0.0 000000 0 0 15 5
t1 29 47 0.0 0.0 0.0 000000 0 0 15 4
t1 29 48 0.0 0.0 0.0 000000 0 0 15 3
t1 29 49 0.0 0.0 0.0 000000 0 0 15 2
t1 29 50 0.0 0.0 0.0 000000 0 0 15 1
t1 30 1 0.0 0.0 0.0 000000 0 0 15 51
t1 30 2 0.0 0.0 0.0 000000 0 0 15 52
t1 30 3 0.0 0.0 0.0 000000 0 0 15 53
t1 30 4 0.0 0.0 0.0 000000 0 0 15 54
t1 30 5 0.0 0.0 0.0 000000 0 0 15 55
t1 30 6 0.0 0.0 0.0 000000 0 0 15 56
t1 30 7 0.0 0.0 0.0 000000 0 0 15 57
t1 30 8 0.0 0.0 0.0 000000 0 0 15 58
t1 30 9 0.0 0.0 0.0 000000 0 0 15 59
t1 30 10 0.0 0.0 0.0 000000 0 0 15 60
t1 30 11 0.0 0.0 0.0 000000 0 0 15 61
t1 30 12 0.0 0.0 0.0 000000 0 0 15 62
t1 30 13 0.0 0.0 0.0 000000 0 0 15 63
t1 30 14 0.0 0.0 0.0 000000 0 0 15 64
t1 30 15 0.0 0.0 0.0 000000 0 0 15 65
t1 30 16 0.0 0.0 0.0 000000 0 0 15 66
t1 30 17 0.0 0.0 0.0 000000 0 0 15 67
t1 30 18 0.0 0.0 0.0 000000 0 0 15 68
t1 30 19 0.0 0.0 0.0 000000 0 0 15 69
t1 30 20 0.0 0.0 0.0 000000 0 0 15 70
t1 30 21 0.0 0.0 0.0 000000 0 0 15 71
t1 30 22 0.0 0.0 0.0 000000 0 0 15 72
t1 30 23 0.0 0.0 0.0 000000 0 0 15 73
t1 30 24 0.0 0.0 0.0 000000 0 0 15 74
t1 30 25 0.0 0.0 0.0 000000 0 0 15 75
t1 30 26 0.0 0.0 0.0 000000 0 0 15 76
t1 30 27 0.0 0.0 0.0 000000 0 0 15 77
t1 30 28 0.0 0.0 0.0 000000 0 0 15 78
t1 30 29 0.0 0.0 0.0 000000 0 0 15 79
t1 30 30 0.0 0.0 0.0 000000 0 0 15 80
t1 30 31 0.0 0.0 0.0 000000 0 0 15 81
t1 30 32 0.0 0.0 0.0 000000 0 0 15 82
t1 30 33 0.0 0.0 0.0 000000 0 0 15 83
t1 30 34 0.0 0.0 0.0 000000 0 0 15 84
t1 30 35 0.0 0.0 0.0 000000 0 0 15 85
t1 30 36 0.0 0.0 0.0 000000 0 0 15 86
t1 30 37 0.0 0.0 0.0 000000 0 0 15 87
t1 30 38 0.0 0.0 0.0 000000 0 0 15 88
t1 30 39 0.0 0.0 0.0 000000 0 0 15 89
t1 30 40 0.0 0.0 0.0 000000 0 0 15 90
t1 30 41 0.0 0.0 0.0 000000 0 0 15 91
t1 30 42 0.0 0.0 0.0 000000 0 0 15 92
t1 30 43 0.0 0.0 0.0 000000 0 0 15 93
t1 30 44 0.0 0.0 0.0 000000 0 0 15 94
t1 30 45 0.0 0.0 0.0 000000 0 0 15 95
t1 30 46 0.0 0.0 0.0 000000 0 0 15 96
t1 30 47 0.0 0.0 0.0 000000 0 0 15 97
t1 30 48 0.0 0.0 0.0 000000 0 0 15 98
t1 30 49 0.0 0.0 0.0 000000 0 0 15 99
t1 30 50 0.0 0.0 0.0 000000 0 0 15 100
t1 31 1 0.0 0.0 0.0 000000 0 0 16 50
t1 31 2 0.0 0.0 0.0 000000 0 0 16 49
t1 31 3 0.0 0.0 0.0 000000 0 0 16 48
t1 31 4 0.0 0.0 0.0 000000 0 0 16 47
t1 31 5 0.0 0.0 0.0 000000 0 0 16 46
t1 31 6 0.0 0.0 0.0 000000 0 0 16 45
t1 31 7 0.0 0.0 0.0 000000 0 0 16 44
t1 31 8 0.0 0.0 0.0 000000 0 0 16 43
t1 31 9 0.0 0.0 0.0 000000 0 0 16 42
t1 31 10 0.0 0.0 0.0 000000 0 0 16 41
t1 31 11 0.0 0.0 0.0 000000 0 0 16 40
t1 31 12 0.0 0.0 0.0 000000 0 0 16 39
t1 31 13 0.0 0.0 0.0 000000 0 0 16 38
t1 31 14 0.0 0.0 0.0 000000 0 0 16 37
t1 31 15 0.0 0.0 0.0 000000 0 0 16 36
t1 31 16 0.0 0.0 0.0 000000 0 0 16 35
t1 31 17 0.0 0.0 0.0 000000 0 0 16 34
t1 31 18 0.0 0.0 0.0 000000 0 0 16 33
t1 31 19 0.0 0.0 0.0 000000 0 0 16 32
t1 31 20 0.0 0.0 0.0 000000 0 0 16 31
t1 31 21 0.0 0.0 0.0 000000 0 0 16 30
t1 31 22 0.0 0.0 0.0 000000 0 0 16 29
t1 31 23 0.0 0.0 0.0 000000 0 0 16 28
t1 31 24 0.0 0.0 0.0 000000 0 0 16 27
t1 31 25 0.0 0.0 0.0 000000 0 0 16 26
t1 31 26 0.0 0.0 0.0 000000 0 0 16 25
t1 31 27 0.0 0.0 0.0 000000 0 0 16 24
t1 31 28 0.0 0.0 0.0 000000 0 0 16 23
t1 31 29 0.0 0.0 0.0 000000 0 0 16 22
t1 31 30 0.0 0.0 0.0 000000 0 0 16 21
t1 31 31 0.0 0.0 0.0 000000 0 0 16 20
t1 31 32 0.0 0.0 0.0 000000 0 0 16 19
t1 31 33 0.0 0.0 0.0 000000 0 0 16 18
t1 31 34 0.0 0.0 0.0 000000 0 0 16 17
t1 31 35 0.0 0.0 0.0 000000 0 0 16 16
t1 31 36 0.0 0.0 0.0 000000 0 0 16 15
t1 31 37 0.0 0.0 0.0 000000 0 0 16 14
t1 31 38 0.0 0.0 0.0 000000 0 0 16 13
t1 31 39 0.0 0.0 0.0 000000 0 0 16 12
t1 31 40 0.0 0.0 0.0 000000 0 0 16 11
t1 31 41 0.0 0.0 0.0 000000 0 0 16 10
t1 31 42 0.0 0.0 0.0 000000 0 0 16 9
t1 31 43 0.0 0.0 0.0 000000 0 0 16 8
t1 31 44 0.0 0.0 0.0 000000 0 0 16 7
t1 31 45 0.0 0.0 0.0 000000 0 0 16 6
t1 31 46 0.0 0.0 0.0 000000 0 0 16 5
t1 31 47 0.0 0.0 0.0 000000 0 0 16 4
t1 31 48 0.0 0.0 0.0 000000 0 0 16 3
t1 31 49 0.0 0.0 0.0 000000 0 0 16 2
t1 31 50 0.0 0.0 0.0 000000 0 0 16 1
t1 32 1 0.0 0.0 0.0 000000 0 0 16 51
t1 32 2 0.0 0.0 0.0 000000 0 0 16 52
t1 32 3 0.0 0.0 0.0 000000 0 0 16 53
t1 32 4 0.0 0.0 0.0 000000 0 0 16 54
t1 32 5 0.0 0.0 0.0 000000 0 0 16 55
t1 32 6 0.0 0.0 0.0 000000 0 0 16 56
t1 32 7 0.0 0.0 0.0 000000 0 0 16 57
t1 32 8 0.0 0.0 0.0 000000 0 0 16 58
t1 32 9 0.0 0.0 0.0 000000 0 0 16 59
t1 32 10 0.0 0.0 0.0 000000 0 0 16 60
t1 32 11 0.0 0.0 0.0 000000 0 0 16 61
t1 32 12 0.0 0.0 0.0 000000 0 0 16 62
t1 32 13 0.0 0.0 0.0 000000 0 0 16 63
t1 32 14 0.0 0.0 0.0 000000 0 0 16 64
t1 32 15 0.0 0.0 0.0 000000 0 0 16 65
t1 32 16 0.0 0.0 0.0 000000 0 0 16 66
t1 32 17 0.0 0.0 0.0 000000 0 0 16 67
t1 32 18 0.0 0.0 0.0 000000 0 0 16 68
t1 32 19 0.0 0.0 0.0 000000 0 0 16 69
t1 32 20 0.0 0.0 0.0 000000 0 0 16 70
t1 32 21 0.0 0.0 0.0 000000 0 0 16 71
t1 32 22 0.0 0.0 0.0 000000 0 0 16 72
t1 32 23 0.0 0.0 0.0 000000 0 0 16 73
t1 32 24 0.0 0.0 0.0 000000 0 0 16 74
t1 32 25 0.0 0.0 0.0 000000 0 0 16 75
t1 32 26 0.0 0.0 0.0 000000 0 0 16 76
t1 32 27 0.0 0.0 0.0 000000 0 0 16 77
t1 32 28 0.0 0.0 0.0 000000 0 0 16 78
t1 32 29 0.0 0.0 0.0 000000 0 0 16 79
t1 32 30 0.0 0.0 0.0 000000 0 0 16 80
t1 32 31 0.0 0.0 0.0 000000 0 0 16 81
t1 32 32 0.0 0.0 0.0 000000 0 0 16 82
t1 32 33 0.0 0.0 0.0 000000 0 0 16 83
t1 32 34 0.0 0.0 0.0 000000 0 0 16 84
t1 32 35 0.0 0.0 0.0 000000 0 0 16 85
t1 32 36 0.0 0.0 0.0 000000 0 0 16 86
t1 32 37 0.0 0.0 0.0 000000 0 0 16 87
t1 32 38 0.0 0.0 0.0 000000 0 0 16 88
t1 32 39 0.0 0.0 0.0 000000 0 0 16 89
t1 32 40 0.0 0.0 0.0 000000 0 0 16 90
t1 32 41 0.0 0.0 0.0 000000 0 0 16 91
t1 32 42 0.0 0.0 0.0 000000 0 0 16 92
t1 32 43 0.0 0.0 0.0 000000 0 0 16 93
t1 32 44 0.0 0.0 0.0 000000 0 0 16 94
t1 32 45 0.0 0.0 0.0 000000 0 0 16 95
t1 32 46 0.0 0.0 0.0 000000 0 0 16 96
t1 32 47 0.0 0.0 0.0 000000 0 0 16 97
t1 32 48 0.0 0.0 0.0 000000 0 0 16 98
t1 32 49 0.0 0.0 0.0 000000 0 0 16 99
t1 32 50 0.0 0.0 0.0 000000 0 0 16 100
