t1    1    1     0.000     0.728   131.254 16716519 0 0 1 50
t1    1    2     0.000     1.455   128.343 16514826 0 0 1 49
t1    1    3     0.000     2.183   125.433 16187146 0 0 1 48
t1    1    4     0.000     2.910   122.522 16764425 0 0 1 47
t1    1    5     0.000     3.638   119.612 16744457 0 0 1 46
t1    1    6     0.000     4.366   116.702 16721928 0 0 1 45
t1    1    7     0.000     5.093   113.791 16737289 0 0 1 44
t1    1    8     0.000     5.821   110.881 16760841 0 0 1 43
t1    1    9     0.000     6.548   107.970 14876426 0 0 1 42
t1    1   10     0.000     7.276   105.060 8912651 0 0 1 41
t1    1   11     0.000     8.004   102.149 3145484 0 0 1 40
t1    1   12     0.000     8.731    99.239 851775 0 0 1 39
t1    1   13     0.000     9.459    96.329 917394 0 0 1 38
t1    1   14     0.000    10.186    93.418 983010 0 0 1 37
t1    1   15     0.000    10.914    90.508 971519 0 0 1 36
t1    1   16     0.000    11.642    87.597 1018879 0 0 1 35
t1    1   17     0.000    12.369    84.687 1002239 0 0 1 34
t1    1   18     0.000    13.097    81.776 1118463 0 0 1 33
t1    1   19     0.000    13.825    78.866 4722943 0 0 1 32
t1    1   20     0.000    14.552    75.956 7868927 0 0 1 31
t1    1   21     0.000    15.280    73.045 10686975 0 0 1 30
t1    1   22     0.000    16.007    70.135 12980735 0 0 1 29
t1    1   23     0.000    16.735    67.224 14947071 0 0 1 28
t1    1   24     0.000    17.463    64.314 16388863 0 0 1 27
t1    1   25     0.000    18.190    61.403 16716533 0 0 1 26
t1    1   26     0.000    18.918    58.493 16716524 0 0 1 25
t1    1   27     0.000    19.645    55.583 16716523 0 0 1 24
t1    1   28     0.000    20.373    52.672 16716528 0 0 1 23
t1    1   29     0.000    21.101    49.762 16716541 0 0 1 22
t1    1   30     0.000    21.828    46.851 15602431 0 0 1 21
t1    1   31     0.000    22.556    43.941 13898239 0 0 1 20
t1    1   32     0.000    23.283    41.030 11735551 0 0 1 19
t1    1   33     0.000    24.011    38.120 9114111 0 0 1 18
t1    1   34     0.000    24.739    35.210 6099199 0 0 1 17
t1    1   35     0.000    25.466    32.299 2691327 0 0 1 16
t1    1   36     0.000    26.194    29.389 1061119 0 0 1 15
t1    1   37     0.000    26.921    26.478 1011711 0 0 1 14
t1    1   38     0.000    27.649    23.568 963583 0 0 1 13
t1    1   39     0.000    28.377    20.657 982271 0 0 1 12
t1    1   40     0.000    29.104    17.747 917429 0 0 1 11
t1    1   41     0.000    29.832    14.837 917347 0 0 1 10
t1    1   42     0.000    30.559    11.926 851726 0 0 1 9
t1    1   43     0.000    31.287     9.016 6422283 0 0 1 8
t1    1   44     0.000    32.015     6.105 12320522 0 0 1 7
t1    1   45     0.000    32.742     3.195 16770570 0 0 1 6
t1    1   46     0.000    33.470     0.284 16746505 0 0 1 5
t1    1   47     0.000    34.198    -2.626 16722184 0 0 1 4
t1    1   48     0.000    34.925    -5.536 16738057 0 0 1 3
t1    1   49     0.000    35.653    -8.447 16762377 0 0 1 2
t1    1   50     0.000    36.380   -11.357 14417674 0 0 1 1
t1    2    1     0.142     0.714   131.254 16514826 0 0 1 51
t1    2    2     0.284     1.427   128.343 16716519 0 0 1 52
t1    2    3     0.426     2.141   125.433 16738313 0 0 1 53
t1    2    4     0.568     2.855   122.522 16734985 0 0 1 54
t1    2    5     0.710     3.568   119.612 16720904 0 0 1 55
t1    2    6     0.852     4.282   116.702 16733961 0 0 1 56
t1    2    7     0.994     4.995   113.791 16755721 0 0 1 57
t1    2    8     1.136     5.709   110.881 16449290 0 0 1 58
t1    2    9     1.278     6.423   107.970 10616587 0 0 1 59
t1    2   10     1.419     7.136   105.060 4914955 0 0 1 60
t1    2   11     1.561     7.850   102.149 851748 0 0 1 61
t1    2   12     1.703     8.564    99.239 917368 0 0 1 62
t1    2   13     1.845     9.277    96.329 917449 0 0 1 63
t1    2   14     1.987     9.991    93.418 977407 0 0 1 64
t1    2   15     2.129    10.704    90.508 1024767 0 0 1 65
t1    2   16     2.271    11.418    87.597 1007615 0 0 1 66
t1    2   17     2.413    12.132    84.687 1057791 0 0 1 67
t1    2   18     2.555    12.845    81.776 3477759 0 0 1 68
t1    2   19     2.697    13.559    78.866 6689279 0 0 1 69
t1    2   20     2.839    14.273    75.956 9572863 0 0 1 70
t1    2   21     2.981    14.986    73.045 11997695 0 0 1 71
t1    2   22     3.123    15.700    70.135 13963775 0 0 1 72
t1    2   23     3.265    16.413    67.224 15471359 0 0 1 73
t1    2   24     3.407    17.127    64.314 16585471 0 0 1 74
t1    2   25     3.549    17.841    61.403 16716536 0 0 1 75
t1    2   26     3.691    18.554    58.493 16716533 0 0 1 76
t1    2   27     3.833    19.268    55.583 16716538 0 0 1 77
t1    2   28     3.975    19.982    52.672 16257791 0 0 1 78
t1    2   29     4.117    20.695    49.762 15012607 0 0 1 79
t1    2   30     4.258    21.409    46.851 13373951 0 0 1 80
t1    2   31     4.400    22.122    43.941 11276799 0 0 1 81
t1    2   32     4.542    22.836    41.030 8720895 0 0 1 82
t1    2   33     4.684    23.550    38.120 5705983 0 0 1 83
t1    2   34     4.826    24.263    35.210 2363647 0 0 1 84
t1    2   35     4.968    24.977    32.299 1062399 0 0 1 85
t1    2   36     5.110    25.691    29.389 1012735 0 0 1 86
t1    2   37     5.252    26.404    26.478 964351 0 0 1 87
t1    2   38     5.394    27.118    23.568 983039 0 0 1 88
t1    2   39     5.536    27.831    20.657 917426 0 0 1 89
t1    2   40     5.678    28.545    17.747 917345 0 0 1 90
t1    2   41     5.820    29.259    14.837 851724 0 0 1 91
t1    2   42     5.962    29.972    11.926 6553355 0 0 1 92
t1    2   43     6.104    30.686     9.016 12386058 0 0 1 93
t1    2   44     6.246    31.400     6.105 16770570 0 0 1 94
t1    2   45     6.388    32.113     3.195 16746505 0 0 1 95
t1    2   46     6.530    32.827     0.284 16722184 0 0 1 96
t1    2   47     6.672    33.540    -2.626 16738057 0 0 1 97
t1    2   48     6.814    34.254    -5.536 16762121 0 0 1 98
t1    2   49     6.956    34.968    -8.447 14483210 0 0 1 99
t1    2   50     7.097    35.681   -11.357 8519435 0 0 1 100
t1    3    1     0.278     0.672   131.254 16187146 0 0 2 50
t1    3    2     0.557     1.344   128.343 16738313 0 0 2 49
t1    3    3     0.835     2.017   125.433 16716519 0 0 2 48
t1    3    4     1.114     2.689   122.522 16719112 0 0 2 47
t1    3    5     1.392     3.361   119.612 16727304 0 0 2 46
t1    3    6     1.671     4.033   116.702 16744457 0 0 2 45
t1    3    7     1.949     4.706   113.791 16765193 0 0 2 44
t1    3    8     2.228     5.378   110.881 14221066 0 0 2 43
t1    3    9     2.506     6.050   107.970 8453899 0 0 2 42
t1    3   10     2.784     6.722   105.060 2752268 0 0 2 41
t1    3   11     3.063     7.394   102.149 851781 0 0 2 40
t1    3   12     3.341     8.067    99.239 917400 0 0 2 39
t1    3   13     3.620     8.739    96.329 983014 0 0 2 38
t1    3   14     3.898     9.411    93.418 970239 0 0 2 37
t1    3   15     4.177    10.083    90.508 1018111 0 0 2 36
t1    3   16     4.455    10.756    87.597 1001983 0 0 2 35
t1    3   17     4.734    11.428    84.687 1052927 0 0 2 34
t1    3   18     5.012    12.100    81.776 4526335 0 0 2 33
t1    3   19     5.290    12.772    78.866 7475711 0 0 2 32
t1    3   20     5.569    13.444    75.956 10097151 0 0 2 31
t1    3   21     5.847    14.117    73.045 12194303 0 0 2 30
t1    3   22     6.126    14.789    70.135 13832703 0 0 2 29
t1    3   23     6.404    15.461    67.224 15078143 0 0 2 28
t1    3   24     6.683    16.133    64.314 15799039 0 0 2 27
t1    3   25     6.961    16.806    61.403 16061183 0 0 2 26
t1    3   26     7.240    17.478    58.493 15864575 0 0 2 25
t1    3   27     7.518    18.150    55.583 15143679 0 0 2 24
t1    3   28     7.796    18.822    52.672 14029311 0 0 2 23
t1    3   29     8.075    19.494    49.762 12456447 0 0 2 22
t1    3   30     8.353    20.167    46.851 10424831 0 0 2 21
t1    3   31     8.632    20.839    43.941 7934463 0 0 2 20
t1    3   32     8.910    21.511    41.030 5050623 0 0 2 19
t1    3   33     9.189    22.183    38.120 1773823 0 0 2 18
t1    3   34     9.467    22.856    35.210 998911 0 0 2 17
t1    3   35     9.746    23.528    32.299 1014527 0 0 2 16
t1    3   36    10.024    24.200    29.389 966143 0 0 2 15
t1    3   37    10.302    24.872    26.478 983034 0 0 2 14
t1    3   38    10.581    25.544    23.568 917422 0 0 2 13
t1    3   39    10.859    26.217    20.657 917341 0 0 2 12
t1    3   40    11.138    26.889    17.747 1048332 0 0 2 11
t1    3   41    11.416    27.561    14.837 6684427 0 0 2 10
t1    3   42    11.695    28.233    11.926 12517130 0 0 2 9
t1    3   43    11.973    28.906     9.016 16770314 0 0 2 8
t1    3   44    12.251    29.578     6.105 16746249 0 0 2 7
t1    3   45    12.530    30.250     3.195 16722184 0 0 2 6
t1    3   46    12.808    30.922     0.284 16737801 0 0 2 5
t1    3   47    13.087    31.594    -2.626 16761865 0 0 2 4
t1    3   48    13.365    32.267    -5.536 14548746 0 0 2 3
t1    3   49    13.644    32.939    -8.447 8650507 0 0 2 2
t1    3   50    13.922    33.611   -11.357 2883340 0 0 2 1
t1    4    1     0.404     0.605   131.254 16764425 0 0 2 51
t1    4    2     0.808     1.210   128.343 16734985 0 0 2 52
t1    4    3     1.213     1.815   125.433 16719112 0 0 2 53
t1    4    4     1.617     2.420   122.522 16716519 0 0 2 54
t1    4    5     2.021     3.025   119.612 16727560 0 0 2 55
t1    4    6     2.425     3.630   116.702 16744201 0 0 2 56
t1    4    7     2.830     4.235   113.791 16764681 0 0 2 57
t1    4    8     3.234     4.840   110.881 14286602 0 0 2 58
t1    4    9     3.638     5.445   107.970 8453899 0 0 2 59
t1    4   10     4.042     6.050   105.060 2621196 0 0 2 60
t1    4   11     4.447     6.655   102.149 851783 0 0 2 61
t1    4   12     4.851     7.260    99.239 917403 0 0 2 62
t1    4   13     5.255     7.865    96.329 983018 0 0 2 63
t1    4   14     5.659     8.470    93.418 969471 0 0 2 64
t1    4   15     6.064     9.075    90.508 1017599 0 0 2 65
t1    4   16     6.468     9.680    87.597 1001727 0 0 2 66
t1    4   17     6.872    10.285    84.687 1053183 0 0 2 67
t1    4   18     7.276    10.890    81.776 4264191 0 0 2 68
t1    4   19     7.680    11.495    78.866 7016959 0 0 2 69
t1    4   20     8.085    12.100    75.956 9376255 0 0 2 70
t1    4   21     8.489    12.705    73.045 11276799 0 0 2 71
t1    4   22     8.893    13.310    70.135 12653055 0 0 2 72
t1    4   23     9.297    13.915    67.224 13570559 0 0 2 73
t1    4   24     9.702    14.520    64.314 14029311 0 0 2 74
t1    4   25    10.106    15.125    61.403 13963775 0 0 2 75
t1    4   26    10.510    15.730    58.493 13505023 0 0 2 76
t1    4   27    10.914    16.335    55.583 12521983 0 0 2 77
t1    4   28    11.319    16.940    52.672 11080191 0 0 2 78
t1    4   29    11.723    17.545    49.762 9179647 0 0 2 79
t1    4   30    12.127    18.149    46.851 6820351 0 0 2 80
t1    4   31    12.531    18.754    43.941 4002047 0 0 2 81
t1    4   32    12.936    19.359    41.030 1053695 0 0 2 82
t1    4   33    13.340    19.964    38.120 1001983 0 0 2 83
t1    4   34    13.744    20.569    35.210 1017343 0 0 2 84
t1    4   35    14.148    21.174    32.299 968447 0 0 2 85
t1    4   36    14.553    21.779    29.389 983026 0 0 2 86
t1    4   37    14.957    22.384    26.478 917415 0 0 2 87
t1    4   38    15.361    22.989    23.568 851800 0 0 2 88
t1    4   39    15.765    23.594    20.657 1310476 0 0 2 89
t1    4   40    16.169    24.199    17.747 6881035 0 0 2 90
t1    4   41    16.574    24.804    14.837 12713738 0 0 2 91
t1    4   42    16.978    25.409    11.926 16769802 0 0 2 92
t1    4   43    17.382    26.014     9.016 16745993 0 0 2 93
t1    4   44    17.786    26.619     6.105 16722184 0 0 2 94
t1    4   45    18.191    27.224     3.195 16737801 0 0 2 95
t1    4   46    18.595    27.829     0.284 16761609 0 0 2 96
t1    4   47    18.999    28.434    -2.626 14679818 0 0 2 97
t1    4   48    19.403    29.039    -5.536 8781579 0 0 2 98
t1    4   49    19.808    29.644    -8.447 3079948 0 0 2 99
t1    4   50    20.212    30.249   -11.357 851776 0 0 2 100
t1    5    1     0.514     0.514   131.254 16744457 0 0 3 50
t1    5    2     1.029     1.029   128.343 16720904 0 0 3 49
t1    5    3     1.543     1.543   125.433 16727304 0 0 3 48
t1    5    4     2.058     2.058   122.522 16727560 0 0 3 47
t1    5    5     2.572     2.572   119.612 16716519 0 0 3 46
t1    5    6     3.087     3.087   116.702 16734473 0 0 3 45
t1    5    7     3.601     3.601   113.791 16755209 0 0 3 44
t1    5    8     4.116     4.116   110.881 16514826 0 0 3 43
t1    5    9     4.630     4.630   107.970 10485515 0 0 3 42
t1    5   10     5.145     5.145   105.060 4456203 0 0 3 41
t1    5   11     5.659     5.659   102.149 851757 0 0 3 40
t1    5   12     6.174     6.174    99.239 917379 0 0 3 39
t1    5   13     6.688     6.688    96.329 917460 0 0 3 38
t1    5   14     7.203     7.203    93.418 974847 0 0 3 37
t1    5   15     7.717     7.717    90.508 1022975 0 0 3 36
t1    5   16     8.232     8.232    87.597 1007103 0 0 3 35
t1    5   17     8.746     8.746    84.687 1058559 0 0 3 34
t1    5   18     9.261     9.261    81.776 2691327 0 0 3 33
t1    5   19     9.775     9.775    78.866 5378303 0 0 3 32
t1    5   20    10.290    10.290    75.956 7606783 0 0 3 31
t1    5   21    10.804    10.804    73.045 9310719 0 0 3 30
t1    5   22    11.319    11.319    70.135 10490367 0 0 3 29
t1    5   23    11.833    11.833    67.224 11211263 0 0 3 28
t1    5   24    12.348    12.348    64.314 11407871 0 0 3 27
t1    5   25    12.862    12.862    61.403 11080191 0 0 3 26
t1    5   26    13.377    13.377    58.493 10359295 0 0 3 25
t1    5   27    13.891    13.891    55.583 9114111 0 0 3 24
t1    5   28    14.406    14.406    52.672 7344639 0 0 3 23
t1    5   29    14.920    14.920    49.762 5181695 0 0 3 22
t1    5   30    15.435    15.435    46.851 2560255 0 0 3 21
t1    5   31    15.949    15.949    43.941 1058559 0 0 3 20
t1    5   32    16.464    16.464    41.030 1006335 0 0 3 19
t1    5   33    16.978    16.978    38.120 1021183 0 0 3 18
t1    5   34    17.493    17.493    35.210 971775 0 0 3 17
t1    5   35    18.007    18.007    32.299 983015 0 0 3 16
t1    5   36    18.522    18.522    29.389 917405 0 0 3 15
t1    5   37    19.036    19.036    26.478 851792 0 0 3 14
t1    5   38    19.551    19.551    23.568 1703692 0 0 3 13
t1    5   39    20.065    20.065    20.657 7208715 0 0 3 12
t1    5   40    20.580    20.580    17.747 12910346 0 0 3 11
t1    5   41    21.094    21.094    14.837 16769290 0 0 3 10
t1    5   42    21.609    21.609    11.926 16745737 0 0 3 9
t1    5   43    22.123    22.123     9.016 16721928 0 0 3 8
t1    5   44    22.638    22.638     6.105 16737545 0 0 3 7
t1    5   45    23.152    23.152     3.195 16761353 0 0 3 6
t1    5   46    23.667    23.667     0.284 14810890 0 0 3 5
t1    5   47    24.181    24.181    -2.626 8978187 0 0 3 4
t1    5   48    24.696    24.696    -5.536 3276556 0 0 3 3
t1    5   49    25.210    25.210    -8.447 851771 0 0 3 2
t1    5   50    25.725    25.725   -11.357 917389 0 0 3 1
t1    6    1     0.605     0.404   131.254 16721928 0 0 3 51
t1    6    2     1.210     0.808   128.343 16733961 0 0 3 52
t1    6    3     1.815     1.213   125.433 16744457 0 0 3 53
t1    6    4     2.420     1.617   122.522 16744201 0 0 3 54
t1    6    5     3.025     2.021   119.612 16734473 0 0 3 55
t1    6    6     3.630     2.425   116.702 16716519 0 0 3 56
t1    6    7     4.235     2.830   113.791 16739081 0 0 3 57
t1    6    8     4.840     3.234   110.881 16762377 0 0 3 58
t1    6    9     5.445     3.638   107.970 14221066 0 0 3 59
t1    6   10     6.050     4.042   105.060 7995147 0 0 3 60
t1    6   11     6.655     4.447   102.149 1965836 0 0 3 61
t1    6   12     7.260     4.851    99.239 851796 0 0 3 62
t1    6   13     7.865     5.255    96.329 917415 0 0 3 63
t1    6   14     8.470     5.659    93.418 983028 0 0 3 64
t1    6   15     9.075     6.064    90.508 967935 0 0 3 65
t1    6   16     9.680     6.468    87.597 1017343 0 0 3 66
t1    6   17    10.285     6.872    84.687 1003263 0 0 3 67
t1    6   18    10.890     7.276    81.776 1056767 0 0 3 68
t1    6   19    11.495     7.680    78.866 2625791 0 0 3 69
t1    6   20    12.100     8.085    75.956 4722943 0 0 3 70
t1    6   21    12.705     8.489    73.045 6295807 0 0 3 71
t1    6   22    13.310     8.893    70.135 7410175 0 0 3 72
t1    6   23    13.915     9.297    67.224 7934463 0 0 3 73
t1    6   24    14.520     9.702    64.314 7934463 0 0 3 74
t1    6   25    15.125    10.106    61.403 7475711 0 0 3 75
t1    6   26    15.730    10.510    58.493 6492415 0 0 3 76
t1    6   27    16.335    10.914    55.583 5050623 0 0 3 77
t1    6   28    16.940    11.319    52.672 3084543 0 0 3 78
t1    6   29    17.545    11.723    49.762 1054207 0 0 3 79
t1    6   30    18.149    12.127    46.851 999423 0 0 3 80
t1    6   31    18.754    12.531    43.941 1011967 0 0 3 81
t1    6   32    19.359    12.936    41.030 1026047 0 0 3 82
t1    6   33    19.964    13.340    38.120 976127 0 0 3 83
t1    6   34    20.569    13.744    35.210 983000 0 0 3 84
t1    6   35    21.174    14.148    32.299 917393 0 0 3 85
t1    6   36    21.779    14.553    29.389 851782 0 0 3 86
t1    6   37    22.384    14.957    26.478 2227980 0 0 3 87
t1    6   38    22.989    15.361    23.568 7667467 0 0 3 88
t1    6   39    23.594    15.765    20.657 13238026 0 0 3 89
t1    6   40    24.199    16.169    17.747 16768522 0 0 3 90
t1    6   41    24.804    16.574    14.837 16745481 0 0 3 91
t1    6   42    25.409    16.978    11.926 16721928 0 0 3 92
t1    6   43    26.014    17.382     9.016 16737289 0 0 3 93
t1    6   44    26.619    17.786     6.105 16760585 0 0 3 94
t1    6   45    27.224    18.191     3.195 15007498 0 0 3 95
t1    6   46    27.829    18.595     0.284 9240331 0 0 3 96
t1    6   47    28.434    18.999    -2.626 3604235 0 0 3 97
t1    6   48    29.039    19.403    -5.536 851766 0 0 3 98
t1    6   49    29.644    19.808    -8.447 917383 0 0 3 99
t1    6   50    30.249    20.212   -11.357 917461 0 0 3 100
t1    7    1     0.672     0.278   131.254 16737289 0 0 4 50
t1    7    2     1.344     0.557   128.343 16755721 0 0 4 49
t1    7    3     2.017     0.835   125.433 16765193 0 0 4 48
t1    7    4     2.689     1.114   122.522 16764681 0 0 4 47
t1    7    5     3.361     1.392   119.612 16755209 0 0 4 46
t1    7    6     4.033     1.671   116.702 16739081 0 0 4 45
t1    7    7     4.706     1.949   113.791 16716519 0 0 4 44
t1    7    8     5.378     2.228   110.881 16741897 0 0 4 43
t1    7    9     6.050     2.506   107.970 16766986 0 0 4 42
t1    7   10     6.722     2.784   105.060 12844810 0 0 4 41
t1    7   11     7.394     3.063   102.149 6553355 0 0 4 40
t1    7   12     8.067     3.341    99.239 851728 0 0 4 39
t1    7   13     8.739     3.620    96.329 917351 0 0 4 38
t1    7   14     9.411     3.898    93.418 917430 0 0 4 37
t1    7   15    10.083     4.177    90.508 983039 0 0 4 36
t1    7   16    10.756     4.455    87.597 966655 0 0 4 35
t1    7   17    11.428     4.734    84.687 1017855 0 0 4 34
t1    7   18    12.100     5.012    81.776 1005567 0 0 4 33
t1    7   19    12.772     5.290    78.866 1061119 0 0 4 32
t1    7   20    13.444     5.569    75.956 1053183 0 0 4 31
t1    7   21    14.117     5.847    73.045 2494719 0 0 4 30
t1    7   22    14.789     6.126    70.135 3477759 0 0 4 29
t1    7   23    15.461     6.404    67.224 3870975 0 0 4 28
t1    7   24    16.133     6.683    64.314 3805439 0 0 4 27
t1    7   25    16.806     6.961    61.403 3150079 0 0 4 26
t1    7   26    17.478     7.240    58.493 2035967 0 0 4 25
t1    7   27    18.150     7.518    55.583 1055231 0 0 4 24
t1    7   28    18.822     7.796    52.672 997887 0 0 4 23
t1    7   29    19.494     8.075    49.762 1007615 0 0 4 22
t1    7   30    20.167     8.353    46.851 1019391 0 0 4 21
t1    7   31    20.839     8.632    43.941 966911 0 0 4 20
t1    7   32    21.511     8.910    41.030 981503 0 0 4 19
t1    7   33    22.183     9.189    38.120 917446 0 0 4 18
t1    7   34    22.856     9.467    35.210 917378 0 0 4 17
t1    7   35    23.528     9.746    32.299 851769 0 0 4 16
t1    7   36    24.200    10.024    29.389 2948876 0 0 4 15
t1    7   37    24.872    10.302    26.478 8126219 0 0 4 14
t1    7   38    25.544    10.581    23.568 13565706 0 0 4 13
t1    7   39    26.217    10.859    20.657 16767498 0 0 4 12
t1    7   40    26.889    11.138    17.747 16744969 0 0 4 11
t1    7   41    27.561    11.416    14.837 16721928 0 0 4 10
t1    7   42    28.233    11.695    11.926 16737033 0 0 4 9
t1    7   43    28.906    11.973     9.016 16760073 0 0 4 8
t1    7   44    29.578    12.251     6.105 15269642 0 0 4 7
t1    7   45    30.250    12.530     3.195 9568011 0 0 4 6
t1    7   46    30.922    12.808     0.284 3997451 0 0 4 5
t1    7   47    31.594    13.087    -2.626 851759 0 0 4 4
t1    7   48    32.267    13.365    -5.536 917376 0 0 4 3
t1    7   49    32.939    13.644    -8.447 917453 0 0 4 2
t1    7   50    33.611    13.922   -11.357 977151 0 0 4 1
t1    8    1     0.714     0.142   131.254 16760841 0 0 4 51
t1    8    2     1.427     0.284   128.343 16449290 0 0 4 52
t1    8    3     2.141     0.426   125.433 14221066 0 0 4 53
t1    8    4     2.855     0.568   122.522 14286602 0 0 4 54
t1    8    5     3.568     0.710   119.612 16514826 0 0 4 55
t1    8    6     4.282     0.852   116.702 16762377 0 0 4 56
t1    8    7     4.995     0.994   113.791 16741897 0 0 4 57
t1    8    8     5.709     1.136   110.881 16716519 0 0 4 58
t1    8    9     6.423     1.278   107.970 16743433 0 0 4 59
t1    8   10     7.136     1.419   105.060 16769546 0 0 4 60
t1    8   11     7.850     1.561   102.149 12189450 0 0 4 61
t1    8   12     8.564     1.703    99.239 5963531 0 0 4 62
t1    8   13     9.277     1.845    96.329 851735 0 0 4 63
t1    8   14     9.991     1.987    93.418 917354 0 0 4 64
t1    8   15    10.704     2.129    90.508 917429 0 0 4 65
t1    8   16    11.418     2.271    87.597 983031 0 0 4 66
t1    8   17    12.132     2.413    84.687 970239 0 0 4 67
t1    8   18    12.845     2.555    81.776 1023231 0 0 4 68
t1    8   19    13.559     2.697    78.866 1012991 0 0 4 69
t1    8   20    14.273     2.839    75.956 1005055 0 0 4 70
t1    8   21    14.986     2.981    73.045 999167 0 0 4 71
t1    8   22    15.700     3.123    70.135 1061119 0 0 4 72
t1    8   23    16.413     3.265    67.224 1059839 0 0 4 73
t1    8   24    17.127     3.407    64.314 1060607 0 0 4 74
t1    8   25    17.841     3.549    61.403 997631 0 0 4 75
t1    8   26    18.554     3.691    58.493 1002495 0 0 4 76
t1    8   27    19.268     3.833    55.583 1009151 0 0 4 77
t1    8   28    19.982     3.975    52.672 1017855 0 0 4 78
t1    8   29    20.695     4.117    49.762 962559 0 0 4 79
t1    8   30    21.409     4.258    46.851 974591 0 0 4 80
t1    8   31    22.122     4.400    43.941 983018 0 0 4 81
t1    8   32    22.836     4.542    41.030 917423 0 0 4 82
t1    8   33    23.550     4.684    38.120 917359 0 0 4 83
t1    8   34    24.263     4.826    35.210 851753 0 0 4 84
t1    8   35    24.977     4.968    32.299 3735307 0 0 4 85
t1    8   36    25.691     5.110    29.389 8781579 0 0 4 86
t1    8   37    26.404     5.252    26.478 14024458 0 0 4 87
t1    8   38    27.118     5.394    23.568 16766218 0 0 4 88
t1    8   39    27.831     5.536    20.657 16744201 0 0 4 89
t1    8   40    28.545     5.678    17.747 16721928 0 0 4 90
t1    8   41    29.259     5.820    14.837 16736521 0 0 4 91
t1    8   42    29.972     5.962    11.926 16759305 0 0 4 92
t1    8   43    30.686     6.104     9.016 15597322 0 0 4 93
t1    8   44    31.400     6.246     6.105 9961227 0 0 4 94
t1    8   45    32.113     6.388     3.195 4456203 0 0 4 95
t1    8   46    32.827     6.530     0.284 851751 0 0 4 96
t1    8   47    33.540     6.672    -2.626 917367 0 0 4 97
t1    8   48    34.254     6.814    -5.536 917443 0 0 4 98
t1    8   49    34.968     6.956    -8.447 979711 0 0 4 99
t1    8   50    35.681     7.097   -11.357 962303 0 0 4 100
t1    9    1     0.728     0.000   131.254 14876426 0 0 5 50
t1    9    2     1.455     0.000   128.343 10616587 0 0 5 49
t1    9    3     2.183     0.000   125.433 8453899 0 0 5 48
t1    9    4     2.910     0.000   122.522 8453899 0 0 5 47
t1    9    5     3.638     0.000   119.612 10485515 0 0 5 46
t1    9    6     4.366     0.000   116.702 14221066 0 0 5 45
t1    9    7     5.093     0.000   113.791 16766986 0 0 5 44
t1    9    8     5.821     0.000   110.881 16743433 0 0 5 43
t1    9    9     6.548     0.000   107.970 16716519 0 0 5 42
t1    9   10     7.276     0.000   105.060 16744201 0 0 5 41
t1    9   11     8.004     0.000   102.149 16770314 0 0 5 40
t1    9   12     8.731     0.000    99.239 12058378 0 0 5 39
t1    9   13     9.459     0.000    96.329 6029067 0 0 5 38
t1    9   14    10.186     0.000    93.418 851729 0 0 5 37
t1    9   15    10.914     0.000    90.508 917343 0 0 5 36
t1    9   16    11.642     0.000    87.597 917412 0 0 5 35
t1    9   17    12.369     0.000    84.687 983008 0 0 5 34
t1    9   18    13.097     0.000    81.776 977919 0 0 5 33
t1    9   19    13.825     0.000    78.866 967423 0 0 5 32
t1    9   20    14.552     0.000    75.956 1024767 0 0 5 31
t1    9   21    15.280     0.000    73.045 1018879 0 0 5 30
t1    9   22    16.007     0.000    70.135 1015295 0 0 5 29
t1    9   23    16.735     0.000    67.224 1014015 0 0 5 28
t1    9   24    17.463     0.000    64.314 1014783 0 0 5 27
t1    9   25    18.190     0.000    61.403 1017855 0 0 5 26
t1    9   26    18.918     0.000    58.493 1022975 0 0 5 25
t1    9   27    19.645     0.000    55.583 964351 0 0 5 24
t1    9   28    20.373     0.000    52.672 973311 0 0 5 23
t1    9   29    21.101     0.000    49.762 983035 0 0 5 22
t1    9   30    21.828     0.000    46.851 917451 0 0 5 21
t1    9   31    22.556     0.000    43.941 917396 0 0 5 20
t1    9   32    23.283     0.000    41.030 851800 0 0 5 19
t1    9   33    24.011     0.000    38.120 851734 0 0 5 18
t1    9   34    24.739     0.000    35.210 4718347 0 0 5 17
t1    9   35    25.466     0.000    32.299 9568011 0 0 5 16
t1    9   36    26.194     0.000    29.389 14614282 0 0 5 15
t1    9   37    26.921     0.000    26.478 16764937 0 0 5 14
t1    9   38    27.649     0.000    23.568 16743433 0 0 5 13
t1    9   39    28.377     0.000    20.657 16721672 0 0 5 12
t1    9   40    29.104     0.000    17.747 16736009 0 0 5 11
t1    9   41    29.832     0.000    14.837 16758281 0 0 5 10
t1    9   42    30.559     0.000    11.926 15925002 0 0 5 9
t1    9   43    31.287     0.000     9.016 10419979 0 0 5 8
t1    9   44    32.015     0.000     6.105 4980491 0 0 5 7
t1    9   45    32.742     0.000     3.195 851741 0 0 5 6
t1    9   46    33.470     0.000     0.284 917356 0 0 5 5
t1    9   47    34.198     0.000    -2.626 917432 0 0 5 4
t1    9   48    34.925     0.000    -5.536 982783 0 0 5 3
t1    9   49    35.653     0.000    -8.447 965631 0 0 5 2
t1    9   50    36.380     0.000   -11.357 1015039 0 0 5 1
t1   10    1     0.714    -0.142   131.254 8912651 0 0 5 51
t1   10    2     1.427    -0.284   128.343 4914955 0 0 5 52
t1   10    3     2.141    -0.426   125.433 2752268 0 0 5 53
t1   10    4     2.855    -0.568   122.522 2621196 0 0 5 54
t1   10    5     3.568    -0.710   119.612 4456203 0 0 5 55
t1   10    6     4.282    -0.852   116.702 7995147 0 0 5 56
t1   10    7     4.995    -0.994   113.791 12844810 0 0 5 57
t1   10    8     5.709    -1.136   110.881 16769546 0 0 5 58
t1   10    9     6.423    -1.278   107.970 16744201 0 0 5 59
t1   10   10     7.136    -1.419   105.060 16716519 0 0 5 60
t1   10   11     7.850    -1.561   102.149 16744457 0 0 5 61
t1   10   12     8.564    -1.703    99.239 16770058 0 0 5 62
t1   10   13     9.277    -1.845    96.329 12386058 0 0 5 63
t1   10   14     9.991    -1.987    93.418 6618891 0 0 5 64
t1   10   15    10.704    -2.129    90.508 1441548 0 0 5 65
t1   10   16    11.418    -2.271    87.597 851786 0 0 5 66
t1   10   17    12.132    -2.413    84.687 917384 0 0 5 67
t1   10   18    12.845    -2.555    81.776 917436 0 0 5 68
t1   10   19    13.559    -2.697    78.866 983015 0 0 5 69
t1   10   20    14.273    -2.839    75.956 980735 0 0 5 70
t1   10   21    14.986    -2.981    73.045 974591 0 0 5 71
t1   10   22    15.700    -3.123    70.135 971007 0 0 5 72
t1   10   23    16.413    -3.265    67.224 969727 0 0 5 73
t1   10   24    17.127    -3.407    64.314 970495 0 0 5 74
t1   10   25    17.841    -3.549    61.403 973567 0 0 5 75
t1   10   26    18.554    -3.691    58.493 978943 0 0 5 76
t1   10   27    19.268    -3.833    55.583 983027 0 0 5 77
t1   10   28    19.982    -3.975    52.672 917456 0 0 5 78
t1   10   29    20.695    -4.117    49.762 917413 0 0 5 79
t1   10   30    21.409    -4.258    46.851 917364 0 0 5 80
t1   10   31    22.122    -4.400    43.941 851773 0 0 5 81
t1   10   32    22.836    -4.542    41.030 1638156 0 0 5 82
t1   10   33    23.550    -4.684    38.120 5897995 0 0 5 83
t1   10   34    24.263    -4.826    35.210 10419979 0 0 5 84
t1   10   35    24.977    -4.968    32.299 15269642 0 0 5 85
t1   10   36    25.691    -5.110    29.389 16763145 0 0 5 86
t1   10   37    26.404    -5.252    26.478 16742665 0 0 5 87
t1   10   38    27.118    -5.394    23.568 16721672 0 0 5 88
t1   10   39    27.831    -5.536    20.657 16735497 0 0 5 89
t1   10   40    28.545    -5.678    17.747 16757001 0 0 5 90
t1   10   41    29.259    -5.820    14.837 16383754 0 0 5 91
t1   10   42    29.972    -5.962    11.926 10944267 0 0 5 92
t1   10   43    30.686    -6.104     9.016 5635851 0 0 5 93
t1   10   44    31.400    -6.246     6.105 851730 0 0 5 94
t1   10   45    32.113    -6.388     3.195 917344 0 0 5 95
t1   10   46    32.827    -6.530     0.284 917418 0 0 5 96
t1   10   47    33.540    -6.672    -2.626 983025 0 0 5 97
t1   10   48    34.254    -6.814    -5.536 969471 0 0 5 98
t1   10   49    34.968    -6.956    -8.447 1018879 0 0 5 99
t1   10   50    35.681    -7.097   -11.357 1004031 0 0 5 100
t1   11    1     0.672    -0.278   131.254 3145484 0 0 6 50
t1   11    2     1.344    -0.557   128.343 851748 0 0 6 49
t1   11    3     2.017    -0.835   125.433 851781 0 0 6 48
t1   11    4     2.689    -1.114   122.522 851783 0 0 6 47
t1   11    5     3.361    -1.392   119.612 851757 0 0 6 46
t1   11    6     4.033    -1.671   116.702 1965836 0 0 6 45
t1   11    7     4.706    -1.949   113.791 6553355 0 0 6 44
t1   11    8     5.378    -2.228   110.881 12189450 0 0 6 43
t1   11    9     6.050    -2.506   107.970 16770314 0 0 6 42
t1   11   10     6.722    -2.784   105.060 16744457 0 0 6 41
t1   11   11     7.394    -3.063   102.149 16716519 0 0 6 40
t1   11   12     8.067    -3.341    99.239 16743945 0 0 6 39
t1   11   13     8.739    -3.620    96.329 16768522 0 0 6 38
t1   11   14     9.411    -3.898    93.418 13041418 0 0 6 37
t1   11   15    10.083    -4.177    90.508 7733003 0 0 6 36
t1   11   16    10.756    -4.455    87.597 2948876 0 0 6 35
t1   11   17    11.428    -4.734    84.687 851755 0 0 6 34
t1   11   18    12.100    -5.012    81.776 917346 0 0 6 33
t1   11   19    12.772    -5.290    78.866 917390 0 0 6 32
t1   11   20    13.444    -5.569    75.956 917424 0 0 6 31
t1   11   21    14.117    -5.847    73.045 917449 0 0 6 30
t1   11   22    14.789    -6.126    70.135 983000 0 0 6 29
t1   11   23    15.461    -6.404    67.224 983006 0 0 6 28
t1   11   24    16.133    -6.683    64.314 983002 0 0 6 27
t1   11   25    16.806    -6.961    61.403 917454 0 0 6 26
t1   11   26    17.478    -7.240    58.493 917434 0 0 6 25
t1   11   27    18.150    -7.518    55.583 917406 0 0 6 24
t1   11   28    18.822    -7.796    52.672 917370 0 0 6 23
t1   11   29    19.494    -8.075    49.762 851791 0 0 6 22
t1   11   30    20.167    -8.353    46.851 851742 0 0 6 21
t1   11   31    20.839    -8.632    43.941 3276556 0 0 6 20
t1   11   32    21.511    -8.910    41.030 7208715 0 0 6 19
t1   11   33    22.183    -9.189    38.120 11468555 0 0 6 18
t1   11   34    22.856    -9.467    35.210 15990538 0 0 6 17
t1   11   35    23.528    -9.746    32.299 16761353 0 0 6 16
t1   11   36    24.200   -10.024    29.389 16741641 0 0 6 15
t1   11   37    24.872   -10.302    26.478 16721416 0 0 6 14
t1   11   38    25.544   -10.581    23.568 16734985 0 0 6 13
t1   11   39    26.217   -10.859    20.657 16755721 0 0 6 12
t1   11   40    26.889   -11.138    17.747 16776714 0 0 6 11
t1   11   41    27.561   -11.416    14.837 11599627 0 0 6 10
t1   11   42    28.233   -11.695    11.926 6356747 0 0 6 9
t1   11   43    28.906   -11.973     9.016 1310476 0 0 6 8
t1   11   44    29.578   -12.251     6.105 851793 0 0 6 7
t1   11   45    30.250   -12.530     3.195 917403 0 0 6 6
t1   11   46    30.922   -12.808     0.284 983009 0 0 6 5
t1   11   47    31.594   -13.087    -2.626 973823 0 0 6 4
t1   11   48    32.267   -13.365    -5.536 1023487 0 0 6 3
t1   11   49    32.939   -13.644    -8.447 1008639 0 0 6 2
t1   11   50    33.611   -13.922   -11.357 1060863 0 0 6 1
t1   12    1     0.605    -0.404   131.254 851775 0 0 6 51
t1   12    2     1.210    -0.808   128.343 917368 0 0 6 52
t1   12    3     1.815    -1.213   125.433 917400 0 0 6 53
t1   12    4     2.420    -1.617   122.522 917403 0 0 6 54
t1   12    5     3.025    -2.021   119.612 917379 0 0 6 55
t1   12    6     3.630    -2.425   116.702 851796 0 0 6 56
t1   12    7     4.235    -2.830   113.791 851728 0 0 6 57
t1   12    8     4.840    -3.234   110.881 5963531 0 0 6 58
t1   12    9     5.445    -3.638   107.970 12058378 0 0 6 59
t1   12   10     6.050    -4.042   105.060 16770058 0 0 6 60
t1   12   11     6.655    -4.447   102.149 16743945 0 0 6 61
t1   12   12     7.260    -4.851    99.239 16716519 0 0 6 62
t1   12   13     7.865    -5.255    96.329 16742921 0 0 6 63
t1   12   14     8.470    -5.659    93.418 16766218 0 0 6 64
t1   12   15     9.075    -6.064    90.508 14089994 0 0 6 65
t1   12   16     9.680    -6.468    87.597 9174795 0 0 6 66
t1   12   17    10.285    -6.872    84.687 4914955 0 0 6 67
t1   12   18    10.890    -7.276    81.776 1310476 0 0 6 68
t1   12   19    11.495    -7.680    78.866 851763 0 0 6 69
t1   12   20    12.100    -8.085    75.956 851799 0 0 6 70
t1   12   21    12.705    -8.489    73.045 917360 0 0 6 71
t1   12   22    13.310    -8.893    70.135 917376 0 0 6 72
t1   12   23    13.915    -9.297    67.224 917383 0 0 6 73
t1   12   24    14.520    -9.702    64.314 917380 0 0 6 74
t1   12   25    15.125   -10.106    61.403 917368 0 0 6 75
t1   12   26    15.730   -10.510    58.493 917348 0 0 6 76
t1   12   27    16.335   -10.914    55.583 851784 0 0 6 77
t1   12   28    16.940   -11.319    52.672 851749 0 0 6 78
t1   12   29    17.545   -11.723    49.762 1965836 0 0 6 79
t1   12   30    18.149   -12.127    46.851 5177099 0 0 6 80
t1   12   31    18.754   -12.531    43.941 8716043 0 0 6 81
t1   12   32    19.359   -12.936    41.030 12648202 0 0 6 82
t1   12   33    19.964   -13.340    38.120 16776714 0 0 6 83
t1   12   34    20.569   -13.744    35.210 16759049 0 0 6 84
t1   12   35    21.174   -14.148    32.299 16740617 0 0 6 85
t1   12   36    21.779   -14.553    29.389 16721160 0 0 6 86
t1   12   37    22.384   -14.957    26.478 16734217 0 0 6 87
t1   12   38    22.989   -15.361    23.568 16754185 0 0 6 88
t1   12   39    23.594   -15.765    20.657 16774410 0 0 6 89
t1   12   40    24.199   -16.169    17.747 12320522 0 0 6 90
t1   12   41    24.804   -16.574    14.837 7208715 0 0 6 91
t1   12   42    25.409   -16.978    11.926 2227980 0 0 6 92
t1   12   43    26.014   -17.382     9.016 851777 0 0 6 93
t1   12   44    26.619   -17.786     6.105 917385 0 0 6 94
t1   12   45    27.224   -18.191     3.195 917454 0 0 6 95
t1   12   46    27.829   -18.595     0.284 978687 0 0 6 96
t1   12   47    28.434   -18.999    -2.626 963071 0 0 6 97
t1   12   48    29.039   -19.403    -5.536 1014015 0 0 6 98
t1   12   49    29.644   -19.808    -8.447 1000703 0 0 6 99
t1   12   50    30.249   -20.212   -11.357 1054207 0 0 6 100
t1   13    1     0.514    -0.514   131.254 917394 0 0 7 50
t1   13    2     1.029    -1.029   128.343 917449 0 0 7 49
t1   13    3     1.543    -1.543   125.433 983014 0 0 7 48
t1   13    4     2.058    -2.058   122.522 983018 0 0 7 47
t1   13    5     2.572    -2.572   119.612 917460 0 0 7 46
t1   13    6     3.087    -3.087   116.702 917415 0 0 7 45
t1   13    7     3.601    -3.601   113.791 917351 0 0 7 44
t1   13    8     4.116    -4.116   110.881 851735 0 0 7 43
t1   13    9     4.630    -4.630   107.970 6029067 0 0 7 42
t1   13   10     5.145    -5.145   105.060 12386058 0 0 7 41
t1   13   11     5.659    -5.659   102.149 16768522 0 0 7 40
t1   13   12     6.174    -6.174    99.239 16742921 0 0 7 39
t1   13   13     6.688    -6.688    96.329 16716519 0 0 7 38
t1   13   14     7.203    -7.203    93.418 16741385 0 0 7 37
t1   13   15     7.717    -7.717    90.508 16763145 0 0 7 36
t1   13   16     8.232    -8.232    87.597 15335178 0 0 7 35
t1   13   17     8.746    -8.746    84.687 10944267 0 0 7 34
t1   13   18     9.261    -9.261    81.776 7208715 0 0 7 33
t1   13   19     9.775    -9.775    78.866 4194059 0 0 7 32
t1   13   20    10.290   -10.290    75.956 1769228 0 0 7 31
t1   13   21    10.804   -10.804    73.045 851737 0 0 7 30
t1   13   22    11.319   -11.319    70.135 851754 0 0 7 29
t1   13   23    11.833   -11.833    67.224 851761 0 0 7 28
t1   13   24    12.348   -12.348    64.314 851759 0 0 7 27
t1   13   25    12.862   -12.862    61.403 851748 0 0 7 26
t1   13   26    13.377   -13.377    58.493 851728 0 0 7 25
t1   13   27    13.891   -13.891    55.583 2359052 0 0 7 24
t1   13   28    14.406   -14.406    52.672 4587275 0 0 7 23
t1   13   29    14.920   -14.920    49.762 7339787 0 0 7 22
t1   13   30    15.435   -15.435    46.851 10419979 0 0 7 21
t1   13   31    15.949   -15.949    43.941 13958922 0 0 7 20
t1   13   32    16.464   -16.464    41.030 16772874 0 0 7 19
t1   13   33    16.978   -16.978    38.120 16756489 0 0 7 18
t1   13   34    17.493   -17.493    35.210 16739337 0 0 7 17
t1   13   35    18.007   -18.007    32.299 16721160 0 0 7 16
t1   13   36    18.522   -18.522    29.389 16733448 0 0 7 15
t1   13   37    19.036   -19.036    26.478 16752649 0 0 7 14
t1   13   38    19.551   -19.551    23.568 16771850 0 0 7 13
t1   13   39    20.065   -20.065    20.657 13106954 0 0 7 12
t1   13   40    20.580   -20.580    17.747 8191755 0 0 7 11
t1   13   41    21.094   -21.094    14.837 3342092 0 0 7 10
t1   13   42    21.609   -21.609    11.926 851758 0 0 7 9
t1   13   43    22.123   -22.123     9.016 917365 0 0 7 8
t1   13   44    22.638   -22.638     6.105 917433 0 0 7 7
t1   13   45    23.152   -23.152     3.195 983034 0 0 7 6
t1   13   46    23.667   -23.667     0.284 968959 0 0 7 5
t1   13   47    24.181   -24.181    -2.626 1019903 0 0 7 4
t1   13   48    24.696   -24.696    -5.536 1006591 0 0 7 3
t1   13   49    25.210   -25.210    -8.447 1060351 0 0 7 2
t1   13   50    25.725   -25.725   -11.357 1904895 0 0 7 1
t1   14    1     0.404    -0.605   131.254 983010 0 0 7 51
t1   14    2     0.808    -1.210   128.343 977407 0 0 7 52
t1   14    3     1.213    -1.815   125.433 970239 0 0 7 53
t1   14    4     1.617    -2.420   122.522 969471 0 0 7 54
t1   14    5     2.021    -3.025   119.612 974847 0 0 7 55
t1   14    6     2.425    -3.630   116.702 983028 0 0 7 56
t1   14    7     2.830    -4.235   113.791 917430 0 0 7 57
t1   14    8     3.234    -4.840   110.881 917354 0 0 7 58
t1   14    9     3.638    -5.445   107.970 851729 0 0 7 59
t1   14   10     4.042    -6.050   105.060 6618891 0 0 7 60
t1   14   11     4.447    -6.655   102.149 13041418 0 0 7 61
t1   14   12     4.851    -7.260    99.239 16766218 0 0 7 62
t1   14   13     5.255    -7.865    96.329 16741385 0 0 7 63
t1   14   14     5.659    -8.470    93.418 16716519 0 0 7 64
t1   14   15     6.064    -9.075    90.508 16739849 0 0 7 65
t1   14   16     6.468    -9.680    87.597 16759561 0 0 7 66
t1   14   17     6.872   -10.285    84.687 16776970 0 0 7 67
t1   14   18     7.276   -10.890    81.776 12975882 0 0 7 68
t1   14   19     7.680   -11.495    78.866 9830155 0 0 7 69
t1   14   20     8.085   -12.100    75.956 7339787 0 0 7 70
t1   14   21     8.489   -12.705    73.045 5504779 0 0 7 71
t1   14   22     8.893   -13.310    70.135 4325131 0 0 7 72
t1   14   23     9.297   -13.915    67.224 3800843 0 0 7 73
t1   14   24     9.702   -14.520    64.314 3866379 0 0 7 74
t1   14   25    10.106   -15.125    61.403 4521739 0 0 7 75
t1   14   26    10.510   -15.730    58.493 5766923 0 0 7 76
t1   14   27    10.914   -16.335    55.583 7470859 0 0 7 77
t1   14   28    11.319   -16.940    52.672 9699083 0 0 7 78
t1   14   29    11.723   -17.545    49.762 12386058 0 0 7 79
t1   14   30    12.127   -18.149    46.851 15466250 0 0 7 80
t1   14   31    12.531   -18.754    43.941 16768522 0 0 7 81
t1   14   32    12.936   -19.359    41.030 16753673 0 0 7 82
t1   14   33    13.340   -19.964    38.120 16737801 0 0 7 83
t1   14   34    13.744   -20.569    35.210 16720904 0 0 7 84
t1   14   35    14.148   -21.174    32.299 16732424 0 0 7 85
t1   14   36    14.553   -21.779    29.389 16750601 0 0 7 86
t1   14   37    14.957   -22.384    26.478 16769034 0 0 7 87
t1   14   38    15.361   -22.989    23.568 14024458 0 0 7 88
t1   14   39    15.765   -23.594    20.657 9240331 0 0 7 89
t1   14   40    16.169   -24.199    17.747 4587275 0 0 7 90
t1   14   41    16.574   -24.804    14.837 851737 0 0 7 91
t1   14   42    16.978   -25.409    11.926 917343 0 0 7 92
t1   14   43    17.382   -26.014     9.016 917409 0 0 7 93
t1   14   44    17.786   -26.619     6.105 983009 0 0 7 94
t1   14   45    18.191   -27.224     3.195 975359 0 0 7 95
t1   14   46    18.595   -27.829     0.284 1026559 0 0 7 96
t1   14   47    18.999   -28.434    -2.626 1013503 0 0 7 97
t1   14   48    19.403   -29.039    -5.536 1001471 0 0 7 98
t1   14   49    19.808   -29.644    -8.447 1056255 0 0 7 99
t1   14   50    20.212   -30.249   -11.357 2560255 0 0 7 100
t1   15    1     0.278    -0.672   131.254 971519 0 0 8 50
t1   15    2     0.557    -1.344   128.343 1024767 0 0 8 49
t1   15    3     0.835    -2.017   125.433 1018111 0 0 8 48
t1   15    4     1.114    -2.689   122.522 1017599 0 0 8 47
t1   15    5     1.392    -3.361   119.612 1022975 0 0 8 46
t1   15    6     1.671    -4.033   116.702 967935 0 0 8 45
t1   15    7     1.949    -4.706   113.791 983039 0 0 8 44
t1   15    8     2.228    -5.378   110.881 917429 0 0 8 43
t1   15    9     2.506    -6.050   107.970 917343 0 0 8 42
t1   15   10     2.784    -6.722   105.060 1441548 0 0 8 41
t1   15   11     3.063    -7.394   102.149 7733003 0 0 8 40
t1   15   12     3.341    -8.067    99.239 14089994 0 0 8 39
t1   15   13     3.620    -8.739    96.329 16763145 0 0 8 38
t1   15   14     3.898    -9.411    93.418 16739849 0 0 8 37
t1   15   15     4.177   -10.083    90.508 16716519 0 0 8 36
t1   15   16     4.455   -10.756    87.597 16737801 0 0 8 35
t1   15   17     4.734   -11.428    84.687 16755465 0 0 8 34
t1   15   18     5.012   -12.100    81.776 16770570 0 0 8 33
t1   15   19     5.290   -12.772    78.866 15204106 0 0 8 32
t1   15   20     5.569   -13.444    75.956 12648202 0 0 8 31
t1   15   21     5.847   -14.117    73.045 10747659 0 0 8 30
t1   15   22     6.126   -14.789    70.135 9502475 0 0 8 29
t1   15   23     6.404   -15.461    67.224 8912651 0 0 8 28
t1   15   24     6.683   -16.133    64.314 8912651 0 0 8 27
t1   15   25     6.961   -16.806    61.403 9502475 0 0 8 26
t1   15   26     7.240   -17.478    58.493 10682123 0 0 8 25
t1   15   27     7.518   -18.150    55.583 12320522 0 0 8 24
t1   15   28     7.796   -18.822    52.672 14483210 0 0 8 23
t1   15   29     8.075   -19.494    49.762 16775690 0 0 8 22
t1   15   30     8.353   -20.167    46.851 16763913 0 0 8 21
t1   15   31     8.632   -20.839    43.941 16750601 0 0 8 20
t1   15   32     8.910   -21.511    41.030 16736265 0 0 8 19
t1   15   33     9.189   -22.183    38.120 16720648 0 0 8 18
t1   15   34     9.467   -22.856    35.210 16731400 0 0 8 17
t1   15   35     9.746   -23.528    32.299 16748553 0 0 8 16
t1   15   36    10.024   -24.200    29.389 16765962 0 0 8 15
t1   15   37    10.302   -24.872    26.478 15007498 0 0 8 14
t1   15   38    10.581   -25.544    23.568 10485515 0 0 8 13
t1   15   39    10.859   -26.217    20.657 5963531 0 0 8 12
t1   15   40    11.138   -26.889    17.747 1441548 0 0 8 11
t1   15   41    11.416   -27.561    14.837 851782 0 0 8 10
t1   15   42    11.695   -28.233    11.926 917383 0 0 8 9
t1   15   43    11.973   -28.906     9.016 917445 0 0 8 8
t1   15   44    12.251   -29.578     6.105 982783 0 0 8 7
t1   15   45    12.530   -30.250     3.195 968447 0 0 8 6
t1   15   46    12.808   -30.922     0.284 1020927 0 0 8 5
t1   15   47    13.087   -31.594    -2.626 1008895 0 0 8 4
t1   15   48    13.365   -32.267    -5.536 998399 0 0 8 3
t1   15   49    13.644   -32.939    -8.447 1054463 0 0 8 2
t1   15   50    13.922   -33.611   -11.357 2691327 0 0 8 1
t1   16    1     0.142    -0.714   131.254 1018879 0 0 8 51
t1   16    2     0.284    -1.427   128.343 1007615 0 0 8 52
t1   16    3     0.426    -2.141   125.433 1001983 0 0 8 53
t1   16    4     0.568    -2.855   122.522 1001727 0 0 8 54
t1   16    5     0.710    -3.568   119.612 1007103 0 0 8 55
t1   16    6     0.852    -4.282   116.702 1017343 0 0 8 56
t1   16    7     0.994    -4.995   113.791 966655 0 0 8 57
t1   16    8     1.136    -5.709   110.881 983031 0 0 8 58
t1   16    9     1.278    -6.423   107.970 917412 0 0 8 59
t1   16   10     1.419    -7.136   105.060 851786 0 0 8 60
t1   16   11     1.561    -7.850   102.149 2948876 0 0 8 61
t1   16   12     1.703    -8.564    99.239 9174795 0 0 8 62
t1   16   13     1.845    -9.277    96.329 15335178 0 0 8 63
t1   16   14     1.987    -9.991    93.418 16759561 0 0 8 64
t1   16   15     2.129   -10.704    90.508 16737801 0 0 8 65
t1   16   16     2.271   -11.418    87.597 16716519 0 0 8 66
t1   16   17     2.413   -12.132    84.687 16735753 0 0 8 67
t1   16   18     2.555   -12.845    81.776 16750857 0 0 8 68
t1   16   19     2.697   -13.559    78.866 16763913 0 0 8 69
t1   16   20     2.839   -14.273    75.956 16773898 0 0 8 70
t1   16   21     2.981   -14.986    73.045 15597322 0 0 8 71
t1   16   22     3.123   -15.700    70.135 14286602 0 0 8 72
t1   16   23     3.265   -16.413    67.224 13631242 0 0 8 73
t1   16   24     3.407   -17.127    64.314 13565706 0 0 8 74
t1   16   25     3.549   -17.841    61.403 14089994 0 0 8 75
t1   16   26     3.691   -18.554    58.493 15204106 0 0 8 76
t1   16   27     3.833   -19.268    55.583 16776970 0 0 8 77
t1   16   28     3.975   -19.982    52.672 16768778 0 0 8 78
t1   16   29     4.117   -20.695    49.762 16758793 0 0 8 79
t1   16   30     4.258   -21.409    46.851 16747273 0 0 8 80
t1   16   31     4.400   -22.122    43.941 16734473 0 0 8 81
t1   16   32     4.542   -22.836    41.030 16720392 0 0 8 82
t1   16   33     4.684   -23.550    38.120 16730376 0 0 8 83
t1   16   34     4.826   -24.263    35.210 16746249 0 0 8 84
t1   16   35     4.968   -24.977    32.299 16762633 0 0 8 85
t1   16   36     5.110   -25.691    29.389 16121610 0 0 8 86
t1   16   37     5.252   -26.404    26.478 11796234 0 0 8 87
t1   16   38     5.394   -27.118    23.568 7405323 0 0 8 88
t1   16   39     5.536   -27.831    20.657 3145484 0 0 8 89
t1   16   40     5.678   -28.545    17.747 851754 0 0 8 90
t1   16   41     5.820   -29.259    14.837 917354 0 0 8 91
t1   16   42     5.962   -29.972    11.926 917415 0 0 8 92
t1   16   43     6.104   -30.686     9.016 983009 0 0 8 93
t1   16   44     6.246   -31.400     6.105 976639 0 0 8 94
t1   16   45     6.388   -32.113     3.195 963583 0 0 8 95
t1   16   46     6.530   -32.827     0.284 1017343 0 0 8 96
t1   16   47     6.672   -33.540    -2.626 1006591 0 0 8 97
t1   16   48     6.814   -34.254    -5.536 997119 0 0 8 98
t1   16   49     6.956   -34.968    -8.447 1054719 0 0 8 99
t1   16   50     7.097   -35.681   -11.357 2298111 0 0 8 100
t1 17 1 0.0 0.0 0.0 000000 0 0 9 50
t1 17 2 0.0 0.0 0.0 000000 0 0 9 49
t1 17 3 0.0 0.0 0.0 000000 0 0 9 48
t1 17 4 0.0 0.0 0.0 000000 0 0 9 47
t1 17 5 0.0 0.0 0.0 000000 0 0 9 46
t1 17 6 0.0 0.0 0.0 000000 0 0 9 45
t1 17 7 0.0 0.0 0.0 000000 0 0 9 44
t1 17 8 0.0 0.0 0.0 000000 0 0 9 43
t1 17 9 0.0 0.0 0.0 000000 0 0 9 42
t1 17 10 0.0 0.0 0.0 000000 0 0 9 41
t1 17 11 0.0 0.0 0.0 000000 0 0 9 40
t1 17 12 0.0 0.0 0.0 000000 0 0 9 39
t1 17 13 0.0 0.0 0.0 000000 0 0 9 38
t1 17 14 0.0 0.0 0.0 000000 0 0 9 37
t1 17 15 0.0 0.0 0.0 000000 0 0 9 36
t1 17 16 0.0 0.0 0.0 000000 0 0 9 35
t1 17 17 0.0 0.0 0.0 000000 0 0 9 34
t1 17 18 0.0 0.0 0.0 000000 0 0 9 33
t1 17 19 0.0 0.0 0.0 000000 0 0 9 32
t1 17 20 0.0 0.0 0.0 000000 0 0 9 31
t1 17 21 0.0 0.0 0.0 000000 0 0 9 30
t1 17 22 0.0 0.0 0.0 000000 0 0 9 29
t1 17 23 0.0 0.0 0.0 000000 0 0 9 28
t1 17 24 0.0 0.0 0.0 000000 0 0 9 27
t1 17 25 0.0 0.0 0.0 000000 0 0 9 26
t1 17 26 0.0 0.0 0.0 000000 0 0 9 25
t1 17 27 0.0 0.0 0.0 000000 0 0 9 24
t1 17 28 0.0 0.0 0.0 000000 0 0 9 23
t1 17 29 0.0 0.0 0.0 000000 0 0 9 22
t1 17 30 0.0 0.0 0.0 000000 0 0 9 21
t1 17 31 0.0 0.0 0.0 000000 0 0 9 20
t1 17 32 0.0 0.0 0.0 000000 0 0 9 19
t1 17 33 0.0 0.0 0.0 000000 0 0 9 18
t1 17 34 0.0 0.0 0.0 000000 0 0 9 17
t1 17 35 0.0 0.0 0.0 000000 0 0 9 16
t1 17 36 0.0 0.0 0.0 000000 0 0 9 15
t1 17 37 0.0 0.0 0.0 000000 0 0 9 14
t1 17 38 0.0 0.0 0.0 000000 0 0 9 13
t1 17 39 0.0 0.0 0.0 000000 0 0 9 12
t1 17 40 0.0 0.0 0.0 000000 0 0 9 11
t1 17 41 0.0 0.0 0.0 000000 0 0 9 10
t1 17 42 0.0 0.0 0.0 000000 0 0 9 9
t1 17 43 0.0 0.0 0.0 000000 0 0 9 8
t1 17 44 0.0 0.0 0.0 000000 0 0 9 7
t1 17 45 0.0 0.0 0.0 000000 0 0 9 6
t1 17 46 0.0 0.0 0.0 000000 0 0 9 5
t1 17 47 0.0 0.0 0.0 000000 0 0 9 4
t1 17 48 0.0 0.0 0.0 000000 0 0 9 3
t1 17 49 0.0 0.0 0.0 000000 0 0 9 2
t1 17 50 0.0 0.0 0.0 000000 0 0 9 1
t1 18 1 0.0 0.0 0.0 000000 0 0 9 51
t1 18 2 0.0 0.0 0.0 000000 0 0 9 52
t1 18 3 0.0 0.0 0.0 000000 0 0 9 53
t1 18 4 0.0 0.0 0.0 000000 0 0 9 54
t1 18 5 0.0 0.0 0.0 000000 0 0 9 55
t1 18 6 0.0 0.0 0.0 000000 0 0 9 56
t1 18 7 0.0 0.0 0.0 000000 0 0 9 57
t1 18 8 0.0 0.0 0.0 000000 0 0 9 58
t1 18 9 0.0 0.0 0.0 000000 0 0 9 59
t1 18 10 0.0 0.0 0.0 000000 0 0 9 60
t1 18 11 0.0 0.0 0.0 000000 0 0 9 61
t1 18 12 0.0 0.0 0.0 000000 0 0 9 62
t1 18 13 0.0 0.0 0.0 000000 0 0 9 63
t1 18 14 0.0 0.0 0.0 000000 0 0 9 64
t1 18 15 0.0 0.0 0.0 000000 0 0 9 65
t1 18 16 0.0 0.0 0.0 000000 0 0 9 66
t1 18 17 0.0 0.0 0.0 000000 0 0 9 67
t1 18 18 0.0 0.0 0.0 000000 0 0 9 68
t1 18 19 0.0 0.0 0.0 000000 0 0 9 69
t1 18 20 0.0 0.0 0.0 000000 0 0 9 70
t1 18 21 0.0 0.0 0.0 000000 0 0 9 71
t1 18 22 0.0 0.0 0.0 000000 0 0 9 72
t1 18 23 0.0 0.0 0.0 000000 0 0 9 73
t1 18 24 0.0 0.0 0.0 000000 0 0 9 74
t1 18 25 0.0 0.0 0.0 000000 0 0 9 75
t1 18 26 0.0 0.0 0.0 000000 0 0 9 76
t1 18 27 0.0 0.0 0.0 000000 0 0 9 77
t1 18 28 0.0 0.0 0.0 000000 0 0 9 78
t1 18 29 0.0 0.0 0.0 000000 0 0 9 79
t1 18 30 0.0 0.0 0.0 000000 0 0 9 80
t1 18 31 0.0 0.0 0.0 000000 0 0 9 81
t1 18 32 0.0 0.0 0.0 000000 0 0 9 82
t1 18 33 0.0 0.0 0.0 000000 0 0 9 83
t1 18 34 0.0 0.0 0.0 000000 0 0 9 84
t1 18 35 0.0 0.0 0.0 000000 0 0 9 85
t1 18 36 0.0 0.0 0.0 000000 0 0 9 86
t1 18 37 0.0 0.0 0.0 000000 0 0 9 87
t1 18 38 0.0 0.0 0.0 000000 0 0 9 88
t1 18 39 0.0 0.0 0.0 000000 0 0 9 89
t1 18 40 0.0 0.0 0.0 000000 0 0 9 90
t1 18 41 0.0 0.0 0.0 000000 0 0 9 91
t1 18 42 0.0 0.0 0.0 000000 0 0 9 92
t1 18 43 0.0 0.0 0.0 000000 0 0 9 93
t1 18 44 0.0 0.0 0.0 000000 0 0 9 94
t1 18 45 0.0 0.0 0.0 000000 0 0 9 95
t1 18 46 0.0 0.0 0.0 000000 0 0 9 96
t1 18 47 0.0 0.0 0.0 000000 0 0 9 97
t1 18 48 0.0 0.0 0.0 000000 0 0 9 98
t1 18 49 0.0 0.0 0.0 000000 0 0 9 99
t1 18 50 0.0 0.0 0.0 000000 0 0 9 100
t1 19 1 0.0 0.0 0.0 000000 0 0 10 50
t1 19 2 0.0 0.0 0.0 000000 0 0 10 49
t1 19 3 0.0 0.0 0.0 000000 0 0 10 48
t1 19 4 0.0 0.0 0.0 000000 0 0 10 47
t1 19 5 0.0 0.0 0.0 000000 0 0 10 46
t1 19 6 0.0 0.0 0.0 000000 0 0 10 45
t1 19 7 0.0 0.0 0.0 000000 0 0 10 44
t1 19 8 0.0 0.0 0.0 000000 0 0 10 43
t1 19 9 0.0 0.0 0.0 000000 0 0 10 42
t1 19 10 0.0 0.0 0.0 000000 0 0 10 41
t1 19 11 0.0 0.0 0.0 000000 0 0 10 40
t1 19 12 0.0 0.0 0.0 000000 0 0 10 39
t1 19 13 0.0 0.0 0.0 000000 0 0 10 38
t1 19 14 0.0 0.0 0.0 000000 0 0 10 37
t1 19 15 0.0 0.0 0.0 000000 0 0 10 36
t1 19 16 0.0 0.0 0.0 000000 0 0 10 35
t1 19 17 0.0 0.0 0.0 000000 0 0 10 34
t1 19 18 0.0 0.0 0.0 000000 0 0 10 33
t1 19 19 0.0 0.0 0.0 000000 0 0 10 32
t1 19 20 0.0 0.0 0.0 000000 0 0 10 31
t1 19 21 0.0 0.0 0.0 000000 0 0 10 30
t1 19 22 0.0 0.0 0.0 000000 0 0 10 29
t1 19 23 0.0 0.0 0.0 000000 0 0 10 28
t1 19 24 0.0 0.0 0.0 000000 0 0 10 27
t1 19 25 0.0 0.0 0.0 000000 0 0 10 26
t1 19 26 0.0 0.0 0.0 000000 0 0 10 25
t1 19 27 0.0 0.0 0.0 000000 0 0 10 24
t1 19 28 0.0 0.0 0.0 000000 0 0 10 23
t1 19 29 0.0 0.0 0.0 000000 0 0 10 22
t1 19 30 0.0 0.0 0.0 000000 0 0 10 21
t1 19 31 0.0 0.0 0.0 000000 0 0 10 20
t1 19 32 0.0 0.0 0.0 000000 0 0 10 19
t1 19 33 0.0 0.0 0.0 000000 0 0 10 18
t1 19 34 0.0 0.0 0.0 000000 0 0 10 17
t1 19 35 0.0 0.0 0.0 000000 0 0 10 16
t1 19 36 0.0 0.0 0.0 000000 0 0 10 15
t1 19 37 0.0 0.0 0.0 000000 0 0 10 14
t1 19 38 0.0 0.0 0.0 000000 0 0 10 13
t1 19 39 0.0 0.0 0.0 000000 0 0 10 12
t1 19 40 0.0 0.0 0.0 000000 0 0 10 11
t1 19 41 0.0 0.0 0.0 000000 0 0 10 10
t1 19 42 0.0 0.0 0.0 000000 0 0 10 9
t1 19 43 0.0 0.0 0.0 000000 0 0 10 8
t1 19 44 0.0 0.0 0.0 000000 0 0 10 7
t1 19 45 0.0 0.0 0.0 000000 0 0 10 6
t1 19 46 0.0 0.0 0.0 000000 0 0 10 5
t1 19 47 0.0 0.0 0.0 000000 0 0 10 4
t1 19 48 0.0 0.0 0.0 000000 0 0 10 3
t1 19 49 0.0 0.0 0.0 000000 0 0 10 2
t1 19 50 0.0 0.0 0.0 000000 0 0 10 1
t1 20 1 0.0 0.0 0.0 000000 0 0 10 51
t1 20 2 0.0 0.0 0.0 000000 0 0 10 52
t1 20 3 0.0 0.0 0.0 000000 0 0 10 53
t1 20 4 0.0 0.0 0.0 000000 0 0 10 54
t1 20 5 0.0 0.0 0.0 000000 0 0 10 55
t1 20 6 0.0 0.0 0.0 000000 0 0 10 56
t1 20 7 0.0 0.0 0.0 000000 0 0 10 57
t1 20 8 0.0 0.0 0.0 000000 0 0 10 58
t1 20 9 0.0 0.0 0.0 000000 0 0 10 59
t1 20 10 0.0 0.0 0.0 000000 0 0 10 60
t1 20 11 0.0 0.0 0.0 000000 0 0 10 61
t1 20 12 0.0 0.0 0.0 000000 0 0 10 62
t1 20 13 0.0 0.0 0.0 000000 0 0 10 63
t1 20 14 0.0 0.0 0.0 000000 0 0 10 64
t1 20 15 0.0 0.0 0.0 000000 0 0 10 65
t1 20 16 0.0 0.0 0.0 000000 0 0 10 66
t1 20 17 0.0 0.0 0.0 000000 0 0 10 67
t1 20 18 0.0 0.0 0.0 000000 0 0 10 68
t1 20 19 0.0 0.0 0.0 000000 0 0 10 69
t1 20 20 0.0 0.0 0.0 000000 0 0 10 70
t1 20 21 0.0 0.0 0.0 000000 0 0 10 71
t1 20 22 0.0 0.0 0.0 000000 0 0 10 72
t1 20 23 0.0 0.0 0.0 000000 0 0 10 73
t1 20 24 0.0 0.0 0.0 000000 0 0 10 74
t1 20 25 0.0 0.0 0.0 000000 0 0 10 75
t1 20 26 0.0 0.0 0.0 000000 0 0 10 76
t1 20 27 0.0 0.0 0.0 000000 0 0 10 77
t1 20 28 0.0 0.0 0.0 000000 0 0 10 78
t1 20 29 0.0 0.0 0.0 000000 0 0 10 79
t1 20 30 0.0 0.0 0.0 000000 0 0 10 80
t1 20 31 0.0 0.0 0.0 000000 0 0 10 81
t1 20 32 0.0 0.0 0.0 000000 0 0 10 82
t1 20 33 0.0 0.0 0.0 000000 0 0 10 83
t1 20 34 0.0 0.0 0.0 000000 0 0 10 84
t1 20 35 0.0 0.0 0.0 000000 0 0 10 85
t1 20 36 0.0 0.0 0.0 000000 0 0 10 86
t1 20 37 0.0 0.0 0.0 000000 0 0 10 87
t1 20 38 0.0 0.0 0.0 000000 0 0 10 88
t1 20 39 0.0 0.0 0.0 000000 0 0 10 89
t1 20 40 0.0 0.0 0.0 000000 0 0 10 90
t1 20 41 0.0 0.0 0.0 000000 0 0 10 91
t1 20 42 0.0 0.0 0.0 000000 0 0 10 92
t1 20 43 0.0 0.0 0.0 000000 0 0 10 93
t1 20 44 0.0 0.0 0.0 000000 0 0 10 94
t1 20 45 0.0 0.0 0.0 000000 0 0 10 95
t1 20 46 0.0 0.0 0.0 000000 0 0 10 96
t1 20 47 0.0 0.0 0.0 000000 0 0 10 97
t1 20 48 0.0 0.0 0.0 000000 0 0 10 98
t1 20 49 0.0 0.0 0.0 000000 0 0 10 99
t1 20 50 0.0 0.0 0.0 000000 0 0 10 100
t1 21 1 0.0 0.0 0.0 000000 0 0 11 50
t1 21 2 0.0 0.0 0.0 000000 0 0 11 49
t1 21 3 0.0 0.0 0.0 000000 0 0 11 48
t1 21 4 0.0 0.0 0.0 000000 0 0 11 47
t1 21 5 0.0 0.0 0.0 000000 0 0 11 46
t1 21 6 0.0 0.0 0.0 000000 0 0 11 45
t1 21 7 0.0 0.0 0.0 000000 0 0 11 44
t1 21 8 0.0 0.0 0.0 000000 0 0 11 43
t1 21 9 0.0 0.0 0.0 000000 0 0 11 42
t1 21 10 0.0 0.0 0.0 000000 0 0 11 41
t1 21 11 0.0 0.0 0.0 000000 0 0 11 40
t1 21 12 0.0 0.0 0.0 000000 0 0 11 39
t1 21 13 0.0 0.0 0.0 000000 0 0 11 38
t1 21 14 0.0 0.0 0.0 000000 0 0 11 37
t1 21 15 0.0 0.0 0.0 000000 0 0 11 36
t1 21 16 0.0 0.0 0.0 000000 0 0 11 35
t1 21 17 0.0 0.0 0.0 000000 0 0 11 34
t1 21 18 0.0 0.0 0.0 000000 0 0 11 33
t1 21 19 0.0 0.0 0.0 000000 0 0 11 32
t1 21 20 0.0 0.0 0.0 000000 0 0 11 31
t1 21 21 0.0 0.0 0.0 000000 0 0 11 30
t1 21 22 0.0 0.0 0.0 000000 0 0 11 29
t1 21 23 0.0 0.0 0.0 000000 0 0 11 28
t1 21 24 0.0 0.0 0.0 000000 0 0 11 27
t1 21 25 0.0 0.0 0.0 000000 0 0 11 26
t1 21 26 0.0 0.0 0.0 000000 0 0 11 25
t1 21 27 0.0 0.0 0.0 000000 0 0 11 24
t1 21 28 0.0 0.0 0.0 000000 0 0 11 23
t1 21 29 0.0 0.0 0.0 000000 0 0 11 22
t1 21 30 0.0 0.0 0.0 000000 0 0 11 21
t1 21 31 0.0 0.0 0.0 000000 0 0 11 20
t1 21 32 0.0 0.0 0.0 000000 0 0 11 19
t1 21 33 0.0 0.0 0.0 000000 0 0 11 18
t1 21 34 0.0 0.0 0.0 000000 0 0 11 17
t1 21 35 0.0 0.0 0.0 000000 0 0 11 16
t1 21 36 0.0 0.0 0.0 000000 0 0 11 15
t1 21 37 0.0 0.0 0.0 000000 0 0 11 14
t1 21 38 0.0 0.0 0.0 000000 0 0 11 13
t1 21 39 0.0 0.0 0.0 000000 0 0 11 12
t1 21 40 0.0 0.0 0.0 000000 0 0 11 11
t1 21 41 0.0 0.0 0.0 000000 0 0 11 10
t1 21 42 0.0 0.0 0.0 000000 0 0 11 9
t1 21 43 0.0 0.0 0.0 000000 0 0 11 8
t1 21 44 0.0 0.0 0.0 000000 0 0 11 7
t1 21 45 0.0 0.0 0.0 000000 0 0 11 6
t1 21 46 0.0 0.0 0.0 000000 0 0 11 5
t1 21 47 0.0 0.0 0.0 000000 0 0 11 4
t1 21 48 0.0 0.0 0.0 000000 0 0 11 3
t1 21 49 0.0 0.0 0.0 000000 0 0 11 2
t1 21 50 0.0 0.0 0.0 000000 0 0 11 1
t1 22 1 0.0 0.0 0.0 000000 0 0 11 51
t1 22 2 0.0 0.0 0.0 000000 0 0 11 52
t1 22 3 0.0 0.0 0.0 000000 0 0 11 53
t1 22 4 0.0 0.0 0.0 000000 0 0 11 54
t1 22 5 0.0 0.0 0.0 000000 0 0 11 55
t1 22 6 0.0 0.0 0.0 000000 0 0 11 56
t1 22 7 0.0 0.0 0.0 000000 0 0 11 57
t1 22 8 0.0 0.0 0.0 000000 0 0 11 58
t1 22 9 0.0 0.0 0.0 000000 0 0 11 59
t1 22 10 0.0 0.0 0.0 000000 0 0 11 60
t1 22 11 0.0 0.0 0.0 000000 0 0 11 61
t1 22 12 0.0 0.0 0.0 000000 0 0 11 62
t1 22 13 0.0 0.0 0.0 000000 0 0 11 63
t1 22 14 0.0 0.0 0.0 000000 0 0 11 64
t1 22 15 0.0 0.0 0.0 000000 0 0 11 65
t1 22 16 0.0 0.0 0.0 000000 0 0 11 66
t1 22 17 0.0 0.0 0.0 000000 0 0 11 67
t1 22 18 0.0 0.0 0.0 000000 0 0 11 68
t1 22 19 0.0 0.0 0.0 000000 0 0 11 69
t1 22 20 0.0 0.0 0.0 000000 0 0 11 70
t1 22 21 0.0 0.0 0.0 000000 0 0 11 71
t1 22 22 0.0 0.0 0.0 000000 0 0 11 72
t1 22 23 0.0 0.0 0.0 000000 0 0 11 73
t1 22 24 0.0 0.0 0.0 000000 0 0 11 74
t1 22 25 0.0 0.0 0.0 000000 0 0 11 75
t1 22 26 0.0 0.0 0.0 000000 0 0 11 76
t1 22 27 0.0 0.0 0.0 000000 0 0 11 77
t1 22 28 0.0 0.0 0.0 000000 0 0 11 78
t1 22 29 0.0 0.0 0.0 000000 0 0 11 79
t1 22 30 0.0 0.0 0.0 000000 0 0 11 80
t1 22 31 0.0 0.0 0.0 000000 0 0 11 81
t1 22 32 0.0 0.0 0.0 000000 0 0 11 82
t1 22 33 0.0 0.0 0.0 000000 0 0 11 83
t1 22 34 0.0 0.0 0.0 000000 0 0 11 84
t1 22 35 0.0 0.0 0.0 000000 0 0 11 85
t1 22 36 0.0 0.0 0.0 000000 0 0 11 86
t1 22 37 0.0 0.0 0.0 000000 0 0 11 87
t1 22 38 0.0 0.0 0.0 000000 0 0 11 88
t1 22 39 0.0 0.0 0.0 000000 0 0 11 89
t1 22 40 0.0 0.0 0.0 000000 0 0 11 90
t1 22 41 0.0 0.0 0.0 000000 0 0 11 91
t1 22 42 0.0 0.0 0.0 000000 0 0 11 92
t1 22 43 0.0 0.0 0.0 000000 0 0 11 93
t1 22 44 0.0 0.0 0.0 000000 0 0 11 94
t1 22 45 0.0 0.0 0.0 000000 0 0 11 95
t1 22 46 0.0 0.0 0.0 000000 0 0 11 96
t1 22 47 0.0 0.0 0.0 000000 0 0 11 97
t1 22 48 0.0 0.0 0.0 000000 0 0 11 98
t1 22 49 0.0 0.0 0.0 000000 0 0 11 99
t1 22 50 0.0 0.0 0.0 000000 0 0 11 100
t1 23 1 0.0 0.0 0.0 000000 0 0 12 50
t1 23 2 0.0 0.0 0.0 000000 0 0 12 49
t1 23 3 0.0 0.0 0.0 000000 0 0 12 48
t1 23 4 0.0 0.0 0.0 000000 0 0 12 47
t1 23 5 0.0 0.0 0.0 000000 0 0 12 46
t1 23 6 0.0 0.0 0.0 000000 0 0 12 45
t1 23 7 0.0 0.0 0.0 000000 0 0 12 44
t1 23 8 0.0 0.0 0.0 000000 0 0 12 43
t1 23 9 0.0 0.0 0.0 000000 0 0 12 42
t1 23 10 0.0 0.0 0.0 000000 0 0 12 41
t1 23 11 0.0 0.0 0.0 000000 0 0 12 40
t1 23 12 0.0 0.0 0.0 000000 0 0 12 39
t1 23 13 0.0 0.0 0.0 000000 0 0 12 38
t1 23 14 0.0 0.0 0.0 000000 0 0 12 37
t1 23 15 0.0 0.0 0.0 000000 0 0 12 36
t1 23 16 0.0 0.0 0.0 000000 0 0 12 35
t1 23 17 0.0 0.0 0.0 000000 0 0 12 34
t1 23 18 0.0 0.0 0.0 000000 0 0 12 33
t1 23 19 0.0 0.0 0.0 000000 0 0 12 32
t1 23 20 0.0 0.0 0.0 000000 0 0 12 31
t1 23 21 0.0 0.0 0.0 000000 0 0 12 30
t1 23 22 0.0 0.0 0.0 000000 0 0 12 29
t1 23 23 0.0 0.0 0.0 000000 0 0 12 28
t1 23 24 0.0 0.0 0.0 000000 0 0 12 27
t1 23 25 0.0 0.0 0.0 000000 0 0 12 26
t1 23 26 0.0 0.0 0.0 000000 0 0 12 25
t1 23 27 0.0 0.0 0.0 000000 0 0 12 24
t1 23 28 0.0 0.0 0.0 000000 0 0 12 23
t1 23 29 0.0 0.0 0.0 000000 0 0 12 22
t1 23 30 0.0 0.0 0.0 000000 0 0 12 21
t1 23 31 0.0 0.0 0.0 000000 0 0 12 20
t1 23 32 0.0 0.0 0.0 000000 0 0 12 19
t1 23 33 0.0 0.0 0.0 000000 0 0 12 18
t1 23 34 0.0 0.0 0.0 000000 0 0 12 17
t1 23 35 0.0 0.0 0.0 000000 0 0 12 16
t1 23 36 0.0 0.0 0.0 000000 0 0 12 15
t1 23 37 0.0 0.0 0.0 000000 0 0 12 14
t1 23 38 0.0 0.0 0.0 000000 0 0 12 13
t1 23 39 0.0 0.0 0.0 000000 0 0 12 12
t1 23 40 0.0 0.0 0.0 000000 0 0 12 11
t1 23 41 0.0 0.0 0.0 000000 0 0 12 10
t1 23 42 0.0 0.0 0.0 000000 0 0 12 9
t1 23 43 0.0 0.0 0.0 000000 0 0 12 8
t1 23 44 0.0 0.0 0.0 000000 0 0 12 7
t1 23 45 0.0 0.0 0.0 000000 0 0 12 6
t1 23 46 0.0 0.0 0.0 000000 0 0 12 5
t1 23 47 0.0 0.0 0.0 000000 0 0 12 4
t1 23 48 0.0 0.0 0.0 000000 0 0 12 3
t1 23 49 0.0 0.0 0.0 000000 0 0 12 2
t1 23 50 0.0 0.0 0.0 000000 0 0 12 1
t1 24 1 0.0 0.0 0.0 000000 0 0 12 51
t1 24 2 0.0 0.0 0.0 000000 0 0 12 52
t1 24 3 0.0 0.0 0.0 000000 0 0 12 53
t1 24 4 0.0 0.0 0.0 000000 0 0 12 54
t1 24 5 0.0 0.0 0.0 000000 0 0 12 55
t1 24 6 0.0 0.0 0.0 000000 0 0 12 56
t1 24 7 0.0 0.0 0.0 000000 0 0 12 57
t1 24 8 0.0 0.0 0.0 000000 0 0 12 58
t1 24 9 0.0 0.0 0.0 000000 0 0 12 59
t1 24 10 0.0 0.0 0.0 000000 0 0 12 60
t1 24 11 0.0 0.0 0.0 000000 0 0 12 61
t1 24 12 0.0 0.0 0.0 000000 0 0 12 62
t1 24 13 0.0 0.0 0.0 000000 0 0 12 63
t1 24 14 0.0 0.0 0.0 000000 0 0 12 64
t1 24 15 0.0 0.0 0.0 000000 0 0 12 65
t1 24 16 0.0 0.0 0.0 000000 0 0 12 66
t1 24 17 0.0 0.0 0.0 000000 0 0 12 67
t1 24 18 0.0 0.0 0.0 000000 0 0 12 68
t1 24 19 0.0 0.0 0.0 000000 0 0 12 69
t1 24 20 0.0 0.0 0.0 000000 0 0 12 70
t1 24 21 0.0 0.0 0.0 000000 0 0 12 71
t1 24 22 0.0 0.0 0.0 000000 0 0 12 72
t1 24 23 0.0 0.0 0.0 000000 0 0 12 73
t1 24 24 0.0 0.0 0.0 000000 0 0 12 74
t1 24 25 0.0 0.0 0.0 000000 0 0 12 75
t1 24 26 0.0 0.0 0.0 000000 0 0 12 76
t1 24 27 0.0 0.0 0.0 000000 0 0 12 77
t1 24 28 0.0 0.0 0.0 000000 0 0 12 78
t1 24 29 0.0 0.0 0.0 000000 0 0 12 79
t1 24 30 0.0 0.0 0.0 000000 0 0 12 80
t1 24 31 0.0 0.0 0.0 000000 0 0 12 81
t1 24 32 0.0 0.0 0.0 000000 0 0 12 82
t1 24 33 0.0 0.0 0.0 000000 0 0 12 83
t1 24 34 0.0 0.0 0.0 000000 0 0 12 84
t1 24 35 0.0 0.0 0.0 000000 0 0 12 85
t1 24 36 0.0 0.0 0.0 000000 0 0 12 86
t1 24 37 0.0 0.0 0.0 000000 0 0 12 87
t1 24 38 0.0 0.0 0.0 000000 0 0 12 88
t1 24 39 0.0 0.0 0.0 000000 0 0 12 89
t1 24 40 0.0 0.0 0.0 000000 0 0 12 90
t1 24 41 0.0 0.0 0.0 000000 0 0 12 91
t1 24 42 0.0 0.0 0.0 000000 0 0 12 92
t1 24 43 0.0 0.0 0.0 000000 0 0 12 93
t1 24 44 0.0 0.0 0.0 000000 0 0 12 94
t1 24 45 0.0 0.0 0.0 000000 0 0 12 95
t1 24 46 0.0 0.0 0.0 000000 0 0 12 96
t1 24 47 0.0 0.0 0.0 000000 0 0 12 97
t1 24 48 0.0 0.0 0.0 000000 0 0 12 98
t1 24 49 0.0 0.0 0.0 000000 0 0 12 99
t1 24 50 0.0 0.0 0.0 000000 0 0 12 100
t1 25 1 0.0 0.0 0.0 000000 0 0 13 50
t1 25 2 0.0 0.0 0.0 000000 0 0 13 49
t1 25 3 0.0 0.0 0.0 000000 0 0 13 48
t1 25 4 0.0 0.0 0.0 000000 0 0 13 47
t1 25 5 0.0 0.0 0.0 000000 0 0 13 46
t1 25 6 0.0 0.0 0.0 000000 0 0 13 45
t1 25 7 0.0 0.0 0.0 000000 0 0 13 44
t1 25 8 0.0 0.0 0.0 000000 0 0 13 43
t1 25 9 0.0 0.0 0.0 000000 0 0 13 42
t1 25 10 0.0 0.0 0.0 000000 0 0 13 41
t1 25 11 0.0 0.0 0.0 000000 0 0 13 40
t1 25 12 0.0 0.0 0.0 000000 0 0 13 39
t1 25 13 0.0 0.0 0.0 000000 0 0 13 38
t1 25 14 0.0 0.0 0.0 000000 0 0 13 37
t1 25 15 0.0 0.0 0.0 000000 0 0 13 36
t1 25 16 0.0 0.0 0.0 000000 0 0 13 35
t1 25 17 0.0 0.0 0.0 000000 0 0 13 34
t1 25 18 0.0 0.0 0.0 000000 0 0 13 33
t1 25 19 0.0 0.0 0.0 000000 0 0 13 32
t1 25 20 0.0 0.0 0.0 000000 0 0 13 31
t1 25 21 0.0 0.0 0.0 000000 0 0 13 30
t1 25 22 0.0 0.0 0.0 000000 0 0 13 29
t1 25 23 0.0 0.0 0.0 000000 0 0 13 28
t1 25 24 0.0 0.0 0.0 000000 0 0 13 27
t1 25 25 0.0 0.0 0.0 000000 0 0 13 26
t1 25 26 0.0 0.0 0.0 000000 0 0 13 25
t1 25 27 0.0 0.0 0.0 000000 0 0 13 24
t1 25 28 0.0 0.0 0.0 000000 0 0 13 23
t1 25 29 0.0 0.0 0.0 000000 0 0 13 22
t1 25 30 0.0 0.0 0.0 000000 0 0 13 21
t1 25 31 0.0 0.0 0.0 000000 0 0 13 20
t1 25 32 0.0 0.0 0.0 000000 0 0 13 19
t1 25 33 0.0 0.0 0.0 000000 0 0 13 18
t1 25 34 0.0 0.0 0.0 000000 0 0 13 17
t1 25 35 0.0 0.0 0.0 000000 0 0 13 16
t1 25 36 0.0 0.0 0.0 000000 0 0 13 15
t1 25 37 0.0 0.0 0.0 000000 0 0 13 14
t1 25 38 0.0 0.0 0.0 000000 0 0 13 13
t1 25 39 0.0 0.0 0.0 000000 0 0 13 12
t1 25 40 0.0 0.0 0.0 000000 0 0 13 11
t1 25 41 0.0 0.0 0.0 000000 0 0 13 10
t1 25 42 0.0 0.0 0.0 000000 0 0 13 9
t1 25 43 0.0 0.0 0.0 000000 0 0 13 8
t1 25 44 0.0 0.0 0.0 000000 0 0 13 7
t1 25 45 0.0 0.0 0.0 000000 0 0 13 6
t1 25 46 0.0 0.0 0.0 000000 0 0 13 5
t1 25 47 0.0 0.0 0.0 000000 0 0 13 4
t1 25 48 0.0 0.0 0.0 000000 0 0 13 3
t1 25 49 0.0 0.0 0.0 000000 0 0 13 2
t1 25 50 0.0 0.0 0.0 000000 0 0 13 1
t1 26 1 0.0 0.0 0.0 000000 0 0 13 51
t1 26 2 0.0 0.0 0.0 000000 0 0 13 52
t1 26 3 0.0 0.0 0.0 000000 0 0 13 53
t1 26 4 0.0 0.0 0.0 000000 0 0 13 54
t1 26 5 0.0 0.0 0.0 000000 0 0 13 55
t1 26 6 0.0 0.0 0.0 000000 0 0 13 56
t1 26 7 0.0 0.0 0.0 000000 0 0 13 57
t1 26 8 0.0 0.0 0.0 000000 0 0 13 58
t1 26 9 0.0 0.0 0.0 000000 0 0 13 59
t1 26 10 0.0 0.0 0.0 000000 0 0 13 60
t1 26 11 0.0 0.0 0.0 000000 0 0 13 61
t1 26 12 0.0 0.0 0.0 000000 0 0 13 62
t1 26 13 0.0 0.0 0.0 000000 0 0 13 63
t1 26 14 0.0 0.0 0.0 000000 0 0 13 64
t1 26 15 0.0 0.0 0.0 000000 0 0 13 65
t1 26 16 0.0 0.0 0.0 000000 0 0 13 66
t1 26 17 0.0 0.0 0.0 000000 0 0 13 67
t1 26 18 0.0 0.0 0.0 000000 0 0 13 68
t1 26 19 0.0 0.0 0.0 000000 0 0 13 69
t1 26 20 0.0 0.0 0.0 000000 0 0 13 70
t1 26 21 0.0 0.0 0.0 000000 0 0 13 71
t1 26 22 0.0 0.0 0.0 000000 0 0 13 72
t1 26 23 0.0 0.0 0.0 000000 0 0 13 73
t1 26 24 0.0 0.0 0.0 000000 0 0 13 74
t1 26 25 0.0 0.0 0.0 000000 0 0 13 75
t1 26 26 0.0 0.0 0.0 000000 0 0 13 76
t1 26 27 0.0 0.0 0.0 000000 0 0 13 77
t1 26 28 0.0 0.0 0.0 000000 0 0 13 78
t1 26 29 0.0 0.0 0.0 000000 0 0 13 79
t1 26 30 0.0 0.0 0.0 000000 0 0 13 80
t1 26 31 0.0 0.0 0.0 000000 0 0 13 81
t1 26 32 0.0 0.0 0.0 000000 0 0 13 82
t1 26 33 0.0 0.0 0.0 000000 0 0 13 83
t1 26 34 0.0 0.0 0.0 000000 0 0 13 84
t1 26 35 0.0 0.0 0.0 000000 0 0 13 85
t1 26 36 0.0 0.0 0.0 000000 0 0 13 86
t1 26 37 0.0 0.0 0.0 000000 0 0 13 87
t1 26 38 0.0 0.0 0.0 000000 0 0 13 88
t1 26 39 0.0 0.0 0.0 000000 0 0 13 89
t1 26 40 0.0 0.0 0.0 000000 0 0 13 90
t1 26 41 0.0 0.0 0.0 000000 0 0 13 91
t1 26 42 0.0 0.0 0.0 000000 0 0 13 92
t1 26 43 0.0 0.0 0.0 000000 0 0 13 93
t1 26 44 0.0 0.0 0.0 000000 0 0 13 94
t1 26 45 0.0 0.0 0.0 000000 0 0 13 95
t1 26 46 0.0 0.0 0.0 000000 0 0 13 96
t1 26 47 0.0 0.0 0.0 000000 0 0 13 97
t1 26 48 0.0 0.0 0.0 000000 0 0 13 98
t1 26 49 0.0 0.0 0.0 000000 0 0 13 99
t1 26 50 0.0 0.0 0.0 000000 0 0 13 100
t1 27 1 0.0 0.0 0.0 000000 0 0 14 50
t1 27 2 0.0 0.0 0.0 000000 0 0 14 49
t1 27 3 0.0 0.0 0.0 000000 0 0 14 48
t1 27 4 0.0 0.0 0.0 000000 0 0 14 47
t1 27 5 0.0 0.0 0.0 000000 0 0 14 46
t1 27 6 0.0 0.0 0.0 000000 0 0 14 45
t1 27 7 0.0 0.0 0.0 000000 0 0 14 44
t1 27 8 0.0 0.0 0.0 000000 0 0 14 43
t1 27 9 0.0 0.0 0.0 000000 0 0 14 42
t1 27 10 0.0 0.0 0.0 000000 0 0 14 41
t1 27 11 0.0 0.0 0.0 000000 0 0 14 40
t1 27 12 0.0 0.0 0.0 000000 0 0 14 39
t1 27 13 0.0 0.0 0.0 000000 0 0 14 38
t1 27 14 0.0 0.0 0.0 000000 0 0 14 37
t1 27 15 0.0 0.0 0.0 000000 0 0 14 36
t1 27 16 0.0 0.0 0.0 000000 0 0 14 35
t1 27 17 0.0 0.0 0.0 000000 0 0 14 34
t1 27 18 0.0 0.0 0.0 000000 0 0 14 33
t1 27 19 0.0 0.0 0.0 000000 0 0 14 32
t1 27 20 0.0 0.0 0.0 000000 0 0 14 31
t1 27 21 0.0 0.0 0.0 000000 0 0 14 30
t1 27 22 0.0 0.0 0.0 000000 0 0 14 29
t1 27 23 0.0 0.0 0.0 000000 0 0 14 28
t1 27 24 0.0 0.0 0.0 000000 0 0 14 27
t1 27 25 0.0 0.0 0.0 000000 0 0 14 26
t1 27 26 0.0 0.0 0.0 000000 0 0 14 25
t1 27 27 0.0 0.0 0.0 000000 0 0 14 24
t1 27 28 0.0 0.0 0.0 000000 0 0 14 23
t1 27 29 0.0 0.0 0.0 000000 0 0 14 22
t1 27 30 0.0 0.0 0.0 000000 0 0 14 21
t1 27 31 0.0 0.0 0.0 000000 0 0 14 20
t1 27 32 0.0 0.0 0.0 000000 0 0 14 19
t1 27 33 0.0 0.0 0.0 000000 0 0 14 18
t1 27 34 0.0 0.0 0.0 000000 0 0 14 17
t1 27 35 0.0 0.0 0.0 000000 0 0 14 16
t1 27 36 0.0 0.0 0.0 000000 0 0 14 15
t1 27 37 0.0 0.0 0.0 000000 0 0 14 14
t1 27 38 0.0 0.0 0.0 000000 0 0 14 13
t1 27 39 0.0 0.0 0.0 000000 0 0 14 12
t1 27 40 0.0 0.0 0.0 000000 0 0 14 11
t1 27 41 0.0 0.0 0.0 000000 0 0 14 10
t1 27 42 0.0 0.0 0.0 000000 0 0 14 9
t1 27 43 0.0 0.0 0.0 000000 0 0 14 8
t1 27 44 0.0 0.0 0.0 000000 0 0 14 7
t1 27 45 0.0 0.0 0.0 000000 0 0 14 6
t1 27 46 0.0 0.0 0.0 000000 0 0 14 5
t1 27 47 0.0 0.0 0.0 000000 0 0 14 4
t1 27 48 0.0 0.0 0.0 000000 0 0 14 3
t1 27 49 0.0 0.0 0.0 000000 0 0 14 2
t1 27 50 0.0 0.0 0.0 000000 0 0 14 1
t1 28 1 0.0 0.0 0.0 000000 0 0 14 51
t1 28 2 0.0 0.0 0.0 000000 0 0 14 52
t1 28 3 0.0 0.0 0.0 000000 0 0 14 53
t1 28 4 0.0 0.0 0.0 000000 0 0 14 54
t1 28 5 0.0 0.0 0.0 000000 0 0 14 55
t1 28 6 0.0 0.0 0.0 000000 0 0 14 56
t1 28 7 0.0 0.0 0.0 000000 0 0 14 57
t1 28 8 0.0 0.0 0.0 000000 0 0 14 58
t1 28 9 0.0 0.0 0.0 000000 0 0 14 59
t1 28 10 0.0 0.0 0.0 000000 0 0 14 60
t1 28 11 0.0 0.0 0.0 000000 0 0 14 61
t1 28 12 0.0 0.0 0.0 000000 0 0 14 62
t1 28 13 0.0 0.0 0.0 000000 0 0 14 63
t1 28 14 0.0 0.0 0.0 000000 0 0 14 64
t1 28 15 0.0 0.0 0.0 000000 0 0 14 65
t1 28 16 0.0 0.0 0.0 000000 0 0 14 66
t1 28 17 0.0 0.0 0.0 000000 0 0 14 67
t1 28 18 0.0 0.0 0.0 000000 0 0 14 68
t1 28 19 0.0 0.0 0.0 000000 0 0 14 69
t1 28 20 0.0 0.0 0.0 000000 0 0 14 70
t1 28 21 0.0 0.0 0.0 000000 0 0 14 71
t1 28 22 0.0 0.0 0.0 000000 0 0 14 72
t1 28 23 0.0 0.0 0.0 000000 0 0 14 73
t1 28 24 0.0 0.0 0.0 000000 0 0 14 74
t1 28 25 0.0 0.0 0.0 000000 0 0 14 75
t1 28 26 0.0 0.0 0.0 000000 0 0 14 76
t1 28 27 0.0 0.0 0.0 000000 0 0 14 77
t1 28 28 0.0 0.0 0.0 000000 0 0 14 78
t1 28 29 0.0 0.0 0.0 000000 0 0 14 79
t1 28 30 0.0 0.0 0.0 000000 0 0 14 80
t1 28 31 0.0 0.0 0.0 000000 0 0 14 81
t1 28 32 0.0 0.0 0.0 000000 0 0 14 82
t1 28 33 0.0 0.0 0.0 000000 0 0 14 83
t1 28 34 0.0 0.0 0.0 000000 0 0 14 84
t1 28 35 0.0 0.0 0.0 000000 0 0 14 85
t1 28 36 0.0 0.0 0.0 000000 0 0 14 86
t1 28 37 0.0 0.0 0.0 000000 0 0 14 87
t1 28 38 0.0 0.0 0.0 000000 0 0 14 88
t1 28 39 0.0 0.0 0.0 000000 0 0 14 89
t1 28 40 0.0 0.0 0.0 000000 0 0 14 90
t1 28 41 0.0 0.0 0.0 000000 0 0 14 91
t1 28 42 0.0 0.0 0.0 000000 0 0 14 92
t1 28 43 0.0 0.0 0.0 000000 0 0 14 93
t1 28 44 0.0 0.0 0.0 000000 0 0 14 94
t1 28 45 0.0 0.0 0.0 000000 0 0 14 95
t1 28 46 0.0 0.0 0.0 000000 0 0 14 96
t1 28 47 0.0 0.0 0.0 000000 0 0 14 97
t1 28 48 0.0 0.0 0.0 000000 0 0 14 98
t1 28 49 0.0 0.0 0.0 000000 0 0 14 99
t1 28 50 0.0 0.0 0.0 000000 0 0 14 100
t1 29 1 0.0 0.0 0.0 000000 0 0 15 50
t1 29 2 0.0 0.0 0.0 000000 0 0 15 49
t1 29 3 0.0 0.0 0.0 000000 0 0 15 48
t1 29 4 0.0 0.0 0.0 000000 0 0 15 47
t1 29 5 0.0 0.0 0.0 000000 0 0 15 46
t1 29 6 0.0 0.0 0.0 000000 0 0 15 45
t1 29 7 0.0 0.0 0.0 000000 0 0 15 44
t1 29 8 0.0 0.0 0.0 000000 0 0 15 43
t1 29 9 0.0 0.0 0.0 000000 0 0 15 42
t1 29 10 0.0 0.0 0.0 000000 0 0 15 41
t1 29 11 0.0 0.0 0.0 000000 0 0 15 40
t1 29 12 0.0 0.0 0.0 000000 0 0 15 39
t1 29 13 0.0 0.0 0.0 000000 0 0 15 38
t1 29 14 0.0 0.0 0.0 000000 0 0 15 37
t1 29 15 0.0 0.0 0.0 000000 0 0 15 36
t1 29 16 0.0 0.0 0.0 000000 0 0 15 35
t1 29 17 0.0 0.0 0.0 000000 0 0 15 34
t1 29 18 0.0 0.0 0.0 000000 0 0 15 33
t1 29 19 0.0 0.0 0.0 000000 0 0 15 32
t1 29 20 0.0 0.0 0.0 000000 0 0 15 31
t1 29 21 0.0 0.0 0.0 000000 0 0 15 30
t1 29 22 0.0 0.0 0.0 000000 0 0 15 29
t1 29 23 0.0 0.0 0.0 000000 0 0 15 28
t1 29 24 0.0 0.0 0.0 000000 0 0 15 27
t1 29 25 0.0 0.0 0.0 000000 0 0 15 26
t1 29 26 0.0 0.0 0.0 000000 0 0 15 25
t1 29 27 0.0 0.0 0.0 000000 0 0 15 24
t1 29 28 0.0 0.0 0.0 000000 0 0 15 23
t1 29 29 0.0 0.0 0.0 000000 0 0 15 22
t1 29 30 0.0 0.0 0.0 000000 0 0 15 21
t1 29 31 0.0 0.0 0.0 000000 0 0 15 20
t1 29 32 0.0 0.0 0.0 000000 0 0 15 19
t1 29 33 0.0 0.0 0.0 000000 0 0 15 18
t1 29 34 0.0 0.0 0.0 000000 0 0 15 17
t1 29 35 0.0 0.0 0.0 000000 0 0 15 16
t1 29 36 0.0 0.0 0.0 000000 0 0 15 15
t1 29 37 0.0 0.0 0.0 000000 0 0 15 14
t1 29 38 0.0 0.0 0.0 000000 0 0 15 13
t1 29 39 0.0 0.0 0.0 000000 0 0 15 12
t1 29 40 0.0 0.0 0.0 000000 0 0 15 11
t1 29 41 0.0 0.0 0.0 000000 0 0 15 10
t1 29 42 0.0 0.0 0.0 000000 0 0 15 9
t1 29 43 0.0 0.0 0.0 000000 0 0 15 8
t1 29 44 0.0 0.0 0.0 000000 0 0 15 7
t1 29 45 0.0 0.0 0.0 000000 0 0 15 6
t1 29 46 0.0 0.0 0.0 000000 0 0 15 5
t1 29 47 0.0 0.0 0.0 000000 0 0 15 4
t1 29 48 0.0 0.0 0.0 000000 0 0 15 3
t1 29 49 0.0 0.0 0.0 000000 0 0 15 2
t1 29 50 0.0 0.0 0.0 000000 0 0 15 1
t1 30 1 0.0 0.0 0.0 000000 0 0 15 51
t1 30 2 0.0 0.0 0.0 000000 0 0 15 52
t1 30 3 0.0 0.0 0.0 000000 0 0 15 53
t1 30 4 0.0 0.0 0.0 000000 0 0 15 54
t1 30 5 0.0 0.0 0.0 000000 0 0 15 55
t1 30 6 0.0 0.0 0.0 000000 0 0 15 56
t1 30 7 0.0 0.0 0.0 000000 0 0 15 57
t1 30 8 0.0 0.0 0.0 000000 0 0 15 58
t1 30 9 0.0 0.0 0.0 000000 0 0 15 59
t1 30 10 0.0 0.0 0.0 000000 0 0 15 60
t1 30 11 0.0 0.0 0.0 000000 0 0 15 61
t1 30 12 0.0 0.0 0.0 000000 0 0 15 62
t1 30 13 0.0 0.0 0.0 000000 0 0 15 63
t1 30 14 0.0 0.0 0.0 000000 0 0 15 64
t1 30 15 0.0 0.0 0.0 000000 0 0 15 65
t1 30 16 0.0 0.0 0.0 000000 0 0 15 66
t1 30 17 0.0 0.0 0.0 000000 0 0 15 67
t1 30 18 0.0 0.0 0.0 000000 0 0 15 68
t1 30 19 0.0 0.0 0.0 000000 0 0 15 69
t1 30 20 0.0 0.0 0.0 000000 0 0 15 70
t1 30 21 0.0 0.0 0.0 000000 0 0 15 71
t1 30 22 0.0 0.0 0.0 000000 0 0 15 72
t1 30 23 0.0 0.0 0.0 000000 0 0 15 73
t1 30 24 0.0 0.0 0.0 000000 0 0 15 74
t1 30 25 0.0 0.0 0.0 000000 0 0 15 75
t1 30 26 0.0 0.0 0.0 000000 0 0 15 76
t1 30 27 0.0 0.0 0.0 000000 0 0 15 77
t1 30 28 0.0 0.0 0.0 000000 0 0 15 78
t1 30 29 0.0 0.0 0.0 000000 0 0 15 79
t1 30 30 0.0 0.0 0.0 000000 0 0 15 80
t1 30 31 0.0 0.0 0.0 000000 0 0 15 81
t1 30 32 0.0 0.0 0.0 000000 0 0 15 82
t1 30 33 0.0 0.0 0.0 000000 0 0 15 83
t1 30 34 0.0 0.0 0.0 000000 0 0 15 84
t1 30 35 0.0 0.0 0.0 000000 0 0 15 85
t1 30 36 0.0 0.0 0.0 000000 0 0 15 86
t1 30 37 0.0 0.0 0.0 000000 0 0 15 87
t1 30 38 0.0 0.0 0.0 000000 0 0 15 88
t1 30 39 0.0 0.0 0.0 000000 0 0 15 89
t1 30 40 0.0 0.0 0.0 000000 0 0 15 90
t1 30 41 0.0 0.0 0.0 000000 0 0 15 91
t1 30 42 0.0 0.0 0.0 000000 0 0 15 92
t1 30 43 0.0 0.0 0.0 000000 0 0 15 93
t1 30 44 0.0 0.0 0.0 000000 0 0 15 94
t1 30 45 0.0 0.0 0.0 000000 0 0 15 95
t1 30 46 0.0 0.0 0.0 000000 0 0 15 96
t1 30 47 0.0 0.0 0.0 000000 0 0 15 97
t1 30 48 0.0 0.0 0.0 000000 0 0 15 98
t1 30 49 0.0 0.0 0.0 000000 0 0 15 99
t1 30 50 0.0 0.0 0.0 000000 0 0 15 100
t1 31 1 0.0 0.0 0.0 000000 0 0 16 50
t1 31 2 0.0 0.0 0.0 000000 0 0 16 49
t1 31 3 0.0 0.0 0.0 000000 0 0 16 48
t1 31 4 0.0 0.0 0.0 000000 0 0 16 47
t1 31 5 0.0 0.0 0.0 000000 0 0 16 46
t1 31 6 0.0 0.0 0.0 000000 0 0 16 45
t1 31 7 0.0 0.0 0.0 000000 0 0 16 44
t1 31 8 0.0 0.0 0.0 000000 0 0 16 43
t1 31 9 0.0 0.0 0.0 000000 0 0 16 42
t1 31 10 0.0 0.0 0.0 000000 0 0 16 41
t1 31 11 0.0 0.0 0.0 000000 0 0 16 40
t1 31 12 0.0 0.0 0.0 000000 0 0 16 39
t1 31 13 0.0 0.0 0.0 000000 0 0 16 38
t1 31 14 0.0 0.0 0.0 000000 0 0 16 37
t1 31 15 0.0 0.0 0.0 000000 0 0 16 36
t1 31 16 0.0 0.0 0.0 000000 0 0 16 35
t1 31 17 0.0 0.0 0.0 000000 0 0 16 34
t1 31 18 0.0 0.0 0.0 000000 0 0 16 33
t1 31 19 0.0 0.0 0.0 000000 0 0 16 32
t1 31 20 0.0 0.0 0.0 000000 0 0 16 31
t1 31 21 0.0 0.0 0.0 000000 0 0 16 30
t1 31 22 0.0 0.0 0.0 000000 0 0 16 29
t1 31 23 0.0 0.0 0.0 000000 0 0 16 28
t1 31 24 0.0 0.0 0.0 000000 0 0 16 27
t1 31 25 0.0 0.0 0.0 000000 0 0 16 26
t1 31 26 0.0 0.0 0.0 000000 0 0 16 25
t1 31 27 0.0 0.0 0.0 000000 0 0 16 24
t1 31 28 0.0 0.0 0.0 000000 0 0 16 23
t1 31 29 0.0 0.0 0.0 000000 0 0 16 22
t1 31 30 0.0 0.0 0.0 000000 0 0 16 21
t1 31 31 0.0 0.0 0.0 000000 0 0 16 20
t1 31 32 0.0 0.0 0.0 000000 0 0 16 19
t1 31 33 0.0 0.0 0.0 000000 0 0 16 18
t1 31 34 0.0 0.0 0.0 000000 0 0 16 17
t1 31 35 0.0 0.0 0.0 000000 0 0 16 16
t1 31 36 0.0 0.0 0.0 000000 0 0 16 15
t1 31 37 0.0 0.0 0.0 000000 0 0 16 14
t1 31 38 0.0 0.0 0.0 000000 0 0 16 13
t1 31 39 0.0 0.0 0.0 000000 0 0 16 12
t1 31 40 0.0 0.0 0.0 000000 0 0 16 11
t1 31 41 0.0 0.0 0.0 000000 0 0 16 10
t1 31 42 0.0 0.0 0.0 000000 0 0 16 9
t1 31 43 0.0 0.0 0.0 000000 0 0 16 8
t1 31 44 0.0 0.0 0.0 000000 0 0 16 7
t1 31 45 0.0 0.0 0.0 000000 0 0 16 6
t1 31 46 0.0 0.0 0.0 000000 0 0 16 5
t1 31 47 0.0 0.0 0.0 000000 0 0 16 4
t1 31 48 0.0 0.0 0.0 000000 0 0 16 3
t1 31 49 0.0 0.0 0.0 000000 0 0 16 2
t1 31 50 0.0 0.0 0.0 000000 0 0 16 1
t1 32 1 0.0 0.0 0.0 000000 0 0 16 51
t1 32 2 0.0 0.0 0.0 000000 0 0 16 52
t1 32 3 0.0 0.0 0.0 000000 0 0 16 53
t1 32 4 0.0 0.0 0.0 000000 0 0 16 54
t1 32 5 0.0 0.0 0.0 000000 0 0 16 55
t1 32 6 0.0 0.0 0.0 000000 0 0 16 56
t1 32 7 0.0 0.0 0.0 000000 0 0 16 57
t1 32 8 0.0 0.0 0.0 000000 0 0 16 58
t1 32 9 0.0 0.0 0.0 000000 0 0 16 59
t1 32 10 0.0 0.0 0.0 000000 0 0 16 60
t1 32 11 0.0 0.0 0.0 000000 0 0 16 61
t1 32 12 0.0 0.0 0.0 000000 0 0 16 62
t1 32 13 0.0 0.0 0.0 000000 0 0 16 63
t1 32 14 0.0 0.0 0.0 000000 0 0 16 64
t1 32 15 0.0 0.0 0.0 000000 0 0 16 65
t1 32 16 0.0 0.0 0.0 000000 0 0 16 66
t1 32 17 0.0 0.0 0.0 000000 0 0 16 67
t1 32 18 0.0 0.0 0.0 000000 0 0 16 68
t1 32 19 0.0 0.0 0.0 000000 0 0 16 69
t1 32 20 0.0 0.0 0.0 000000 0 0 16 70
t1 32 21 0.0 0.0 0.0 000000 0 0 16 71
t1 32 22 0.0 0.0 0.0 000000 0 0 16 72
t1 32 23 0.0 0.0 0.0 000000 0 0 16 73
t1 32 24 0.0 0.0 0.0 000000 0 0 16 74
t1 32 25 0.0 0.0 0.0 000000 0 0 16 75
t1 32 26 0.0 0.0 0.0 000000 0 0 16 76
t1 32 27 0.0 0.0 0.0 000000 0 0 16 77
t1 32 28 0.0 0.0 0.0 000000 0 0 16 78
t1 32 29 0.0 0.0 0.0 000000 0 0 16 79
t1 32 30 0.0 0.0 0.0 000000 0 0 16 80
t1 32 31 0.0 0.0 0.0 000000 0 0 16 81
t1 32 32 0.0 0.0 0.0 000000 0 0 16 82
t1 32 33 0.0 0.0 0.0 000000 0 0 16 83
t1 32 34 0.0 0.0 0.0 000000 0 0 16 84
t1 32 35 0.0 0.0 0.0 000000 0 0 16 85
t1 32 36 0.0 0.0 0.0 000000 0 0 16 86
t1 32 37 0.0 0.0 0.0 000000 0 0 16 87
t1 32 38 0.0 0.0 0.0 000000 0 0 16 88
t1 32 39 0.0 0.0 0.0 000000 0 0 16 89
t1 32 40 0.0 0.0 0.0 000000 0 0 16 90
t1 32 41 0.0 0.0 0.0 000000 0 0 16 91
t1 32 42 0.0 0.0 0.0 000000 0 0 16 92
t1 32 43 0.0 0.0 0.0 000000 0 0 16 93
t1 32 44 0.0 0.0 0.0 000000 0 0 16 94
t1 32 45 0.0 0.0 0.0 000000 0 0 16 95
t1 32 46 0.0 0.0 0.0 000000 0 0 16 96
t1 32 47 0.0 0.0 0.0 000000 0 0 16 97
t1 32 48 0.0 0.0 0.0 000000 0 0 16 98
t1 32 49 0.0 0.0 0.0 000000 0 0 16 99
t1 32 50 0.0 0.0 0.0 000000 0 0 16 100
