t1    1    1     0.000     0.728   131.254 16711935 0 0 1 50
t1    1    2     0.000     1.455   128.343 16749824 0 0 1 49
t1    1    3     0.000     2.183   125.433 16738560 0 0 1 48
t1    1    4     0.000     2.910   122.522 16715008 0 0 1 47
t1    1    5     0.000     3.638   119.612 16736000 0 0 1 46
t1    1    6     0.000     4.366   116.702 16764672 0 0 1 45
t1    1    7     0.000     5.093   113.791 12451584 0 0 1 44
t1    1    8     0.000     5.821   110.881 5046016 0 0 1 43
t1    1    9     0.000     6.548   107.970 65315 0 0 1 42
t1    1   10     0.000     7.276   105.060 65423 0 0 1 41
t1    1   11     0.000     8.004   102.149 65527 0 0 1 40
t1    1   12     0.000     8.731    99.239 42239 0 0 1 39
t1    1   13     0.000     9.459    96.329 17919 0 0 1 38
t1    1   14     0.000    10.186    93.418 1310975 0 0 1 37
t1    1   15     0.000    10.914    90.508 6684927 0 0 1 36
t1    1   16     0.000    11.642    87.597 11665663 0 0 1 35
t1    1   17     0.000    12.369    84.687 16187647 0 0 1 34
t1    1   18     0.000    13.097    81.776 16711881 0 0 1 33
t1    1   19     0.000    13.825    78.866 16711828 0 0 1 32
t1    1   20     0.000    14.552    75.956 16711782 0 0 1 31
t1    1   21     0.000    15.280    73.045 16711745 0 0 1 30
t1    1   22     0.000    16.007    70.135 16711717 0 0 1 29
t1    1   23     0.000    16.735    67.224 16711698 0 0 1 28
t1    1   24     0.000    17.463    64.314 16711687 0 0 1 27
t1    1   25     0.000    18.190    61.403 16711686 0 0 1 26
t1    1   26     0.000    18.918    58.493 16711693 0 0 1 25
t1    1   27     0.000    19.645    55.583 16711709 0 0 1 24
t1    1   28     0.000    20.373    52.672 16711735 0 0 1 23
t1    1   29     0.000    21.101    49.762 16711769 0 0 1 22
t1    1   30     0.000    21.828    46.851 16711811 0 0 1 21
t1    1   31     0.000    22.556    43.941 16711862 0 0 1 20
t1    1   32     0.000    23.283    41.030 16711920 0 0 1 19
t1    1   33     0.000    24.011    38.120 13304063 0 0 1 18
t1    1   34     0.000    24.739    35.210 8519935 0 0 1 17
t1    1   35     0.000    25.466    32.299 3277055 0 0 1 16
t1    1   36     0.000    26.194    29.389 9727 0 0 1 15
t1    1   37     0.000    26.921    26.478 33279 0 0 1 14
t1    1   38     0.000    27.649    23.568 58367 0 0 1 13
t1    1   39     0.000    28.377    20.657 65461 0 0 1 12
t1    1   40     0.000    29.104    17.747 65355 0 0 1 11
t1    1   41     0.000    29.832    14.837 2359040 0 0 1 10
t1    1   42     0.000    30.559    11.926 9764608 0 0 1 9
t1    1   43     0.000    31.287     9.016 16775168 0 0 1 8
t1    1   44     0.000    32.015     6.105 16745472 0 0 1 7
t1    1   45     0.000    32.742     3.195 16715520 0 0 1 6
t1    1   46     0.000    33.470     0.284 16737792 0 0 1 5
t1    1   47     0.000    34.198    -2.626 16767744 0 0 1 4
t1    1   48     0.000    34.925    -5.536 11599616 0 0 1 3
t1    1   49     0.000    35.653    -8.447 4194048 0 0 1 2
t1    1   50     0.000    36.380   -11.357 65328 0 0 1 1
t1    2    1     0.142     0.714   131.254 16749824 0 0 1 51
t1    2    2     0.284     1.427   128.343 16711935 0 0 1 52
t1    2    3     0.426     2.141   125.433 16713216 0 0 1 53
t1    2    4     0.568     2.855   122.522 16727552 0 0 1 54
t1    2    5     0.710     3.568   119.612 16752384 0 0 1 55
t1    2    6     0.852     4.282   116.702 15990528 0 0 1 56
t1    2    7     0.994     4.995   113.791 8584960 0 0 1 57
t1    2    8     1.136     5.709   110.881 1179392 0 0 1 58
t1    2    9     1.278     6.423   107.970 65373 0 0 1 59
t1    2   10     1.419     7.136   105.060 65480 0 0 1 60
t1    2   11     1.561     7.850   102.149 53247 0 0 1 61
t1    2   12     1.703     8.564    99.239 28415 0 0 1 62
t1    2   13     1.845     9.277    96.329 4863 0 0 1 63
t1    2   14     1.987     9.991    93.418 4391167 0 0 1 64
t1    2   15     2.129    10.704    90.508 9568511 0 0 1 65
t1    2   16     2.271    11.418    87.597 14221567 0 0 1 66
t1    2   17     2.413    12.132    84.687 16711909 0 0 1 67
t1    2   18     2.555    12.845    81.776 16711854 0 0 1 68
t1    2   19     2.697    13.559    78.866 16711807 0 0 1 69
t1    2   20     2.839    14.273    75.956 16711768 0 0 1 70
t1    2   21     2.981    14.986    73.045 16711738 0 0 1 71
t1    2   22     3.123    15.700    70.135 16711717 0 0 1 72
t1    2   23     3.265    16.413    67.224 16711705 0 0 1 73
t1    2   24     3.407    17.127    64.314 16711702 0 0 1 74
t1    2   25     3.549    17.841    61.403 16711708 0 0 1 75
t1    2   26     3.691    18.554    58.493 16711723 0 0 1 76
t1    2   27     3.833    19.268    55.583 16711747 0 0 1 77
t1    2   28     3.975    19.982    52.672 16711780 0 0 1 78
t1    2   29     4.117    20.695    49.762 16711821 0 0 1 79
t1    2   30     4.258    21.409    46.851 16711871 0 0 1 80
t1    2   31     4.400    22.122    43.941 16711929 0 0 1 81
t1    2   32     4.542    22.836    41.030 12845311 0 0 1 82
t1    2   33     4.684    23.550    38.120 8061183 0 0 1 83
t1    2   34     4.826    24.263    35.210 2883839 0 0 1 84
t1    2   35     4.968    24.977    32.299 11007 0 0 1 85
t1    2   36     5.110    25.691    29.389 34303 0 0 1 86
t1    2   37     5.252    26.404    26.478 59135 0 0 1 87
t1    2   38     5.394    27.118    23.568 65458 0 0 1 88
t1    2   39     5.536    27.831    20.657 65352 0 0 1 89
t1    2   40     5.678    28.545    17.747 2490112 0 0 1 90
t1    2   41     5.820    29.259    14.837 9830144 0 0 1 91
t1    2   42     5.962    29.972    11.926 16774912 0 0 1 92
t1    2   43     6.104    30.686     9.016 16745216 0 0 1 93
t1    2   44     6.246    31.400     6.105 16715520 0 0 1 94
t1    2   45     6.388    32.113     3.195 16737792 0 0 1 95
t1    2   46     6.530    32.827     0.284 16767488 0 0 1 96
t1    2   47     6.672    33.540    -2.626 11665152 0 0 1 97
t1    2   48     6.814    34.254    -5.536 4259584 0 0 1 98
t1    2   49     6.956    34.968    -8.447 65326 0 0 1 99
t1    2   50     7.097    35.681   -11.357 65434 0 0 1 100
t1    3    1     0.278     0.672   131.254 16738560 0 0 2 50
t1    3    2     0.557     1.344   128.343 16713216 0 0 2 49
t1    3    3     0.835     2.017   125.433 16711935 0 0 2 48
t1    3    4     1.114     2.689   122.522 16727296 0 0 2 47
t1    3    5     1.392     3.361   119.612 16751872 0 0 2 46
t1    3    6     1.671     4.033   116.702 15859456 0 0 2 45
t1    3    7     1.949     4.706   113.791 8257280 0 0 2 44
t1    3    8     2.228     5.378   110.881 589568 0 0 2 43
t1    3    9     2.506     6.050   107.970 65385 0 0 2 42
t1    3   10     2.784     6.722   105.060 65495 0 0 2 41
t1    3   11     3.063     7.394   102.149 49151 0 0 2 40
t1    3   12     3.341     8.067    99.239 24063 0 0 2 39
t1    3   13     3.620     8.739    96.329 767 0 0 2 38
t1    3   14     3.898     9.411    93.418 5374207 0 0 2 37
t1    3   15     4.177    10.083    90.508 10354943 0 0 2 36
t1    3   16     4.455    10.756    87.597 14811391 0 0 2 35
t1    3   17     4.734    11.428    84.687 16711904 0 0 2 34
t1    3   18     5.012    12.100    81.776 16711853 0 0 2 33
t1    3   19     5.290    12.772    78.866 16711810 0 0 2 32
t1    3   20     5.569    13.444    75.956 16711777 0 0 2 31
t1    3   21     5.847    14.117    73.045 16711753 0 0 2 30
t1    3   22     6.126    14.789    70.135 16711738 0 0 2 29
t1    3   23     6.404    15.461    67.224 16711732 0 0 2 28
t1    3   24     6.683    16.133    64.314 16711735 0 0 2 27
t1    3   25     6.961    16.806    61.403 16711748 0 0 2 26
t1    3   26     7.240    17.478    58.493 16711770 0 0 2 25
t1    3   27     7.518    18.150    55.583 16711800 0 0 2 24
t1    3   28     7.796    18.822    52.672 16711840 0 0 2 23
t1    3   29     8.075    19.494    49.762 16711888 0 0 2 22
t1    3   30     8.353    20.167    46.851 16187647 0 0 2 21
t1    3   31     8.632    20.839    43.941 11993343 0 0 2 20
t1    3   32     8.910    21.511    41.030 7340287 0 0 2 19
t1    3   33     9.189    22.183    38.120 2228479 0 0 2 18
t1    3   34     9.467    22.856    35.210 13311 0 0 2 17
t1    3   35     9.746    23.528    32.299 36351 0 0 2 16
t1    3   36    10.024    24.200    29.389 60927 0 0 2 15
t1    3   37    10.302    24.872    26.478 65453 0 0 2 14
t1    3   38    10.581    25.544    23.568 65348 0 0 2 13
t1    3   39    10.859    26.217    20.657 2686720 0 0 2 12
t1    3   40    11.138    26.889    17.747 9961216 0 0 2 11
t1    3   41    11.416    27.561    14.837 16774400 0 0 2 10
t1    3   42    11.695    28.233    11.926 16744960 0 0 2 9
t1    3   43    11.973    28.906     9.016 16715520 0 0 2 8
t1    3   44    12.251    29.578     6.105 16737792 0 0 2 7
t1    3   45    12.530    30.250     3.195 16767232 0 0 2 6
t1    3   46    12.808    30.922     0.284 11796224 0 0 2 5
t1    3   47    13.087    31.594    -2.626 4390656 0 0 2 4
t1    3   48    13.365    32.267    -5.536 65324 0 0 2 3
t1    3   49    13.644    32.939    -8.447 65431 0 0 2 2
t1    3   50    13.922    33.611   -11.357 65534 0 0 2 1
t1    4    1     0.404     0.605   131.254 16715008 0 0 2 51
t1    4    2     0.808     1.210   128.343 16727552 0 0 2 52
t1    4    3     1.213     1.815   125.433 16727296 0 0 2 53
t1    4    4     1.617     2.420   122.522 16711935 0 0 2 54
t1    4    5     2.021     3.025   119.612 16736768 0 0 2 55
t1    4    6     2.425     3.630   116.702 16766720 0 0 2 56
t1    4    7     2.830     4.235   113.791 11337472 0 0 2 57
t1    4    8     3.234     4.840   110.881 3211008 0 0 2 58
t1    4    9     3.638     5.445   107.970 65352 0 0 2 59
t1    4   10     4.042     6.050   105.060 65467 0 0 2 60
t1    4   11     4.447     6.655   102.149 55295 0 0 2 61
t1    4   12     4.851     7.260    99.239 29439 0 0 2 62
t1    4   13     5.255     7.865    96.329 5631 0 0 2 63
t1    4   14     5.659     8.470    93.418 4194559 0 0 2 64
t1    4   15     6.064     9.075    90.508 9175295 0 0 2 65
t1    4   16     6.468     9.680    87.597 13566207 0 0 2 66
t1    4   17     6.872    10.285    84.687 16711926 0 0 2 67
t1    4   18     7.276    10.890    81.776 16711877 0 0 2 68
t1    4   19     7.680    11.495    78.866 16711838 0 0 2 69
t1    4   20     8.085    12.100    75.956 16711809 0 0 2 70
t1    4   21     8.489    12.705    73.045 16711789 0 0 2 71
t1    4   22     8.893    13.310    70.135 16711779 0 0 2 72
t1    4   23     9.297    13.915    67.224 16711778 0 0 2 73
t1    4   24     9.702    14.520    64.314 16711787 0 0 2 74
t1    4   25    10.106    15.125    61.403 16711805 0 0 2 75
t1    4   26    10.510    15.730    58.493 16711832 0 0 2 76
t1    4   27    10.914    16.335    55.583 16711868 0 0 2 77
t1    4   28    11.319    16.940    52.672 16711913 0 0 2 78
t1    4   29    11.723    17.545    49.762 14680319 0 0 2 79
t1    4   30    12.127    18.149    46.851 10682623 0 0 2 80
t1    4   31    12.531    18.754    43.941 6160639 0 0 2 81
t1    4   32    12.936    19.359    41.030 1179903 0 0 2 82
t1    4   33    13.340    19.964    38.120 16639 0 0 2 83
t1    4   34    13.744    20.569    35.210 39167 0 0 2 84
t1    4   35    14.148    21.174    32.299 63231 0 0 2 85
t1    4   36    14.553    21.779    29.389 65445 0 0 2 86
t1    4   37    14.957    22.384    26.478 65342 0 0 2 87
t1    4   38    15.361    22.989    23.568 3014400 0 0 2 88
t1    4   39    15.765    23.594    20.657 10223360 0 0 2 89
t1    4   40    16.169    24.199    17.747 16773888 0 0 2 90
t1    4   41    16.574    24.804    14.837 16744704 0 0 2 91
t1    4   42    16.978    25.409    11.926 16715264 0 0 2 92
t1    4   43    17.382    26.014     9.016 16737536 0 0 2 93
t1    4   44    17.786    26.619     6.105 16766720 0 0 2 94
t1    4   45    18.191    27.224     3.195 11927296 0 0 2 95
t1    4   46    18.595    27.829     0.284 4587264 0 0 2 96
t1    4   47    18.999    28.434    -2.626 65320 0 0 2 97
t1    4   48    19.403    29.039    -5.536 65427 0 0 2 98
t1    4   49    19.808    29.644    -8.447 65529 0 0 2 99
t1    4   50    20.212    30.249   -11.357 41983 0 0 2 100
t1    5    1     0.514     0.514   131.254 16736000 0 0 3 50
t1    5    2     1.029     1.029   128.343 16752384 0 0 3 49
t1    5    3     1.543     1.543   125.433 16751872 0 0 3 48
t1    5    4     2.058     2.058   122.522 16736768 0 0 3 47
t1    5    5     2.572     2.572   119.612 16711935 0 0 3 46
t1    5    6     3.087     3.087   116.702 16742400 0 0 3 45
t1    5    7     3.601     3.601   113.791 16775424 0 0 3 44
t1    5    8     4.116     4.116   110.881 8584960 0 0 3 43
t1    5    9     4.630     4.630   107.970 196352 0 0 3 42
t1    5   10     5.145     5.145   105.060 65400 0 0 3 41
t1    5   11     5.659     5.659   102.149 65515 0 0 3 40
t1    5   12     6.174     6.174    99.239 43519 0 0 3 39
t1    5   13     6.688     6.688    96.329 18943 0 0 3 38
t1    5   14     7.203     7.203    93.418 983295 0 0 3 37
t1    5   15     7.717     7.717    90.508 6029567 0 0 3 36
t1    5   16     8.232     8.232    87.597 10486015 0 0 3 35
t1    5   17     8.746     8.746    84.687 14221567 0 0 3 34
t1    5   18     9.261     9.261    81.776 16711926 0 0 3 33
t1    5   19     9.775     9.775    78.866 16711888 0 0 3 32
t1    5   20    10.290    10.290    75.956 16711862 0 0 3 31
t1    5   21    10.804    10.804    73.045 16711845 0 0 3 30
t1    5   22    11.319    11.319    70.135 16711838 0 0 3 29
t1    5   23    11.833    11.833    67.224 16711841 0 0 3 28
t1    5   24    12.348    12.348    64.314 16711854 0 0 3 27
t1    5   25    12.862    12.862    61.403 16711876 0 0 3 26
t1    5   26    13.377    13.377    58.493 16711908 0 0 3 25
t1    5   27    13.891    13.891    55.583 15794431 0 0 3 24
t1    5   28    14.406    14.406    52.672 12583167 0 0 3 23
t1    5   29    14.920    14.920    49.762 8847615 0 0 3 22
t1    5   30    15.435    15.435    46.851 4587775 0 0 3 21
t1    5   31    15.949    15.949    43.941 1023 0 0 3 20
t1    5   32    16.464    16.464    41.030 21247 0 0 3 19
t1    5   33    16.978    16.978    38.120 43263 0 0 3 18
t1    5   34    17.493    17.493    35.210 65531 0 0 3 17
t1    5   35    18.007    18.007    32.299 65434 0 0 3 16
t1    5   36    18.522    18.522    29.389 65333 0 0 3 15
t1    5   37    19.036    19.036    26.478 3407616 0 0 3 14
t1    5   38    19.551    19.551    23.568 10485504 0 0 3 13
t1    5   39    20.065    20.065    20.657 16773120 0 0 3 12
t1    5   40    20.580    20.580    17.747 16744448 0 0 3 11
t1    5   41    21.094    21.094    14.837 16715264 0 0 3 10
t1    5   42    21.609    21.609    11.926 16737280 0 0 3 9
t1    5   43    22.123    22.123     9.016 16766208 0 0 3 8
t1    5   44    22.638    22.638     6.105 12123904 0 0 3 7
t1    5   45    23.152    23.152     3.195 4849408 0 0 3 6
t1    5   46    23.667    23.667     0.284 65315 0 0 3 5
t1    5   47    24.181    24.181    -2.626 65421 0 0 3 4
t1    5   48    24.696    24.696    -5.536 65523 0 0 3 3
t1    5   49    25.210    25.210    -8.447 43775 0 0 3 2
t1    5   50    25.725    25.725   -11.357 19967 0 0 3 1
t1    6    1     0.605     0.404   131.254 16764672 0 0 3 51
t1    6    2     1.210     0.808   128.343 15990528 0 0 3 52
t1    6    3     1.815     1.213   125.433 15859456 0 0 3 53
t1    6    4     2.420     1.617   122.522 16766720 0 0 3 54
t1    6    5     3.025     2.021   119.612 16742400 0 0 3 55
t1    6    6     3.630     2.425   116.702 16711935 0 0 3 56
t1    6    7     4.235     2.830   113.791 16745728 0 0 3 57
t1    6    8     4.840     3.234   110.881 15859456 0 0 3 58
t1    6    9     5.445     3.638   107.970 7012096 0 0 3 59
t1    6   10     6.050     4.042   105.060 65303 0 0 3 60
t1    6   11     6.655     4.447   102.149 65424 0 0 3 61
t1    6   12     7.260     4.851    99.239 65279 0 0 3 62
t1    6   13     7.865     5.255    96.329 39423 0 0 3 63
t1    6   14     8.470     5.659    93.418 15871 0 0 3 64
t1    6   15     9.075     6.064    90.508 1245439 0 0 3 65
t1    6   16     9.680     6.468    87.597 5832959 0 0 3 66
t1    6   17    10.285     6.872    84.687 9634047 0 0 3 67
t1    6   18    10.890     7.276    81.776 12779775 0 0 3 68
t1    6   19    11.495     7.680    78.866 15139071 0 0 3 69
t1    6   20    12.100     8.085    75.956 16711933 0 0 3 70
t1    6   21    12.705     8.489    73.045 16711918 0 0 3 71
t1    6   22    13.310     8.893    70.135 16711914 0 0 3 72
t1    6   23    13.915     9.297    67.224 16711919 0 0 3 73
t1    6   24    14.520     9.702    64.314 16711935 0 0 3 74
t1    6   25    15.125    10.106    61.403 15007999 0 0 3 75
t1    6   26    15.730    10.510    58.493 12714239 0 0 3 76
t1    6   27    16.335    10.914    55.583 9896191 0 0 3 77
t1    6   28    16.940    11.319    52.672 6422783 0 0 3 78
t1    6   29    17.545    11.723    49.762 2425087 0 0 3 79
t1    6   30    18.149    12.127    46.851 8191 0 0 3 80
t1    6   31    18.754    12.531    43.941 27391 0 0 3 81
t1    6   32    19.359    12.936    41.030 48383 0 0 3 82
t1    6   33    19.964    13.340    38.120 65514 0 0 3 83
t1    6   34    20.569    13.744    35.210 65420 0 0 3 84
t1    6   35    21.174    14.148    32.299 65322 0 0 3 85
t1    6   36    21.779    14.553    29.389 3997440 0 0 3 86
t1    6   37    22.384    14.957    26.478 10944256 0 0 3 87
t1    6   38    22.989    15.361    23.568 16772096 0 0 3 88
t1    6   39    23.594    15.765    20.657 16743936 0 0 3 89
t1    6   40    24.199    16.169    17.747 16715264 0 0 3 90
t1    6   41    24.804    16.574    14.837 16736768 0 0 3 91
t1    6   42    25.409    16.978    11.926 16765440 0 0 3 92
t1    6   43    26.014    17.382     9.016 12386048 0 0 3 93
t1    6   44    26.619    17.786     6.105 5242624 0 0 3 94
t1    6   45    27.224    18.191     3.195 65309 0 0 3 95
t1    6   46    27.829    18.595     0.284 65413 0 0 3 96
t1    6   47    28.434    18.999    -2.626 65515 0 0 3 97
t1    6   48    29.039    19.403    -5.536 46079 0 0 3 98
t1    6   49    29.644    19.808    -8.447 22271 0 0 3 99
t1    6   50    30.249    20.212   -11.357 65791 0 0 3 100
t1    7    1     0.672     0.278   131.254 12451584 0 0 4 50
t1    7    2     1.344     0.557   128.343 8584960 0 0 4 49
t1    7    3     2.017     0.835   125.433 8257280 0 0 4 48
t1    7    4     2.689     1.114   122.522 11337472 0 0 4 47
t1    7    5     3.361     1.392   119.612 16775424 0 0 4 46
t1    7    6     4.033     1.671   116.702 16745728 0 0 4 45
t1    7    7     4.706     1.949   113.791 16711935 0 0 4 44
t1    7    8     5.378     2.228   110.881 16747264 0 0 4 43
t1    7    9     6.050     2.506   107.970 15204096 0 0 4 42
t1    7   10     6.722     2.784   105.060 6422272 0 0 4 41
t1    7   11     7.394     3.063   102.149 65311 0 0 4 40
t1    7   12     8.067     3.341    99.239 65428 0 0 4 39
t1    7   13     8.739     3.620    96.329 65535 0 0 4 38
t1    7   14     9.411     3.898    93.418 40959 0 0 4 37
t1    7   15    10.083     4.177    90.508 19455 0 0 4 36
t1    7   16    10.756     4.455    87.597 1023 0 0 4 35
t1    7   17    11.428     4.734    84.687 3801343 0 0 4 34
t1    7   18    12.100     5.012    81.776 7012607 0 0 4 33
t1    7   19    12.772     5.290    78.866 9437439 0 0 4 32
t1    7   20    13.444     5.569    75.956 11075839 0 0 4 31
t1    7   21    14.117     5.847    73.045 12058879 0 0 4 30
t1    7   22    14.789     6.126    70.135 12255487 0 0 4 29
t1    7   23    15.461     6.404    67.224 11796735 0 0 4 28
t1    7   24    16.133     6.683    64.314 10617087 0 0 4 27
t1    7   25    16.806     6.961    61.403 8847615 0 0 4 26
t1    7   26    17.478     7.240    58.493 6357247 0 0 4 25
t1    7   27    18.150     7.518    55.583 3342591 0 0 4 24
t1    7   28    18.822     7.796    52.672 1279 0 0 4 23
t1    7   29    19.494     8.075    49.762 17407 0 0 4 22
t1    7   30    20.167     8.353    46.851 35327 0 0 4 21
t1    7   31    20.839     8.632    43.941 55039 0 0 4 20
t1    7   32    21.511     8.910    41.030 65492 0 0 4 19
t1    7   33    22.183     9.189    38.120 65402 0 0 4 18
t1    7   34    22.856     9.467    35.210 65308 0 0 4 17
t1    7   35    23.528     9.746    32.299 4718336 0 0 4 16
t1    7   36    24.200    10.024    29.389 11468544 0 0 4 15
t1    7   37    24.872    10.302    26.478 16770816 0 0 4 14
t1    7   38    25.544    10.581    23.568 16743168 0 0 4 13
t1    7   39    26.217    10.859    20.657 16715264 0 0 4 12
t1    7   40    26.889    11.138    17.747 16736256 0 0 4 11
t1    7   41    27.561    11.416    14.837 16764672 0 0 4 10
t1    7   42    28.233    11.695    11.926 12779264 0 0 4 9
t1    7   43    28.906    11.973     9.016 5635840 0 0 4 8
t1    7   44    29.578    12.251     6.105 65301 0 0 4 7
t1    7   45    30.250    12.530     3.195 65404 0 0 4 6
t1    7   46    30.922    12.808     0.284 65504 0 0 4 5
t1    7   47    31.594    13.087    -2.626 48639 0 0 4 4
t1    7   48    32.267    13.365    -5.536 25343 0 0 4 3
t1    7   49    32.939    13.644    -8.447 3327 0 0 4 2
t1    7   50    33.611    13.922   -11.357 4522239 0 0 4 1
t1    8    1     0.714     0.142   131.254 5046016 0 0 4 51
t1    8    2     1.427     0.284   128.343 1179392 0 0 4 52
t1    8    3     2.141     0.426   125.433 589568 0 0 4 53
t1    8    4     2.855     0.568   122.522 3211008 0 0 4 54
t1    8    5     3.568     0.710   119.612 8584960 0 0 4 55
t1    8    6     4.282     0.852   116.702 15859456 0 0 4 56
t1    8    7     4.995     0.994   113.791 16747264 0 0 4 57
t1    8    8     5.709     1.136   110.881 16711935 0 0 4 58
t1    8    9     6.423     1.278   107.970 16748032 0 0 4 59
t1    8   10     7.136     1.419   105.060 15138560 0 0 4 60
t1    8   11     7.850     1.561   102.149 6487808 0 0 4 61
t1    8   12     8.564     1.703    99.239 65305 0 0 4 62
t1    8   13     9.277     1.845    96.329 65417 0 0 4 63
t1    8   14     9.991     1.987    93.418 65517 0 0 4 64
t1    8   15    10.704     2.129    90.508 47615 0 0 4 65
t1    8   16    11.418     2.271    87.597 28159 0 0 4 66
t1    8   17    12.132     2.413    84.687 12031 0 0 4 67
t1    8   18    12.845     2.555    81.776 327935 0 0 4 68
t1    8   19    13.559     2.697    78.866 2818303 0 0 4 69
t1    8   20    14.273     2.839    75.956 4587775 0 0 4 70
t1    8   21    14.986     2.981    73.045 5505279 0 0 4 71
t1    8   22    15.700     3.123    70.135 5701887 0 0 4 72
t1    8   23    16.413     3.265    67.224 5177599 0 0 4 73
t1    8   24    17.127     3.407    64.314 3997951 0 0 4 74
t1    8   25    17.841     3.549    61.403 2097407 0 0 4 75
t1    8   26    18.554     3.691    58.493 1791 0 0 4 76
t1    8   27    19.268     3.833    55.583 14079 0 0 4 77
t1    8   28    19.982     3.975    52.672 28415 0 0 4 78
t1    8   29    20.695     4.117    49.762 45055 0 0 4 79
t1    8   30    21.409     4.258    46.851 63231 0 0 4 80
t1    8   31    22.122     4.400    43.941 65465 0 0 4 81
t1    8   32    22.836     4.542    41.030 65381 0 0 4 82
t1    8   33    23.550     4.684    38.120 65291 0 0 4 83
t1    8   34    24.263     4.826    35.210 5570304 0 0 4 84
t1    8   35    24.977     4.968    32.299 12058368 0 0 4 85
t1    8   36    25.691     5.110    29.389 16769280 0 0 4 86
t1    8   37    26.404     5.252    26.478 16742400 0 0 4 87
t1    8   38    27.118     5.394    23.568 16715008 0 0 4 88
t1    8   39    27.831     5.536    20.657 16735744 0 0 4 89
t1    8   40    28.545     5.678    17.747 16763392 0 0 4 90
t1    8   41    29.259     5.820    14.837 13172480 0 0 4 91
t1    8   42    29.972     5.962    11.926 6225664 0 0 4 92
t1    8   43    30.686     6.104     9.016 65291 0 0 4 93
t1    8   44    31.400     6.246     6.105 65393 0 0 4 94
t1    8   45    32.113     6.388     3.195 65492 0 0 4 95
t1    8   46    32.827     6.530     0.284 52223 0 0 4 96
t1    8   47    33.540     6.672    -2.626 28927 0 0 4 97
t1    8   48    34.254     6.814    -5.536 6911 0 0 4 98
t1    8   49    34.968     6.956    -8.447 3539199 0 0 4 99
t1    8   50    35.681     7.097   -11.357 8388863 0 0 4 100
t1    9    1     0.728     0.000   131.254 65315 0 0 5 50
t1    9    2     1.455     0.000   128.343 65373 0 0 5 49
t1    9    3     2.183     0.000   125.433 65385 0 0 5 48
t1    9    4     2.910     0.000   122.522 65352 0 0 5 47
t1    9    5     3.638     0.000   119.612 196352 0 0 5 46
t1    9    6     4.366     0.000   116.702 7012096 0 0 5 45
t1    9    7     5.093     0.000   113.791 15204096 0 0 5 44
t1    9    8     5.821     0.000   110.881 16748032 0 0 5 43
t1    9    9     6.548     0.000   107.970 16711935 0 0 5 42
t1    9   10     7.276     0.000   105.060 16747520 0 0 5 41
t1    9   11     8.004     0.000   102.149 15466240 0 0 5 40
t1    9   12     8.731     0.000    99.239 7143168 0 0 5 39
t1    9   13     9.459     0.000    96.329 65288 0 0 5 38
t1    9   14    10.186     0.000    93.418 65392 0 0 5 37
t1    9   15    10.914     0.000    90.508 65484 0 0 5 36
t1    9   16    11.642     0.000    87.597 58111 0 0 5 35
t1    9   17    12.369     0.000    84.687 41215 0 0 5 34
t1    9   18    13.097     0.000    81.776 27647 0 0 5 33
t1    9   19    13.825     0.000    78.866 17407 0 0 5 32
t1    9   20    14.552     0.000    75.956 10239 0 0 5 31
t1    9   21    15.280     0.000    73.045 6399 0 0 5 30
t1    9   22    16.007     0.000    70.135 5375 0 0 5 29
t1    9   23    16.735     0.000    67.224 7423 0 0 5 28
t1    9   24    17.463     0.000    64.314 12031 0 0 5 27
t1    9   25    18.190     0.000    61.403 19711 0 0 5 26
t1    9   26    18.918     0.000    58.493 29695 0 0 5 25
t1    9   27    19.645     0.000    55.583 41983 0 0 5 24
t1    9   28    20.373     0.000    52.672 56575 0 0 5 23
t1    9   29    21.101     0.000    49.762 65505 0 0 5 22
t1    9   30    21.828     0.000    46.851 65433 0 0 5 21
t1    9   31    22.556     0.000    43.941 65354 0 0 5 20
t1    9   32    23.283     0.000    41.030 720640 0 0 5 19
t1    9   33    24.011     0.000    38.120 6618880 0 0 5 18
t1    9   34    24.739     0.000    35.210 12844800 0 0 5 17
t1    9   35    25.466     0.000    32.299 16767232 0 0 5 16
t1    9   36    26.194     0.000    29.389 16741376 0 0 5 15
t1    9   37    26.921     0.000    26.478 16715008 0 0 5 14
t1    9   38    27.649     0.000    23.568 16735232 0 0 5 13
t1    9   39    28.377     0.000    20.657 16762112 0 0 5 12
t1    9   40    29.104     0.000    17.747 13696768 0 0 5 11
t1    9   41    29.832     0.000    14.837 6881024 0 0 5 10
t1    9   42    30.559     0.000    11.926 130816 0 0 5 9
t1    9   43    31.287     0.000     9.016 65380 0 0 5 8
t1    9   44    32.015     0.000     6.105 65477 0 0 5 7
t1    9   45    32.742     0.000     3.195 56319 0 0 5 6
t1    9   46    33.470     0.000     0.284 33279 0 0 5 5
t1    9   47    34.198     0.000    -2.626 11519 0 0 5 4
t1    9   48    34.925     0.000    -5.536 2359551 0 0 5 3
t1    9   49    35.653     0.000    -8.447 7143679 0 0 5 2
t1    9   50    36.380     0.000   -11.357 11534591 0 0 5 1
t1   10    1     0.714    -0.142   131.254 65423 0 0 5 51
t1   10    2     1.427    -0.284   128.343 65480 0 0 5 52
t1   10    3     2.141    -0.426   125.433 65495 0 0 5 53
t1   10    4     2.855    -0.568   122.522 65467 0 0 5 54
t1   10    5     3.568    -0.710   119.612 65400 0 0 5 55
t1   10    6     4.282    -0.852   116.702 65303 0 0 5 56
t1   10    7     4.995    -0.994   113.791 6422272 0 0 5 57
t1   10    8     5.709    -1.136   110.881 15138560 0 0 5 58
t1   10    9     6.423    -1.278   107.970 16747520 0 0 5 59
t1   10   10     7.136    -1.419   105.060 16711935 0 0 5 60
t1   10   11     7.850    -1.561   102.149 16746496 0 0 5 61
t1   10   12     8.564    -1.703    99.239 16121600 0 0 5 62
t1   10   13     9.277    -1.845    96.329 8257280 0 0 5 63
t1   10   14     9.991    -1.987    93.418 1244928 0 0 5 64
t1   10   15    10.704    -2.129    90.508 65358 0 0 5 65
t1   10   16    11.418    -2.271    87.597 65440 0 0 5 66
t1   10   17    12.132    -2.413    84.687 65509 0 0 5 67
t1   10   18    12.845    -2.555    81.776 57855 0 0 5 68
t1   10   19    13.559    -2.697    78.866 47103 0 0 5 69
t1   10   20    14.273    -2.839    75.956 39423 0 0 5 70
t1   10   21    14.986    -2.981    73.045 35071 0 0 5 71
t1   10   22    15.700    -3.123    70.135 34047 0 0 5 72
t1   10   23    16.413    -3.265    67.224 35839 0 0 5 73
t1   10   24    17.127    -3.407    64.314 40447 0 0 5 74
t1   10   25    17.841    -3.549    61.403 47871 0 0 5 75
t1   10   26    18.554    -3.691    58.493 57855 0 0 5 76
t1   10   27    19.268    -3.833    55.583 65517 0 0 5 77
t1   10   28    19.982    -3.975    52.672 65460 0 0 5 78
t1   10   29    20.695    -4.117    49.762 65396 0 0 5 79
t1   10   30    21.409    -4.258    46.851 65324 0 0 5 80
t1   10   31    22.122    -4.400    43.941 2359040 0 0 5 81
t1   10   32    22.836    -4.542    41.030 7864064 0 0 5 82
t1   10   33    23.550    -4.684    38.120 13696768 0 0 5 83
t1   10   34    24.263    -4.826    35.210 16765184 0 0 5 84
t1   10   35    24.977    -4.968    32.299 16740352 0 0 5 85
t1   10   36    25.691    -5.110    29.389 16715008 0 0 5 86
t1   10   37    26.404    -5.252    26.478 16734464 0 0 5 87
t1   10   38    27.118    -5.394    23.568 16760576 0 0 5 88
t1   10   39    27.831    -5.536    20.657 14286592 0 0 5 89
t1   10   40    28.545    -5.678    17.747 7601920 0 0 5 90
t1   10   41    29.259    -5.820    14.837 982784 0 0 5 91
t1   10   42    29.972    -5.962    11.926 65364 0 0 5 92
t1   10   43    30.686    -6.104     9.016 65460 0 0 5 93
t1   10   44    31.400    -6.246     6.105 60927 0 0 5 94
t1   10   45    32.113    -6.388     3.195 38143 0 0 5 95
t1   10   46    32.827    -6.530     0.284 16639 0 0 5 96
t1   10   47    33.540    -6.672    -2.626 917759 0 0 5 97
t1   10   48    34.254    -6.814    -5.536 5701887 0 0 5 98
t1   10   49    34.968    -6.956    -8.447 10092799 0 0 5 99
t1   10   50    35.681    -7.097   -11.357 14024959 0 0 5 100
t1   11    1     0.672    -0.278   131.254 65527 0 0 6 50
t1   11    2     1.344    -0.557   128.343 53247 0 0 6 49
t1   11    3     2.017    -0.835   125.433 49151 0 0 6 48
t1   11    4     2.689    -1.114   122.522 55295 0 0 6 47
t1   11    5     3.361    -1.392   119.612 65515 0 0 6 46
t1   11    6     4.033    -1.671   116.702 65424 0 0 6 45
t1   11    7     4.706    -1.949   113.791 65311 0 0 6 44
t1   11    8     5.378    -2.228   110.881 6487808 0 0 6 43
t1   11    9     6.050    -2.506   107.970 15466240 0 0 6 42
t1   11   10     6.722    -2.784   105.060 16746496 0 0 6 41
t1   11   11     7.394    -3.063   102.149 16711935 0 0 6 40
t1   11   12     8.067    -3.341    99.239 16744960 0 0 6 39
t1   11   13     8.739    -3.620    96.329 16775936 0 0 6 38
t1   11   14     9.411    -3.898    93.418 9764608 0 0 6 37
t1   11   15    10.083    -4.177    90.508 3342080 0 0 6 36
t1   11   16    10.756    -4.455    87.597 65315 0 0 6 35
t1   11   17    11.428    -4.734    84.687 65387 0 0 6 34
t1   11   18    12.100    -5.012    81.776 65445 0 0 6 33
t1   11   19    12.772    -5.290    78.866 65489 0 0 6 32
t1   11   20    13.444    -5.569    75.956 65521 0 0 6 31
t1   11   21    14.117    -5.847    73.045 64511 0 0 6 30
t1   11   22    14.789    -6.126    70.135 62975 0 0 6 29
t1   11   23    15.461    -6.404    67.224 64511 0 0 6 28
t1   11   24    16.133    -6.683    64.314 65522 0 0 6 27
t1   11   25    16.806    -6.961    61.403 65494 0 0 6 26
t1   11   26    17.478    -7.240    58.493 65456 0 0 6 25
t1   11   27    18.150    -7.518    55.583 65408 0 0 6 24
t1   11   28    18.822    -7.796    52.672 65352 0 0 6 23
t1   11   29    19.494    -8.075    49.762 65288 0 0 6 22
t1   11   30    20.167    -8.353    46.851 4194048 0 0 6 21
t1   11   31    20.839    -8.632    43.941 9305856 0 0 6 20
t1   11   32    21.511    -8.910    41.030 14745344 0 0 6 19
t1   11   33    22.183    -9.189    38.120 16762368 0 0 6 18
t1   11   34    22.856    -9.467    35.210 16739072 0 0 6 17
t1   11   35    23.528    -9.746    32.299 16714752 0 0 6 16
t1   11   36    24.200   -10.024    29.389 16733440 0 0 6 15
t1   11   37    24.872   -10.302    26.478 16758528 0 0 6 14
t1   11   38    25.544   -10.581    23.568 14941952 0 0 6 13
t1   11   39    26.217   -10.859    20.657 8453888 0 0 6 12
t1   11   40    26.889   -11.138    17.747 2031360 0 0 6 11
t1   11   41    27.561   -11.416    14.837 65346 0 0 6 10
t1   11   42    28.233   -11.695    11.926 65440 0 0 6 9
t1   11   43    28.906   -11.973     9.016 65532 0 0 6 8
t1   11   44    29.578   -12.251     6.105 44031 0 0 6 7
t1   11   45    30.250   -12.530     3.195 22783 0 0 6 6
t1   11   46    30.922   -12.808     0.284 2815 0 0 6 5
t1   11   47    31.594   -13.087    -2.626 4063487 0 0 6 4
t1   11   48    32.267   -13.365    -5.536 8454399 0 0 6 3
t1   11   49    32.939   -13.644    -8.447 12386559 0 0 6 2
t1   11   50    33.611   -13.922   -11.357 15859967 0 0 6 1
t1   12    1     0.605    -0.404   131.254 42239 0 0 6 51
t1   12    2     1.210    -0.808   128.343 28415 0 0 6 52
t1   12    3     1.815    -1.213   125.433 24063 0 0 6 53
t1   12    4     2.420    -1.617   122.522 29439 0 0 6 54
t1   12    5     3.025    -2.021   119.612 43519 0 0 6 55
t1   12    6     3.630    -2.425   116.702 65279 0 0 6 56
t1   12    7     4.235    -2.830   113.791 65428 0 0 6 57
t1   12    8     4.840    -3.234   110.881 65305 0 0 6 58
t1   12    9     5.445    -3.638   107.970 7143168 0 0 6 59
t1   12   10     6.050    -4.042   105.060 16121600 0 0 6 60
t1   12   11     6.655    -4.447   102.149 16744960 0 0 6 61
t1   12   12     7.260    -4.851    99.239 16711935 0 0 6 62
t1   12   13     7.865    -5.255    96.329 16742912 0 0 6 63
t1   12   14     8.470    -5.659    93.418 16771584 0 0 6 64
t1   12   15     9.075    -6.064    90.508 11599616 0 0 6 65
t1   12   16     9.680    -6.468    87.597 5897984 0 0 6 66
t1   12   17    10.285    -6.872    84.687 1048320 0 0 6 67
t1   12   18    10.890    -7.276    81.776 65326 0 0 6 68
t1   12   19    11.495    -7.680    78.866 65372 0 0 6 69
t1   12   20    12.100    -8.085    75.956 65406 0 0 6 70
t1   12   21    12.705    -8.489    73.045 65426 0 0 6 71
t1   12   22    13.310    -8.893    70.135 65434 0 0 6 72
t1   12   23    13.915    -9.297    67.224 65429 0 0 6 73
t1   12   24    14.520    -9.702    64.314 65413 0 0 6 74
t1   12   25    15.125   -10.106    61.403 65386 0 0 6 75
t1   12   26    15.730   -10.510    58.493 65349 0 0 6 76
t1   12   27    16.335   -10.914    55.583 65302 0 0 6 77
t1   12   28    16.940   -11.319    52.672 2227968 0 0 6 78
t1   12   29    17.545   -11.723    49.762 6356736 0 0 6 79
t1   12   30    18.149   -12.127    46.851 10944256 0 0 6 80
t1   12   31    18.754   -12.531    43.941 15924992 0 0 6 81
t1   12   32    19.359   -12.936    41.030 16759552 0 0 6 82
t1   12   33    19.964   -13.340    38.120 16737536 0 0 6 83
t1   12   34    20.569   -13.744    35.210 16714496 0 0 6 84
t1   12   35    21.174   -14.148    32.299 16732416 0 0 6 85
t1   12   36    21.779   -14.553    29.389 16756480 0 0 6 86
t1   12   37    22.384   -14.957    26.478 15728384 0 0 6 87
t1   12   38    22.989   -15.361    23.568 9502464 0 0 6 88
t1   12   39    23.594   -15.765    20.657 3211008 0 0 6 89
t1   12   40    24.199   -16.169    17.747 65326 0 0 6 90
t1   12   41    24.804   -16.574    14.837 65418 0 0 6 91
t1   12   42    25.409   -16.978    11.926 65507 0 0 6 92
t1   12   43    26.014   -17.382     9.016 50687 0 0 6 93
t1   12   44    26.619   -17.786     6.105 29695 0 0 6 94
t1   12   45    27.224   -18.191     3.195 9983 0 0 6 95
t1   12   46    27.829   -18.595     0.284 2228479 0 0 6 96
t1   12   47    28.434   -18.999    -2.626 6553855 0 0 6 97
t1   12   48    29.039   -19.403    -5.536 10486015 0 0 6 98
t1   12   49    29.644   -19.808    -8.447 13959423 0 0 6 99
t1   12   50    30.249   -20.212   -11.357 16711931 0 0 6 100
t1   13    1     0.514    -0.514   131.254 17919 0 0 7 50
t1   13    2     1.029    -1.029   128.343 4863 0 0 7 49
t1   13    3     1.543    -1.543   125.433 767 0 0 7 48
t1   13    4     2.058    -2.058   122.522 5631 0 0 7 47
t1   13    5     2.572    -2.572   119.612 18943 0 0 7 46
t1   13    6     3.087    -3.087   116.702 39423 0 0 7 45
t1   13    7     3.601    -3.601   113.791 65535 0 0 7 44
t1   13    8     4.116    -4.116   110.881 65417 0 0 7 43
t1   13    9     4.630    -4.630   107.970 65288 0 0 7 42
t1   13   10     5.145    -5.145   105.060 8257280 0 0 7 41
t1   13   11     5.659    -5.659   102.149 16775936 0 0 7 40
t1   13   12     6.174    -6.174    99.239 16742912 0 0 7 39
t1   13   13     6.688    -6.688    96.329 16711935 0 0 7 38
t1   13   14     7.203    -7.203    93.418 16740608 0 0 7 37
t1   13   15     7.717    -7.717    90.508 16766464 0 0 7 36
t1   13   16     8.232    -8.232    87.597 13631232 0 0 7 35
t1   13   17     8.746    -8.746    84.687 8650496 0 0 7 34
t1   13   18     9.261    -9.261    81.776 4587264 0 0 7 33
t1   13   19     9.775    -9.775    78.866 1441536 0 0 7 32
t1   13   20    10.290   -10.290    75.956 65295 0 0 7 31
t1   13   21    10.804   -10.804    73.045 65317 0 0 7 30
t1   13   22    11.319   -11.319    70.135 65326 0 0 7 29
t1   13   23    11.833   -11.833    67.224 65323 0 0 7 28
t1   13   24    12.348   -12.348    64.314 65308 0 0 7 27
t1   13   25    12.862   -12.862    61.403 65282 0 0 7 26
t1   13   26    13.377   -13.377    58.493 2227968 0 0 7 25
t1   13   27    13.891   -13.891    55.583 5177088 0 0 7 24
t1   13   28    14.406   -14.406    52.672 8716032 0 0 7 23
t1   13   29    14.920   -14.920    49.762 12779264 0 0 7 22
t1   13   30    15.435   -15.435    46.851 16775168 0 0 7 21
t1   13   31    15.949   -15.949    43.941 16756224 0 0 7 20
t1   13   32    16.464   -16.464    41.030 16735744 0 0 7 19
t1   13   33    16.978   -16.978    38.120 16714496 0 0 7 18
t1   13   34    17.493   -17.493    35.210 16731136 0 0 7 17
t1   13   35    18.007   -18.007    32.299 16754176 0 0 7 16
t1   13   36    18.522   -18.522    29.389 16645888 0 0 7 15
t1   13   37    19.036   -19.036    26.478 10616576 0 0 7 14
t1   13   38    19.551   -19.551    23.568 4587264 0 0 7 13
t1   13   39    20.065   -20.065    20.657 65303 0 0 7 12
t1   13   40    20.580   -20.580    17.747 65392 0 0 7 11
t1   13   41    21.094   -21.094    14.837 65480 0 0 7 10
t1   13   42    21.609   -21.609    11.926 58111 0 0 7 9
t1   13   43    22.123   -22.123     9.016 37631 0 0 7 8
t1   13   44    22.638   -22.638     6.105 17919 0 0 7 7
t1   13   45    23.152   -23.152     3.195 131327 0 0 7 6
t1   13   46    23.667   -23.667     0.284 4391167 0 0 7 5
t1   13   47    24.181   -24.181    -2.626 8323327 0 0 7 4
t1   13   48    24.696   -24.696    -5.536 11796735 0 0 7 3
t1   13   49    25.210   -25.210    -8.447 14811391 0 0 7 2
t1   13   50    25.725   -25.725   -11.357 16711925 0 0 7 1
t1   14    1     0.404    -0.605   131.254 1310975 0 0 7 51
t1   14    2     0.808    -1.210   128.343 4391167 0 0 7 52
t1   14    3     1.213    -1.815   125.433 5374207 0 0 7 53
t1   14    4     1.617    -2.420   122.522 4194559 0 0 7 54
t1   14    5     2.021    -3.025   119.612 983295 0 0 7 55
t1   14    6     2.425    -3.630   116.702 15871 0 0 7 56
t1   14    7     2.830    -4.235   113.791 40959 0 0 7 57
t1   14    8     3.234    -4.840   110.881 65517 0 0 7 58
t1   14    9     3.638    -5.445   107.970 65392 0 0 7 59
t1   14   10     4.042    -6.050   105.060 1244928 0 0 7 60
t1   14   11     4.447    -6.655   102.149 9764608 0 0 7 61
t1   14   12     4.851    -7.260    99.239 16771584 0 0 7 62
t1   14   13     5.255    -7.865    96.329 16740608 0 0 7 63
t1   14   14     5.659    -8.470    93.418 16711935 0 0 7 64
t1   14   15     6.064    -9.075    90.508 16737792 0 0 7 65
t1   14   16     6.468    -9.680    87.597 16760832 0 0 7 66
t1   14   17     6.872   -10.285    84.687 15859456 0 0 7 67
t1   14   18     7.276   -10.890    81.776 11665152 0 0 7 68
t1   14   19     7.680   -11.495    78.866 8388352 0 0 7 69
t1   14   20     8.085   -12.100    75.956 5963520 0 0 7 70
t1   14   21     8.489   -12.705    73.045 4456192 0 0 7 71
t1   14   22     8.893   -13.310    70.135 3735296 0 0 7 72
t1   14   23     9.297   -13.915    67.224 3866368 0 0 7 73
t1   14   24     9.702   -14.520    64.314 4718336 0 0 7 74
t1   14   25    10.106   -15.125    61.403 6291200 0 0 7 75
t1   14   26    10.510   -15.730    58.493 8519424 0 0 7 76
t1   14   27    10.914   -16.335    55.583 11403008 0 0 7 77
t1   14   28    11.319   -16.940    52.672 14810880 0 0 7 78
t1   14   29    11.723   -17.545    49.762 16769536 0 0 7 79
t1   14   30    12.127   -18.149    46.851 16752384 0 0 7 80
t1   14   31    12.531   -18.754    43.941 16733952 0 0 7 81
t1   14   32    12.936   -19.359    41.030 16714240 0 0 7 82
t1   14   33    13.340   -19.964    38.120 16729856 0 0 7 83
t1   14   34    13.744   -20.569    35.210 16751616 0 0 7 84
t1   14   35    14.148   -21.174    32.299 16773632 0 0 7 85
t1   14   36    14.553   -21.779    29.389 11861760 0 0 7 86
t1   14   37    14.957   -22.384    26.478 6094592 0 0 7 87
t1   14   38    15.361   -22.989    23.568 261888 0 0 7 88
t1   14   39    15.765   -23.594    20.657 65364 0 0 7 89
t1   14   40    16.169   -24.199    17.747 65449 0 0 7 90
t1   14   41    16.574   -24.804    14.837 65531 0 0 7 91
t1   14   42    16.978   -25.409    11.926 46335 0 0 7 92
t1   14   43    17.382   -26.014     9.016 27135 0 0 7 93
t1   14   44    17.786   -26.619     6.105 8959 0 0 7 94
t1   14   45    18.191   -27.224     3.195 2031871 0 0 7 95
t1   14   46    18.595   -27.829     0.284 5898495 0 0 7 96
t1   14   47    18.999   -28.434    -2.626 9371903 0 0 7 97
t1   14   48    19.403   -29.039    -5.536 12452095 0 0 7 98
t1   14   49    19.808   -29.644    -8.447 15007999 0 0 7 99
t1   14   50    20.212   -30.249   -11.357 16711929 0 0 7 100
t1   15    1     0.278    -0.672   131.254 6684927 0 0 8 50
t1   15    2     0.557    -1.344   128.343 9568511 0 0 8 49
t1   15    3     0.835    -2.017   125.433 10354943 0 0 8 48
t1   15    4     1.114    -2.689   122.522 9175295 0 0 8 47
t1   15    5     1.392    -3.361   119.612 6029567 0 0 8 46
t1   15    6     1.671    -4.033   116.702 1245439 0 0 8 45
t1   15    7     1.949    -4.706   113.791 19455 0 0 8 44
t1   15    8     2.228    -5.378   110.881 47615 0 0 8 43
t1   15    9     2.506    -6.050   107.970 65484 0 0 8 42
t1   15   10     2.784    -6.722   105.060 65358 0 0 8 41
t1   15   11     3.063    -7.394   102.149 3342080 0 0 8 40
t1   15   12     3.341    -8.067    99.239 11599616 0 0 8 39
t1   15   13     3.620    -8.739    96.329 16766464 0 0 8 38
t1   15   14     3.898    -9.411    93.418 16737792 0 0 8 37
t1   15   15     4.177   -10.083    90.508 16711935 0 0 8 36
t1   15   16     4.455   -10.756    87.597 16734720 0 0 8 35
t1   15   17     4.734   -11.428    84.687 16754688 0 0 8 34
t1   15   18     5.012   -12.100    81.776 16771328 0 0 8 33
t1   15   19     5.290   -12.772    78.866 14876416 0 0 8 32
t1   15   20     5.569   -13.444    75.956 12320512 0 0 8 31
t1   15   21     5.847   -14.117    73.045 10682112 0 0 8 30
t1   15   22     6.126   -14.789    70.135 9895680 0 0 8 29
t1   15   23     6.404   -15.461    67.224 9895680 0 0 8 28
t1   15   24     6.683   -16.133    64.314 10682112 0 0 8 27
t1   15   25     6.961   -16.806    61.403 12123904 0 0 8 26
t1   15   26     7.240   -17.478    58.493 14286592 0 0 8 25
t1   15   27     7.518   -18.150    55.583 16775936 0 0 8 24
t1   15   28     7.796   -18.822    52.672 16763136 0 0 8 23
t1   15   29     8.075   -19.494    49.762 16748288 0 0 8 22
t1   15   30     8.353   -20.167    46.851 16731904 0 0 8 21
t1   15   31     8.632   -20.839    43.941 16713984 0 0 8 20
t1   15   32     8.910   -21.511    41.030 16728576 0 0 8 19
t1   15   33     9.189   -22.183    38.120 16748544 0 0 8 18
t1   15   34     9.467   -22.856    35.210 16769280 0 0 8 17
t1   15   35     9.746   -23.528    32.299 13238016 0 0 8 16
t1   15   36    10.024   -24.200    29.389 7732992 0 0 8 15
t1   15   37    10.302   -24.872    26.478 2162432 0 0 8 14
t1   15   38    10.581   -25.544    23.568 65332 0 0 8 13
t1   15   39    10.859   -26.217    20.657 65414 0 0 8 12
t1   15   40    11.138   -26.889    17.747 65495 0 0 8 11
t1   15   41    11.416   -27.561    14.837 56063 0 0 8 10
t1   15   42    11.695   -28.233    11.926 37119 0 0 8 9
t1   15   43    11.973   -28.906     9.016 19199 0 0 8 8
t1   15   44    12.251   -29.578     6.105 2815 0 0 8 7
t1   15   45    12.530   -30.250     3.195 3277055 0 0 8 6
t1   15   46    12.808   -30.922     0.284 6750463 0 0 8 5
t1   15   47    13.087   -31.594    -2.626 9830655 0 0 8 4
t1   15   48    13.365   -32.267    -5.536 12452095 0 0 8 3
t1   15   49    13.644   -32.939    -8.447 14549247 0 0 8 2
t1   15   50    13.922   -33.611   -11.357 16187647 0 0 8 1
t1   16    1     0.142    -0.714   131.254 11665663 0 0 8 51
t1   16    2     0.284    -1.427   128.343 14221567 0 0 8 52
t1   16    3     0.426    -2.141   125.433 14811391 0 0 8 53
t1   16    4     0.568    -2.855   122.522 13566207 0 0 8 54
t1   16    5     0.710    -3.568   119.612 10486015 0 0 8 55
t1   16    6     0.852    -4.282   116.702 5832959 0 0 8 56
t1   16    7     0.994    -4.995   113.791 1023 0 0 8 57
t1   16    8     1.136    -5.709   110.881 28159 0 0 8 58
t1   16    9     1.278    -6.423   107.970 58111 0 0 8 59
t1   16   10     1.419    -7.136   105.060 65440 0 0 8 60
t1   16   11     1.561    -7.850   102.149 65315 0 0 8 61
t1   16   12     1.703    -8.564    99.239 5897984 0 0 8 62
t1   16   13     1.845    -9.277    96.329 13631232 0 0 8 63
t1   16   14     1.987    -9.991    93.418 16760832 0 0 8 64
t1   16   15     2.129   -10.704    90.508 16734720 0 0 8 65
t1   16   16     2.271   -11.418    87.597 16711935 0 0 8 66
t1   16   17     2.413   -12.132    84.687 16731648 0 0 8 67
t1   16   18     2.555   -12.845    81.776 16748544 0 0 8 68
t1   16   19     2.697   -13.559    78.866 16761856 0 0 8 69
t1   16   20     2.839   -14.273    75.956 16771840 0 0 8 70
t1   16   21     2.981   -14.986    73.045 16383744 0 0 8 71
t1   16   22     3.123   -15.700    70.135 15466240 0 0 8 72
t1   16   23     3.265   -16.413    67.224 15400704 0 0 8 73
t1   16   24     3.407   -17.127    64.314 16056064 0 0 8 74
t1   16   25     3.549   -17.841    61.403 16774400 0 0 8 75
t1   16   26     3.691   -18.554    58.493 16766464 0 0 8 76
t1   16   27     3.833   -19.268    55.583 16756224 0 0 8 77
t1   16   28     3.975   -19.982    52.672 16743936 0 0 8 78
t1   16   29     4.117   -20.695    49.762 16729600 0 0 8 79
t1   16   30     4.258   -21.409    46.851 16713728 0 0 8 80
t1   16   31     4.400   -22.122    43.941 16726784 0 0 8 81
t1   16   32     4.542   -22.836    41.030 16745216 0 0 8 82
t1   16   33     4.684   -23.550    38.120 16764672 0 0 8 83
t1   16   34     4.826   -24.263    35.210 14810880 0 0 8 84
t1   16   35     4.968   -24.977    32.299 9568000 0 0 8 85
t1   16   36     5.110   -25.691    29.389 4259584 0 0 8 86
t1   16   37     5.252   -26.404    26.478 65297 0 0 8 87
t1   16   38     5.394   -27.118    23.568 65377 0 0 8 88
t1   16   39     5.536   -27.831    20.657 65455 0 0 8 89
t1   16   40     5.678   -28.545    17.747 65531 0 0 8 90
t1   16   41     5.820   -29.259    14.837 48127 0 0 8 91
t1   16   42     5.962   -29.972    11.926 30463 0 0 8 92
t1   16   43     6.104   -30.686     9.016 14079 0 0 8 93
t1   16   44     6.246   -31.400     6.105 327935 0 0 8 94
t1   16   45     6.388   -32.113     3.195 3801343 0 0 8 95
t1   16   46     6.530   -32.827     0.284 6881535 0 0 8 96
t1   16   47     6.672   -33.540    -2.626 9568511 0 0 8 97
t1   16   48     6.814   -34.254    -5.536 11731199 0 0 8 98
t1   16   49     6.956   -34.968    -8.447 13500671 0 0 8 99
t1   16   50     7.097   -35.681   -11.357 14680319 0 0 8 100
t1   17    1     0.000    -0.728   131.254 16187647 0 0 9 50
t1   17    2     0.000    -1.455   128.343 16711909 0 0 9 49
t1   17    3     0.000    -2.183   125.433 16711904 0 0 9 48
t1   17    4     0.000    -2.910   122.522 16711926 0 0 9 47
t1   17    5     0.000    -3.638   119.612 14221567 0 0 9 46
t1   17    6     0.000    -4.366   116.702 9634047 0 0 9 45
t1   17    7     0.000    -5.093   113.791 3801343 0 0 9 44
t1   17    8     0.000    -5.821   110.881 12031 0 0 9 43
t1   17    9     0.000    -6.548   107.970 41215 0 0 9 42
t1   17   10     0.000    -7.276   105.060 65509 0 0 9 41
t1   17   11     0.000    -8.004   102.149 65387 0 0 9 40
t1   17   12     0.000    -8.731    99.239 1048320 0 0 9 39
t1   17   13     0.000    -9.459    96.329 8650496 0 0 9 38
t1   17   14     0.000   -10.186    93.418 15859456 0 0 9 37
t1   17   15     0.000   -10.914    90.508 16754688 0 0 9 36
t1   17   16     0.000   -11.642    87.597 16731648 0 0 9 35
t1   17   17     0.000   -12.369    84.687 16711935 0 0 9 34
t1   17   18     0.000   -13.097    81.776 16728576 0 0 9 33
t1   17   19     0.000   -13.825    78.866 16742144 0 0 9 32
t1   17   20     0.000   -14.552    75.956 16752384 0 0 9 31
t1   17   21     0.000   -15.280    73.045 16759296 0 0 9 30
t1   17   22     0.000   -16.007    70.135 16762880 0 0 9 29
t1   17   23     0.000   -16.735    67.224 16763648 0 0 9 28
t1   17   24     0.000   -17.463    64.314 16761344 0 0 9 27
t1   17   25     0.000   -18.190    61.403 16756480 0 0 9 26
t1   17   26     0.000   -18.918    58.493 16749056 0 0 9 25
t1   17   27     0.000   -19.645    55.583 16739072 0 0 9 24
t1   17   28     0.000   -20.373    52.672 16727296 0 0 9 23
t1   17   29     0.000   -21.101    49.762 16713472 0 0 9 22
t1   17   30     0.000   -21.828    46.851 16725248 0 0 9 21
t1   17   31     0.000   -22.556    43.941 16741888 0 0 9 20
t1   17   32     0.000   -23.283    41.030 16759552 0 0 9 19
t1   17   33     0.000   -24.011    38.120 16449280 0 0 9 18
t1   17   34     0.000   -24.739    35.210 11534080 0 0 9 17
t1   17   35     0.000   -25.466    32.299 6487808 0 0 9 16
t1   17   36     0.000   -26.194    29.389 1441536 0 0 9 15
t1   17   37     0.000   -26.921    26.478 65336 0 0 9 14
t1   17   38     0.000   -27.649    23.568 65411 0 0 9 13
t1   17   39     0.000   -28.377    20.657 65485 0 0 9 12
t1   17   40     0.000   -29.104    17.747 60159 0 0 9 11
t1   17   41     0.000   -29.832    14.837 43007 0 0 9 10
t1   17   42     0.000   -30.559    11.926 26623 0 0 9 9
t1   17   43     0.000   -31.287     9.016 11519 0 0 9 8
t1   17   44     0.000   -32.015     6.105 590079 0 0 9 7
t1   17   45     0.000   -32.742     3.195 3735807 0 0 9 6
t1   17   46     0.000   -33.470     0.284 6422783 0 0 9 5
t1   17   47     0.000   -34.198    -2.626 8651007 0 0 9 4
t1   17   48     0.000   -34.925    -5.536 10486015 0 0 9 3
t1   17   49     0.000   -35.653    -8.447 11796735 0 0 9 2
t1   17   50     0.000   -36.380   -11.357 12583167 0 0 9 1
t1   18    1    -0.142    -0.714   131.254 16711881 0 0 9 51
t1   18    2    -0.284    -1.427   128.343 16711854 0 0 9 52
t1   18    3    -0.426    -2.141   125.433 16711853 0 0 9 53
t1   18    4    -0.568    -2.855   122.522 16711877 0 0 9 54
t1   18    5    -0.710    -3.568   119.612 16711926 0 0 9 55
t1   18    6    -0.852    -4.282   116.702 12779775 0 0 9 56
t1   18    7    -0.994    -4.995   113.791 7012607 0 0 9 57
t1   18    8    -1.136    -5.709   110.881 327935 0 0 9 58
t1   18    9    -1.278    -6.423   107.970 27647 0 0 9 59
t1   18   10    -1.419    -7.136   105.060 57855 0 0 9 60
t1   18   11    -1.561    -7.850   102.149 65445 0 0 9 61
t1   18   12    -1.703    -8.564    99.239 65326 0 0 9 62
t1   18   13    -1.845    -9.277    96.329 4587264 0 0 9 63
t1   18   14    -1.987    -9.991    93.418 11665152 0 0 9 64
t1   18   15    -2.129   -10.704    90.508 16771328 0 0 9 65
t1   18   16    -2.271   -11.418    87.597 16748544 0 0 9 66
t1   18   17    -2.413   -12.132    84.687 16728576 0 0 9 67
t1   18   18    -2.555   -12.845    81.776 16711935 0 0 9 68
t1   18   19    -2.697   -13.559    78.866 16725248 0 0 9 69
t1   18   20    -2.839   -14.273    75.956 16735744 0 0 9 70
t1   18   21    -2.981   -14.986    73.045 16742656 0 0 9 71
t1   18   22    -3.123   -15.700    70.135 16746752 0 0 9 72
t1   18   23    -3.265   -16.413    67.224 16747776 0 0 9 73
t1   18   24    -3.407   -17.127    64.314 16745728 0 0 9 74
t1   18   25    -3.549   -17.841    61.403 16741120 0 0 9 75
t1   18   26    -3.691   -18.554    58.493 16733952 0 0 9 76
t1   18   27    -3.833   -19.268    55.583 16724736 0 0 9 77
t1   18   28    -3.975   -19.982    52.672 16713216 0 0 9 78
t1   18   29    -4.117   -20.695    49.762 16723200 0 0 9 79
t1   18   30    -4.258   -21.409    46.851 16738048 0 0 9 80
t1   18   31    -4.400   -22.122    43.941 16754176 0 0 9 81
t1   18   32    -4.542   -22.836    41.030 16771072 0 0 9 82
t1   18   33    -4.684   -23.550    38.120 13696768 0 0 9 83
t1   18   34    -4.826   -24.263    35.210 8978176 0 0 9 84
t1   18   35    -4.968   -24.977    32.299 4194048 0 0 9 85
t1   18   36    -5.110   -25.691    29.389 65291 0 0 9 86
t1   18   37    -5.252   -26.404    26.478 65364 0 0 9 87
t1   18   38    -5.394   -27.118    23.568 65435 0 0 9 88
t1   18   39    -5.536   -27.831    20.657 65505 0 0 9 89
t1   18   40    -5.678   -28.545    17.747 56319 0 0 9 90
t1   18   41    -5.820   -29.259    14.837 40191 0 0 9 91
t1   18   42    -5.962   -29.972    11.926 25343 0 0 9 92
t1   18   43    -6.104   -30.686     9.016 11519 0 0 9 93
t1   18   44    -6.246   -31.400     6.105 196863 0 0 9 94
t1   18   45    -6.388   -32.113     3.195 2949375 0 0 9 95
t1   18   46    -6.530   -32.827     0.284 5308671 0 0 9 96
t1   18   47    -6.672   -33.540    -2.626 7209215 0 0 9 97
t1   18   48    -6.814   -34.254    -5.536 8585471 0 0 9 98
t1   18   49    -6.956   -34.968    -8.447 9568511 0 0 9 99
t1   18   50    -7.097   -35.681   -11.357 9961727 0 0 9 100
t1   19    1    -0.278    -0.672   131.254 16711828 0 0 10 50
t1   19    2    -0.557    -1.344   128.343 16711807 0 0 10 49
t1   19    3    -0.835    -2.017   125.433 16711810 0 0 10 48
t1   19    4    -1.114    -2.689   122.522 16711838 0 0 10 47
t1   19    5    -1.392    -3.361   119.612 16711888 0 0 10 46
t1   19    6    -1.671    -4.033   116.702 15139071 0 0 10 45
t1   19    7    -1.949    -4.706   113.791 9437439 0 0 10 44
t1   19    8    -2.228    -5.378   110.881 2818303 0 0 10 43
t1   19    9    -2.506    -6.050   107.970 17407 0 0 10 42
t1   19   10    -2.784    -6.722   105.060 47103 0 0 10 41
t1   19   11    -3.063    -7.394   102.149 65489 0 0 10 40
t1   19   12    -3.341    -8.067    99.239 65372 0 0 10 39
t1   19   13    -3.620    -8.739    96.329 1441536 0 0 10 38
t1   19   14    -3.898    -9.411    93.418 8388352 0 0 10 37
t1   19   15    -4.177   -10.083    90.508 14876416 0 0 10 36
t1   19   16    -4.455   -10.756    87.597 16761856 0 0 10 35
t1   19   17    -4.734   -11.428    84.687 16742144 0 0 10 34
t1   19   18    -5.012   -12.100    81.776 16725248 0 0 10 33
t1   19   19    -5.290   -12.772    78.866 16711935 0 0 10 32
t1   19   20    -5.569   -13.444    75.956 16722176 0 0 10 31
t1   19   21    -5.847   -14.117    73.045 16729344 0 0 10 30
t1   19   22    -6.126   -14.789    70.135 16733440 0 0 10 29
t1   19   23    -6.404   -15.461    67.224 16734720 0 0 10 28
t1   19   24    -6.683   -16.133    64.314 16732928 0 0 10 27
t1   19   25    -6.961   -16.806    61.403 16728576 0 0 10 26
t1   19   26    -7.240   -17.478    58.493 16721920 0 0 10 25
t1   19   27    -7.518   -18.150    55.583 16712960 0 0 10 24
t1   19   28    -7.796   -18.822    52.672 16721408 0 0 10 23
t1   19   29    -8.075   -19.494    49.762 16733952 0 0 10 22
t1   19   30    -8.353   -20.167    46.851 16748288 0 0 10 21
t1   19   31    -8.632   -20.839    43.941 16763648 0 0 10 20
t1   19   32    -8.910   -21.511    41.030 15990528 0 0 10 19
t1   19   33    -9.189   -22.183    38.120 11599616 0 0 10 18
t1   19   34    -9.467   -22.856    35.210 7077632 0 0 10 17
t1   19   35    -9.746   -23.528    32.299 2490112 0 0 10 16
t1   19   36   -10.024   -24.200    29.389 65313 0 0 10 15
t1   19   37   -10.302   -24.872    26.478 65382 0 0 10 14
t1   19   38   -10.581   -25.544    23.568 65449 0 0 10 13
t1   19   39   -10.859   -26.217    20.657 65514 0 0 10 12
t1   19   40   -11.138   -26.889    17.747 55039 0 0 10 11
t1   19   41   -11.416   -27.561    14.837 40191 0 0 10 10
t1   19   42   -11.695   -28.233    11.926 26367 0 0 10 9
t1   19   43   -11.973   -28.906     9.016 14079 0 0 10 8
t1   19   44   -12.251   -29.578     6.105 3071 0 0 10 7
t1   19   45   -12.530   -30.250     3.195 1704191 0 0 10 6
t1   19   46   -12.808   -30.922     0.284 3670271 0 0 10 5
t1   19   47   -13.087   -31.594    -2.626 5177599 0 0 10 4
t1   19   48   -13.365   -32.267    -5.536 6226175 0 0 10 3
t1   19   49   -13.644   -32.939    -8.447 6815999 0 0 10 2
t1   19   50   -13.922   -33.611   -11.357 6881535 0 0 10 1
t1   20    1    -0.404    -0.605   131.254 16711782 0 0 10 51
t1   20    2    -0.808    -1.210   128.343 16711768 0 0 10 52
t1   20    3    -1.213    -1.815   125.433 16711777 0 0 10 53
t1   20    4    -1.617    -2.420   122.522 16711809 0 0 10 54
t1   20    5    -2.021    -3.025   119.612 16711862 0 0 10 55
t1   20    6    -2.425    -3.630   116.702 16711933 0 0 10 56
t1   20    7    -2.830    -4.235   113.791 11075839 0 0 10 57
t1   20    8    -3.234    -4.840   110.881 4587775 0 0 10 58
t1   20    9    -3.638    -5.445   107.970 10239 0 0 10 59
t1   20   10    -4.042    -6.050   105.060 39423 0 0 10 60
t1   20   11    -4.447    -6.655   102.149 65521 0 0 10 61
t1   20   12    -4.851    -7.260    99.239 65406 0 0 10 62
t1   20   13    -5.255    -7.865    96.329 65295 0 0 10 63
t1   20   14    -5.659    -8.470    93.418 5963520 0 0 10 64
t1   20   15    -6.064    -9.075    90.508 12320512 0 0 10 65
t1   20   16    -6.468    -9.680    87.597 16771840 0 0 10 66
t1   20   17    -6.872   -10.285    84.687 16752384 0 0 10 67
t1   20   18    -7.276   -10.890    81.776 16735744 0 0 10 68
t1   20   19    -7.680   -11.495    78.866 16722176 0 0 10 69
t1   20   20    -8.085   -12.100    75.956 16711935 0 0 10 70
t1   20   21    -8.489   -12.705    73.045 16719104 0 0 10 71
t1   20   22    -8.893   -13.310    70.135 16723200 0 0 10 72
t1   20   23    -9.297   -13.915    67.224 16724480 0 0 10 73
t1   20   24    -9.702   -14.520    64.314 16723200 0 0 10 74
t1   20   25   -10.106   -15.125    61.403 16719104 0 0 10 75
t1   20   26   -10.510   -15.730    58.493 16712704 0 0 10 76
t1   20   27   -10.914   -16.335    55.583 16719360 0 0 10 77
t1   20   28   -11.319   -16.940    52.672 16729856 0 0 10 78
t1   20   29   -11.723   -17.545    49.762 16742144 0 0 10 79
t1   20   30   -12.127   -18.149    46.851 16755712 0 0 10 80
t1   20   31   -12.531   -18.754    43.941 16770560 0 0 10 81
t1   20   32   -12.936   -19.359    41.030 14352128 0 0 10 82
t1   20   33   -13.340   -19.964    38.120 10157824 0 0 10 83
t1   20   34   -13.744   -20.569    35.210 5832448 0 0 10 84
t1   20   35   -14.148   -21.174    32.299 1507072 0 0 10 85
t1   20   36   -14.553   -21.779    29.389 65325 0 0 10 86
t1   20   37   -14.957   -22.384    26.478 65390 0 0 10 87
t1   20   38   -15.361   -22.989    23.568 65454 0 0 10 88
t1   20   39   -15.765   -23.594    20.657 65515 0 0 10 89
t1   20   40   -16.169   -24.199    17.747 56063 0 0 10 90
t1   20   41   -16.574   -24.804    14.837 42239 0 0 10 91
t1   20   42   -16.978   -25.409    11.926 29951 0 0 10 92
t1   20   43   -17.382   -26.014     9.016 18687 0 0 10 93
t1   20   44   -17.786   -26.619     6.105 8959 0 0 10 94
t1   20   45   -18.191   -27.224     3.195 1023 0 0 10 95
t1   20   46   -18.595   -27.829     0.284 1442047 0 0 10 96
t1   20   47   -18.999   -28.434    -2.626 2621695 0 0 10 97
t1   20   48   -19.403   -29.039    -5.536 3342591 0 0 10 98
t1   20   49   -19.808   -29.644    -8.447 3604735 0 0 10 99
t1   20   50   -20.212   -30.249   -11.357 3342591 0 0 10 100
t1   21    1    -0.514    -0.514   131.254 16711745 0 0 11 50
t1   21    2    -1.029    -1.029   128.343 16711738 0 0 11 49
t1   21    3    -1.543    -1.543   125.433 16711753 0 0 11 48
t1   21    4    -2.058    -2.058   122.522 16711789 0 0 11 47
t1   21    5    -2.572    -2.572   119.612 16711845 0 0 11 46
t1   21    6    -3.087    -3.087   116.702 16711918 0 0 11 45
t1   21    7    -3.601    -3.601   113.791 12058879 0 0 11 44
t1   21    8    -4.116    -4.116   110.881 5505279 0 0 11 43
t1   21    9    -4.630    -4.630   107.970 6399 0 0 11 42
t1   21   10    -5.145    -5.145   105.060 35071 0 0 11 41
t1   21   11    -5.659    -5.659   102.149 64511 0 0 11 40
t1   21   12    -6.174    -6.174    99.239 65426 0 0 11 39
t1   21   13    -6.688    -6.688    96.329 65317 0 0 11 38
t1   21   14    -7.203    -7.203    93.418 4456192 0 0 11 37
t1   21   15    -7.717    -7.717    90.508 10682112 0 0 11 36
t1   21   16    -8.232    -8.232    87.597 16383744 0 0 11 35
t1   21   17    -8.746    -8.746    84.687 16759296 0 0 11 34
t1   21   18    -9.261    -9.261    81.776 16742656 0 0 11 33
t1   21   19    -9.775    -9.775    78.866 16729344 0 0 11 32
t1   21   20   -10.290   -10.290    75.956 16719104 0 0 11 31
t1   21   21   -10.804   -10.804    73.045 16711935 0 0 11 30
t1   21   22   -11.319   -11.319    70.135 16716032 0 0 11 29
t1   21   23   -11.833   -11.833    67.224 16717568 0 0 11 28
t1   21   24   -12.348   -12.348    64.314 16716032 0 0 11 27
t1   21   25   -12.862   -12.862    61.403 16712448 0 0 11 26
t1   21   26   -13.377   -13.377    58.493 16717312 0 0 11 25
t1   21   27   -13.891   -13.891    55.583 16725504 0 0 11 24
t1   21   28   -14.406   -14.406    52.672 16735744 0 0 11 23
t1   21   29   -14.920   -14.920    49.762 16747520 0 0 11 22
t1   21   30   -15.435   -15.435    46.851 16760576 0 0 11 21
t1   21   31   -15.949   -15.949    43.941 16774912 0 0 11 20
t1   21   32   -16.464   -16.464    41.030 13434624 0 0 11 19
t1   21   33   -16.978   -16.978    38.120 9371392 0 0 11 18
t1   21   34   -17.493   -17.493    35.210 5242624 0 0 11 17
t1   21   35   -18.007   -18.007    32.299 1113856 0 0 11 16
t1   21   36   -18.522   -18.522    29.389 65327 0 0 11 15
t1   21   37   -19.036   -19.036    26.478 65389 0 0 11 14
t1   21   38   -19.551   -19.551    23.568 65449 0 0 11 13
t1   21   39   -20.065   -20.065    20.657 65506 0 0 11 12
t1   21   40   -20.580   -20.580    17.747 59391 0 0 11 11
t1   21   41   -21.094   -21.094    14.837 46591 0 0 11 10
t1   21   42   -21.609   -21.609    11.926 35327 0 0 11 9
t1   21   43   -22.123   -22.123     9.016 25343 0 0 11 8
t1   21   44   -22.638   -22.638     6.105 16895 0 0 11 7
t1   21   45   -23.152   -23.152     3.195 9983 0 0 11 6
t1   21   46   -23.667   -23.667     0.284 4863 0 0 11 5
t1   21   47   -24.181   -24.181    -2.626 1535 0 0 11 4
t1   21   48   -24.696   -24.696    -5.536 65791 0 0 11 3
t1   21   49   -25.210   -25.210    -8.447 255 0 0 11 2
t1   21   50   -25.725   -25.725   -11.357 2303 0 0 11 1
t1   22    1    -0.605    -0.404   131.254 16711717 0 0 11 51
t1   22    2    -1.210    -0.808   128.343 16711717 0 0 11 52
t1   22    3    -1.815    -1.213   125.433 16711738 0 0 11 53
t1   22    4    -2.420    -1.617   122.522 16711779 0 0 11 54
t1   22    5    -3.025    -2.021   119.612 16711838 0 0 11 55
t1   22    6    -3.630    -2.425   116.702 16711914 0 0 11 56
t1   22    7    -4.235    -2.830   113.791 12255487 0 0 11 57
t1   22    8    -4.840    -3.234   110.881 5701887 0 0 11 58
t1   22    9    -5.445    -3.638   107.970 5375 0 0 11 59
t1   22   10    -6.050    -4.042   105.060 34047 0 0 11 60
t1   22   11    -6.655    -4.447   102.149 62975 0 0 11 61
t1   22   12    -7.260    -4.851    99.239 65434 0 0 11 62
t1   22   13    -7.865    -5.255    96.329 65326 0 0 11 63
t1   22   14    -8.470    -5.659    93.418 3735296 0 0 11 64
t1   22   15    -9.075    -6.064    90.508 9895680 0 0 11 65
t1   22   16    -9.680    -6.468    87.597 15466240 0 0 11 66
t1   22   17   -10.285    -6.872    84.687 16762880 0 0 11 67
t1   22   18   -10.890    -7.276    81.776 16746752 0 0 11 68
t1   22   19   -11.495    -7.680    78.866 16733440 0 0 11 69
t1   22   20   -12.100    -8.085    75.956 16723200 0 0 11 70
t1   22   21   -12.705    -8.489    73.045 16716032 0 0 11 71
t1   22   22   -13.310    -8.893    70.135 16711935 0 0 11 72
t1   22   23   -13.915    -9.297    67.224 16713216 0 0 11 73
t1   22   24   -14.520    -9.702    64.314 16711936 0 0 11 74
t1   22   25   -15.125   -10.106    61.403 16715008 0 0 11 75
t1   22   26   -15.730   -10.510    58.493 16720896 0 0 11 76
t1   22   27   -16.335   -10.914    55.583 16729088 0 0 11 77
t1   22   28   -16.940   -11.319    52.672 16738816 0 0 11 78
t1   22   29   -17.545   -11.723    49.762 16750080 0 0 11 79
t1   22   30   -18.149   -12.127    46.851 16762880 0 0 11 80
t1   22   31   -18.754   -12.531    43.941 16776704 0 0 11 81
t1   22   32   -19.359   -12.936    41.030 13106944 0 0 11 82
t1   22   33   -19.964   -13.340    38.120 9240320 0 0 11 83
t1   22   34   -20.569   -13.744    35.210 5308160 0 0 11 84
t1   22   35   -21.174   -14.148    32.299 1310464 0 0 11 85
t1   22   36   -21.779   -14.553    29.389 65321 0 0 11 86
t1   22   37   -22.384   -14.957    26.478 65380 0 0 11 87
t1   22   38   -22.989   -15.361    23.568 65436 0 0 11 88
t1   22   39   -23.594   -15.765    20.657 65489 0 0 11 89
t1   22   40   -24.199   -16.169    17.747 64767 0 0 11 90
t1   22   41   -24.804   -16.574    14.837 53247 0 0 11 91
t1   22   42   -25.409   -16.978    11.926 42751 0 0 11 92
t1   22   43   -26.014   -17.382     9.016 34047 0 0 11 93
t1   22   44   -26.619   -17.786     6.105 26623 0 0 11 94
t1   22   45   -27.224   -18.191     3.195 20991 0 0 11 95
t1   22   46   -27.829   -18.595     0.284 16895 0 0 11 96
t1   22   47   -28.434   -18.999    -2.626 14591 0 0 11 97
t1   22   48   -29.039   -19.403    -5.536 14079 0 0 11 98
t1   22   49   -29.644   -19.808    -8.447 15615 0 0 11 99
t1   22   50   -30.249   -20.212   -11.357 18943 0 0 11 100
t1   23    1    -0.672    -0.278   131.254 16711698 0 0 12 50
t1   23    2    -1.344    -0.557   128.343 16711705 0 0 12 49
t1   23    3    -2.017    -0.835   125.433 16711732 0 0 12 48
t1   23    4    -2.689    -1.114   122.522 16711778 0 0 12 47
t1   23    5    -3.361    -1.392   119.612 16711841 0 0 12 46
t1   23    6    -4.033    -1.671   116.702 16711919 0 0 12 45
t1   23    7    -4.706    -1.949   113.791 11796735 0 0 12 44
t1   23    8    -5.378    -2.228   110.881 5177599 0 0 12 43
t1   23    9    -6.050    -2.506   107.970 7423 0 0 12 42
t1   23   10    -6.722    -2.784   105.060 35839 0 0 12 41
t1   23   11    -7.394    -3.063   102.149 64511 0 0 12 40
t1   23   12    -8.067    -3.341    99.239 65429 0 0 12 39
t1   23   13    -8.739    -3.620    96.329 65323 0 0 12 38
t1   23   14    -9.411    -3.898    93.418 3866368 0 0 12 37
t1   23   15   -10.083    -4.177    90.508 9895680 0 0 12 36
t1   23   16   -10.756    -4.455    87.597 15400704 0 0 12 35
t1   23   17   -11.428    -4.734    84.687 16763648 0 0 12 34
t1   23   18   -12.100    -5.012    81.776 16747776 0 0 12 33
t1   23   19   -12.772    -5.290    78.866 16734720 0 0 12 32
t1   23   20   -13.444    -5.569    75.956 16724480 0 0 12 31
t1   23   21   -14.117    -5.847    73.045 16717568 0 0 12 30
t1   23   22   -14.789    -6.126    70.135 16713216 0 0 12 29
t1   23   23   -15.461    -6.404    67.224 16711935 0 0 12 28
t1   23   24   -16.133    -6.683    64.314 16712704 0 0 12 27
t1   23   25   -16.806    -6.961    61.403 16716288 0 0 12 26
t1   23   26   -17.478    -7.240    58.493 16722176 0 0 12 25
t1   23   27   -18.150    -7.518    55.583 16729856 0 0 12 24
t1   23   28   -18.822    -7.796    52.672 16739328 0 0 12 23
t1   23   29   -19.494    -8.075    49.762 16750592 0 0 12 22
t1   23   30   -20.167    -8.353    46.851 16762880 0 0 12 21
t1   23   31   -20.839    -8.632    43.941 16776192 0 0 12 20
t1   23   32   -21.511    -8.910    41.030 13369088 0 0 12 19
t1   23   33   -22.183    -9.189    38.120 9633536 0 0 12 18
t1   23   34   -22.856    -9.467    35.210 5897984 0 0 12 17
t1   23   35   -23.528    -9.746    32.299 2096896 0 0 12 16
t1   23   36   -24.200   -10.024    29.389 65306 0 0 12 15
t1   23   37   -24.872   -10.302    26.478 65362 0 0 12 14
t1   23   38   -25.544   -10.581    23.568 65415 0 0 12 13
t1   23   39   -26.217   -10.859    20.657 65464 0 0 12 12
t1   23   40   -26.889   -11.138    17.747 65510 0 0 12 11
t1   23   41   -27.561   -11.416    14.837 61439 0 0 12 10
t1   23   42   -28.233   -11.695    11.926 51967 0 0 12 9
t1   23   43   -28.906   -11.973     9.016 44287 0 0 12 8
t1   23   44   -29.578   -12.251     6.105 37887 0 0 12 7
t1   23   45   -30.250   -12.530     3.195 33279 0 0 12 6
t1   23   46   -30.922   -12.808     0.284 30207 0 0 12 5
t1   23   47   -31.594   -13.087    -2.626 28927 0 0 12 4
t1   23   48   -32.267   -13.365    -5.536 29695 0 0 12 3
t1   23   49   -32.939   -13.644    -8.447 31999 0 0 12 2
t1   23   50   -33.611   -13.922   -11.357 36351 0 0 12 1
t1   24    1    -0.714    -0.142   131.254 16711687 0 0 12 51
t1   24    2    -1.427    -0.284   128.343 16711702 0 0 12 52
t1   24    3    -2.141    -0.426   125.433 16711735 0 0 12 53
t1   24    4    -2.855    -0.568   122.522 16711787 0 0 12 54
t1   24    5    -3.568    -0.710   119.612 16711854 0 0 12 55
t1   24    6    -4.282    -0.852   116.702 16711935 0 0 12 56
t1   24    7    -4.995    -0.994   113.791 10617087 0 0 12 57
t1   24    8    -5.709    -1.136   110.881 3997951 0 0 12 58
t1   24    9    -6.423    -1.278   107.970 12031 0 0 12 59
t1   24   10    -7.136    -1.419   105.060 40447 0 0 12 60
t1   24   11    -7.850    -1.561   102.149 65522 0 0 12 61
t1   24   12    -8.564    -1.703    99.239 65413 0 0 12 62
t1   24   13    -9.277    -1.845    96.329 65308 0 0 12 63
t1   24   14    -9.991    -1.987    93.418 4718336 0 0 12 64
t1   24   15   -10.704    -2.129    90.508 10682112 0 0 12 65
t1   24   16   -11.418    -2.271    87.597 16056064 0 0 12 66
t1   24   17   -12.132    -2.413    84.687 16761344 0 0 12 67
t1   24   18   -12.845    -2.555    81.776 16745728 0 0 12 68
t1   24   19   -13.559    -2.697    78.866 16732928 0 0 12 69
t1   24   20   -14.273    -2.839    75.956 16723200 0 0 12 70
t1   24   21   -14.986    -2.981    73.045 16716032 0 0 12 71
t1   24   22   -15.700    -3.123    70.135 16711936 0 0 12 72
t1   24   23   -16.413    -3.265    67.224 16712704 0 0 12 73
t1   24   24   -17.127    -3.407    64.314 16711935 0 0 12 74
t1   24   25   -17.841    -3.549    61.403 16715264 0 0 12 75
t1   24   26   -18.554    -3.691    58.493 16720896 0 0 12 76
t1   24   27   -19.268    -3.833    55.583 16728320 0 0 12 77
t1   24   28   -19.982    -3.975    52.672 16737792 0 0 12 78
t1   24   29   -20.695    -4.117    49.762 16748544 0 0 12 79
t1   24   30   -21.409    -4.258    46.851 16760576 0 0 12 80
t1   24   31   -22.122    -4.400    43.941 16773376 0 0 12 81
t1   24   32   -22.836    -4.542    41.030 14221056 0 0 12 82
t1   24   33   -23.550    -4.684    38.120 10616576 0 0 12 83
t1   24   34   -24.263    -4.826    35.210 7012096 0 0 12 84
t1   24   35   -24.977    -4.968    32.299 3342080 0 0 12 85
t1   24   36   -25.691    -5.110    29.389 65284 0 0 12 86
t1   24   37   -26.404    -5.252    26.478 65337 0 0 12 87
t1   24   38   -27.118    -5.394    23.568 65387 0 0 12 88
t1   24   39   -27.831    -5.536    20.657 65433 0 0 12 89
t1   24   40   -28.545    -5.678    17.747 65475 0 0 12 90
t1   24   41   -29.259    -5.820    14.837 65513 0 0 12 91
t1   24   42   -29.972    -5.962    11.926 62719 0 0 12 92
t1   24   43   -30.686    -6.104     9.016 55807 0 0 12 93
t1   24   44   -31.400    -6.246     6.105 50431 0 0 12 94
t1   24   45   -32.113    -6.388     3.195 46847 0 0 12 95
t1   24   46   -32.827    -6.530     0.284 44799 0 0 12 96
t1   24   47   -33.540    -6.672    -2.626 44543 0 0 12 97
t1   24   48   -34.254    -6.814    -5.536 46079 0 0 12 98
t1   24   49   -34.968    -6.956    -8.447 49407 0 0 12 99
t1   24   50   -35.681    -7.097   -11.357 54527 0 0 12 100
t1   25    1    -0.728     0.000   131.254 16711686 0 0 13 50
t1   25    2    -1.455     0.000   128.343 16711708 0 0 13 49
t1   25    3    -2.183     0.000   125.433 16711748 0 0 13 48
t1   25    4    -2.910     0.000   122.522 16711805 0 0 13 47
t1   25    5    -3.638     0.000   119.612 16711876 0 0 13 46
t1   25    6    -4.366     0.000   116.702 15007999 0 0 13 45
t1   25    7    -5.093     0.000   113.791 8847615 0 0 13 44
t1   25    8    -5.821     0.000   110.881 2097407 0 0 13 43
t1   25    9    -6.548     0.000   107.970 19711 0 0 13 42
t1   25   10    -7.276     0.000   105.060 47871 0 0 13 41
t1   25   11    -8.004     0.000   102.149 65494 0 0 13 40
t1   25   12    -8.731     0.000    99.239 65386 0 0 13 39
t1   25   13    -9.459     0.000    96.329 65282 0 0 13 38
t1   25   14   -10.186     0.000    93.418 6291200 0 0 13 37
t1   25   15   -10.914     0.000    90.508 12123904 0 0 13 36
t1   25   16   -11.642     0.000    87.597 16774400 0 0 13 35
t1   25   17   -12.369     0.000    84.687 16756480 0 0 13 34
t1   25   18   -13.097     0.000    81.776 16741120 0 0 13 33
t1   25   19   -13.825     0.000    78.866 16728576 0 0 13 32
t1   25   20   -14.552     0.000    75.956 16719104 0 0 13 31
t1   25   21   -15.280     0.000    73.045 16712448 0 0 13 30
t1   25   22   -16.007     0.000    70.135 16715008 0 0 13 29
t1   25   23   -16.735     0.000    67.224 16716288 0 0 13 28
t1   25   24   -17.463     0.000    64.314 16715264 0 0 13 27
t1   25   25   -18.190     0.000    61.403 16711935 0 0 13 26
t1   25   26   -18.918     0.000    58.493 16717312 0 0 13 25
t1   25   27   -19.645     0.000    55.583 16724736 0 0 13 24
t1   25   28   -20.373     0.000    52.672 16733952 0 0 13 23
t1   25   29   -21.101     0.000    49.762 16744448 0 0 13 22
t1   25   30   -21.828     0.000    46.851 16755968 0 0 13 21
t1   25   31   -22.556     0.000    43.941 16768768 0 0 13 20
t1   25   32   -23.283     0.000    41.030 15531776 0 0 13 19
t1   25   33   -24.011     0.000    38.120 12058368 0 0 13 18
t1   25   34   -24.739     0.000    35.210 8584960 0 0 13 17
t1   25   35   -25.466     0.000    32.299 5046016 0 0 13 16
t1   25   36   -26.194     0.000    29.389 1638144 0 0 13 15
t1   25   37   -26.921     0.000    26.478 65305 0 0 13 14
t1   25   38   -27.649     0.000    23.568 65352 0 0 13 13
t1   25   39   -28.377     0.000    20.657 65396 0 0 13 12
t1   25   40   -29.104     0.000    17.747 65435 0 0 13 11
t1   25   41   -29.832     0.000    14.837 65470 0 0 13 10
t1   25   42   -30.559     0.000    11.926 65499 0 0 13 9
t1   25   43   -31.287     0.000     9.016 65523 0 0 13 8
t1   25   44   -32.015     0.000     6.105 64255 0 0 13 7
t1   25   45   -32.742     0.000     3.195 61439 0 0 13 6
t1   25   46   -33.470     0.000     0.284 60159 0 0 13 5
t1   25   47   -34.198     0.000    -2.626 60671 0 0 13 4
t1   25   48   -34.925     0.000    -5.536 63231 0 0 13 3
t1   25   49   -35.653     0.000    -8.447 65528 0 0 13 2
t1   25   50   -36.380     0.000   -11.357 65505 0 0 13 1
t1   26    1    -0.714     0.142   131.254 16711693 0 0 13 51
t1   26    2    -1.427     0.284   128.343 16711723 0 0 13 52
t1   26    3    -2.141     0.426   125.433 16711770 0 0 13 53
t1   26    4    -2.855     0.568   122.522 16711832 0 0 13 54
t1   26    5    -3.568     0.710   119.612 16711908 0 0 13 55
t1   26    6    -4.282     0.852   116.702 12714239 0 0 13 56
t1   26    7    -4.995     0.994   113.791 6357247 0 0 13 57
t1   26    8    -5.709     1.136   110.881 1791 0 0 13 58
t1   26    9    -6.423     1.278   107.970 29695 0 0 13 59
t1   26   10    -7.136     1.419   105.060 57855 0 0 13 60
t1   26   11    -7.850     1.561   102.149 65456 0 0 13 61
t1   26   12    -8.564     1.703    99.239 65349 0 0 13 62
t1   26   13    -9.277     1.845    96.329 2227968 0 0 13 63
t1   26   14    -9.991     1.987    93.418 8519424 0 0 13 64
t1   26   15   -10.704     2.129    90.508 14286592 0 0 13 65
t1   26   16   -11.418     2.271    87.597 16766464 0 0 13 66
t1   26   17   -12.132     2.413    84.687 16749056 0 0 13 67
t1   26   18   -12.845     2.555    81.776 16733952 0 0 13 68
t1   26   19   -13.559     2.697    78.866 16721920 0 0 13 69
t1   26   20   -14.273     2.839    75.956 16712704 0 0 13 70
t1   26   21   -14.986     2.981    73.045 16717312 0 0 13 71
t1   26   22   -15.700     3.123    70.135 16720896 0 0 13 72
t1   26   23   -16.413     3.265    67.224 16722176 0 0 13 73
t1   26   24   -17.127     3.407    64.314 16720896 0 0 13 74
t1   26   25   -17.841     3.549    61.403 16717312 0 0 13 75
t1   26   26   -18.554     3.691    58.493 16711935 0 0 13 76
t1   26   27   -19.268     3.833    55.583 16719104 0 0 13 77
t1   26   28   -19.982     3.975    52.672 16728064 0 0 13 78
t1   26   29   -20.695     4.117    49.762 16738560 0 0 13 79
t1   26   30   -21.409     4.258    46.851 16749824 0 0 13 80
t1   26   31   -22.122     4.400    43.941 16762112 0 0 13 81
t1   26   32   -22.836     4.542    41.030 16774912 0 0 13 82
t1   26   33   -23.550     4.684    38.120 13893376 0 0 13 83
t1   26   34   -24.263     4.826    35.210 10551040 0 0 13 84
t1   26   35   -24.977     4.968    32.299 7208704 0 0 13 85
t1   26   36   -25.691     5.110    29.389 3931904 0 0 13 86
t1   26   37   -26.404     5.252    26.478 786176 0 0 13 87
t1   26   38   -27.118     5.394    23.568 65313 0 0 13 88
t1   26   39   -27.831     5.536    20.657 65354 0 0 13 89
t1   26   40   -28.545     5.678    17.747 65390 0 0 13 90
t1   26   41   -29.259     5.820    14.837 65422 0 0 13 91
t1   26   42   -29.972     5.962    11.926 65448 0 0 13 92
t1   26   43   -30.686     6.104     9.016 65469 0 0 13 93
t1   26   44   -31.400     6.246     6.105 65484 0 0 13 94
t1   26   45   -32.113     6.388     3.195 65492 0 0 13 95
t1   26   46   -32.827     6.530     0.284 65493 0 0 13 96
t1   26   47   -33.540     6.672    -2.626 65488 0 0 13 97
t1   26   48   -34.254     6.814    -5.536 65476 0 0 13 98
t1   26   49   -34.968     6.956    -8.447 65457 0 0 13 99
t1   26   50   -35.681     7.097   -11.357 65432 0 0 13 100
t1   27    1    -0.672     0.278   131.254 16711709 0 0 14 50
t1   27    2    -1.344     0.557   128.343 16711747 0 0 14 49
t1   27    3    -2.017     0.835   125.433 16711800 0 0 14 48
t1   27    4    -2.689     1.114   122.522 16711868 0 0 14 47
t1   27    5    -3.361     1.392   119.612 15794431 0 0 14 46
t1   27    6    -4.033     1.671   116.702 9896191 0 0 14 45
t1   27    7    -4.706     1.949   113.791 3342591 0 0 14 44
t1   27    8    -5.378     2.228   110.881 14079 0 0 14 43
t1   27    9    -6.050     2.506   107.970 41983 0 0 14 42
t1   27   10    -6.722     2.784   105.060 65517 0 0 14 41
t1   27   11    -7.394     3.063   102.149 65408 0 0 14 40
t1   27   12    -8.067     3.341    99.239 65302 0 0 14 39
t1   27   13    -8.739     3.620    96.329 5177088 0 0 14 38
t1   27   14    -9.411     3.898    93.418 11403008 0 0 14 37
t1   27   15   -10.083     4.177    90.508 16775936 0 0 14 36
t1   27   16   -10.756     4.455    87.597 16756224 0 0 14 35
t1   27   17   -11.428     4.734    84.687 16739072 0 0 14 34
t1   27   18   -12.100     5.012    81.776 16724736 0 0 14 33
t1   27   19   -12.772     5.290    78.866 16712960 0 0 14 32
t1   27   20   -13.444     5.569    75.956 16719360 0 0 14 31
t1   27   21   -14.117     5.847    73.045 16725504 0 0 14 30
t1   27   22   -14.789     6.126    70.135 16729088 0 0 14 29
t1   27   23   -15.461     6.404    67.224 16729856 0 0 14 28
t1   27   24   -16.133     6.683    64.314 16728320 0 0 14 27
t1   27   25   -16.806     6.961    61.403 16724736 0 0 14 26
t1   27   26   -17.478     7.240    58.493 16719104 0 0 14 25
t1   27   27   -18.150     7.518    55.583 16711935 0 0 14 24
t1   27   28   -18.822     7.796    52.672 16720640 0 0 14 23
t1   27   29   -19.494     8.075    49.762 16730880 0 0 14 22
t1   27   30   -20.167     8.353    46.851 16742144 0 0 14 21
t1   27   31   -20.839     8.632    43.941 16754176 0 0 14 20
t1   27   32   -21.511     8.910    41.030 16766720 0 0 14 19
t1   27   33   -22.183     9.189    38.120 16121600 0 0 14 18
t1   27   34   -22.856     9.467    35.210 12844800 0 0 14 17
t1   27   35   -23.528     9.746    32.299 9633536 0 0 14 16
t1   27   36   -24.200    10.024    29.389 6487808 0 0 14 15
t1   27   37   -24.872    10.302    26.478 3538688 0 0 14 14
t1   27   38   -25.544    10.581    23.568 720640 0 0 14 13
t1   27   39   -26.217    10.859    20.657 65308 0 0 14 12
t1   27   40   -26.889    11.138    17.747 65342 0 0 14 11
t1   27   41   -27.561    11.416    14.837 65371 0 0 14 10
t1   27   42   -28.233    11.695    11.926 65395 0 0 14 9
t1   27   43   -28.906    11.973     9.016 65413 0 0 14 8
t1   27   44   -29.578    12.251     6.105 65424 0 0 14 7
t1   27   45   -30.250    12.530     3.195 65430 0 0 14 6
t1   27   46   -30.922    12.808     0.284 65429 0 0 14 5
t1   27   47   -31.594    13.087    -2.626 65421 0 0 14 4
t1   27   48   -32.267    13.365    -5.536 65406 0 0 14 3
t1   27   49   -32.939    13.644    -8.447 65385 0 0 14 2
t1   27   50   -33.611    13.922   -11.357 65358 0 0 14 1
t1   28    1    -0.605     0.404   131.254 16711735 0 0 14 51
t1   28    2    -1.210     0.808   128.343 16711780 0 0 14 52
t1   28    3    -1.815     1.213   125.433 16711840 0 0 14 53
t1   28    4    -2.420     1.617   122.522 16711913 0 0 14 54
t1   28    5    -3.025     2.021   119.612 12583167 0 0 14 55
t1   28    6    -3.630     2.425   116.702 6422783 0 0 14 56
t1   28    7    -4.235     2.830   113.791 1279 0 0 14 57
t1   28    8    -4.840     3.234   110.881 28415 0 0 14 58
t1   28    9    -5.445     3.638   107.970 56575 0 0 14 59
t1   28   10    -6.050     4.042   105.060 65460 0 0 14 60
t1   28   11    -6.655     4.447   102.149 65352 0 0 14 61
t1   28   12    -7.260     4.851    99.239 2227968 0 0 14 62
t1   28   13    -7.865     5.255    96.329 8716032 0 0 14 63
t1   28   14    -8.470     5.659    93.418 14810880 0 0 14 64
t1   28   15    -9.075     6.064    90.508 16763136 0 0 14 65
t1   28   16    -9.680     6.468    87.597 16743936 0 0 14 66
t1   28   17   -10.285     6.872    84.687 16727296 0 0 14 67
t1   28   18   -10.890     7.276    81.776 16713216 0 0 14 68
t1   28   19   -11.495     7.680    78.866 16721408 0 0 14 69
t1   28   20   -12.100     8.085    75.956 16729856 0 0 14 70
t1   28   21   -12.705     8.489    73.045 16735744 0 0 14 71
t1   28   22   -13.310     8.893    70.135 16738816 0 0 14 72
t1   28   23   -13.915     9.297    67.224 16739328 0 0 14 73
t1   28   24   -14.520     9.702    64.314 16737792 0 0 14 74
t1   28   25   -15.125    10.106    61.403 16733952 0 0 14 75
t1   28   26   -15.730    10.510    58.493 16728064 0 0 14 76
t1   28   27   -16.335    10.914    55.583 16720640 0 0 14 77
t1   28   28   -16.940    11.319    52.672 16711935 0 0 14 78
t1   28   29   -17.545    11.723    49.762 16721920 0 0 14 79
t1   28   30   -18.149    12.127    46.851 16732928 0 0 14 80
t1   28   31   -18.754    12.531    43.941 16744704 0 0 14 81
t1   28   32   -19.359    12.936    41.030 16756992 0 0 14 82
t1   28   33   -19.964    13.340    38.120 16769536 0 0 14 83
t1   28   34   -20.569    13.744    35.210 15466240 0 0 14 84
t1   28   35   -21.174    14.148    32.299 12320512 0 0 14 85
t1   28   36   -21.779    14.553    29.389 9305856 0 0 14 86
t1   28   37   -22.384    14.957    26.478 6422272 0 0 14 87
t1   28   38   -22.989    15.361    23.568 3800832 0 0 14 88
t1   28   39   -23.594    15.765    20.657 1441536 0 0 14 89
t1   28   40   -24.199    16.169    17.747 65291 0 0 14 90
t1   28   41   -24.804    16.574    14.837 65318 0 0 14 91
t1   28   42   -25.409    16.978    11.926 65339 0 0 14 92
t1   28   43   -26.014    17.382     9.016 65354 0 0 14 93
t1   28   44   -26.619    17.786     6.105 65364 0 0 14 94
t1   28   45   -27.224    18.191     3.195 65367 0 0 14 95
t1   28   46   -27.829    18.595     0.284 65363 0 0 14 96
t1   28   47   -28.434    18.999    -2.626 65354 0 0 14 97
t1   28   48   -29.039    19.403    -5.536 65337 0 0 14 98
t1   28   49   -29.644    19.808    -8.447 65314 0 0 14 99
t1   28   50   -30.249    20.212   -11.357 65285 0 0 14 100
t1   29    1    -0.514     0.514   131.254 16711769 0 0 15 50
t1   29    2    -1.029     1.029   128.343 16711821 0 0 15 49
t1   29    3    -1.543     1.543   125.433 16711888 0 0 15 48
t1   29    4    -2.058     2.058   122.522 14680319 0 0 15 47
t1   29    5    -2.572     2.572   119.612 8847615 0 0 15 46
t1   29    6    -3.087     3.087   116.702 2425087 0 0 15 45
t1   29    7    -3.601     3.601   113.791 17407 0 0 15 44
t1   29    8    -4.116     4.116   110.881 45055 0 0 15 43
t1   29    9    -4.630     4.630   107.970 65505 0 0 15 42
t1   29   10    -5.145     5.145   105.060 65396 0 0 15 41
t1   29   11    -5.659     5.659   102.149 65288 0 0 15 40
t1   29   12    -6.174     6.174    99.239 6356736 0 0 15 39
t1   29   13    -6.688     6.688    96.329 12779264 0 0 15 38
t1   29   14    -7.203     7.203    93.418 16769536 0 0 15 37
t1   29   15    -7.717     7.717    90.508 16748288 0 0 15 36
t1   29   16    -8.232     8.232    87.597 16729600 0 0 15 35
t1   29   17    -8.746     8.746    84.687 16713472 0 0 15 34
t1   29   18    -9.261     9.261    81.776 16723200 0 0 15 33
t1   29   19    -9.775     9.775    78.866 16733952 0 0 15 32
t1   29   20   -10.290    10.290    75.956 16742144 0 0 15 31
t1   29   21   -10.804    10.804    73.045 16747520 0 0 15 30
t1   29   22   -11.319    11.319    70.135 16750080 0 0 15 29
t1   29   23   -11.833    11.833    67.224 16750592 0 0 15 28
t1   29   24   -12.348    12.348    64.314 16748544 0 0 15 27
t1   29   25   -12.862    12.862    61.403 16744448 0 0 15 26
t1   29   26   -13.377    13.377    58.493 16738560 0 0 15 25
t1   29   27   -13.891    13.891    55.583 16730880 0 0 15 24
t1   29   28   -14.406    14.406    52.672 16721920 0 0 15 23
t1   29   29   -14.920    14.920    49.762 16711935 0 0 15 22
t1   29   30   -15.435    15.435    46.851 16722688 0 0 15 21
t1   29   31   -15.949    15.949    43.941 16734464 0 0 15 20
t1   29   32   -16.464    16.464    41.030 16746496 0 0 15 19
t1   29   33   -16.978    16.978    38.120 16758784 0 0 15 18
t1   29   34   -17.493    17.493    35.210 16771072 0 0 15 17
t1   29   35   -18.007    18.007    32.299 15204096 0 0 15 16
t1   29   36   -18.522    18.522    29.389 12320512 0 0 15 15
t1   29   37   -19.036    19.036    26.478 9568000 0 0 15 14
t1   29   38   -19.551    19.551    23.568 7012096 0 0 15 13
t1   29   39   -20.065    20.065    20.657 4783872 0 0 15 12
t1   29   40   -20.580    20.580    17.747 2817792 0 0 15 11
t1   29   41   -21.094    21.094    14.837 1179392 0 0 15 10
t1   29   42   -21.609    21.609    11.926 65282 0 0 15 9
t1   29   43   -22.123    22.123     9.016 65295 0 0 15 8
t1   29   44   -22.638    22.638     6.105 65303 0 0 15 7
t1   29   45   -23.152    23.152     3.195 65304 0 0 15 6
t1   29   46   -23.667    23.667     0.284 65298 0 0 15 5
t1   29   47   -24.181    24.181    -2.626 65287 0 0 15 4
t1   29   48   -24.696    24.696    -5.536 851712 0 0 15 3
t1   29   49   -25.210    25.210    -8.447 2424576 0 0 15 2
t1   29   50   -25.725    25.725   -11.357 4456192 0 0 15 1
t1   30    1    -0.404     0.605   131.254 16711811 0 0 15 51
t1   30    2    -0.808     1.210   128.343 16711871 0 0 15 52
t1   30    3    -1.213     1.815   125.433 16187647 0 0 15 53
t1   30    4    -1.617     2.420   122.522 10682623 0 0 15 54
t1   30    5    -2.021     3.025   119.612 4587775 0 0 15 55
t1   30    6    -2.425     3.630   116.702 8191 0 0 15 56
t1   30    7    -2.830     4.235   113.791 35327 0 0 15 57
t1   30    8    -3.234     4.840   110.881 63231 0 0 15 58
t1   30    9    -3.638     5.445   107.970 65433 0 0 15 59
t1   30   10    -4.042     6.050   105.060 65324 0 0 15 60
t1   30   11    -4.447     6.655   102.149 4194048 0 0 15 61
t1   30   12    -4.851     7.260    99.239 10944256 0 0 15 62
t1   30   13    -5.255     7.865    96.329 16775168 0 0 15 63
t1   30   14    -5.659     8.470    93.418 16752384 0 0 15 64
t1   30   15    -6.064     9.075    90.508 16731904 0 0 15 65
t1   30   16    -6.468     9.680    87.597 16713728 0 0 15 66
t1   30   17    -6.872    10.285    84.687 16725248 0 0 15 67
t1   30   18    -7.276    10.890    81.776 16738048 0 0 15 68
t1   30   19    -7.680    11.495    78.866 16748288 0 0 15 69
t1   30   20    -8.085    12.100    75.956 16755712 0 0 15 70
t1   30   21    -8.489    12.705    73.045 16760576 0 0 15 71
t1   30   22    -8.893    13.310    70.135 16762880 0 0 15 72
t1   30   23    -9.297    13.915    67.224 16762880 0 0 15 73
t1   30   24    -9.702    14.520    64.314 16760576 0 0 15 74
t1   30   25   -10.106    15.125    61.403 16755968 0 0 15 75
t1   30   26   -10.510    15.730    58.493 16749824 0 0 15 76
t1   30   27   -10.914    16.335    55.583 16742144 0 0 15 77
t1   30   28   -11.319    16.940    52.672 16732928 0 0 15 78
t1   30   29   -11.723    17.545    49.762 16722688 0 0 15 79
t1   30   30   -12.127    18.149    46.851 16711935 0 0 15 80
t1   30   31   -12.531    18.754    43.941 16723456 0 0 15 81
t1   30   32   -12.936    19.359    41.030 16735232 0 0 15 82
t1   30   33   -13.340    19.964    38.120 16747520 0 0 15 83
t1   30   34   -13.744    20.569    35.210 16759552 0 0 15 84
t1   30   35   -14.148    21.174    32.299 16771072 0 0 15 85
t1   30   36   -14.553    21.779    29.389 15400704 0 0 15 86
t1   30   37   -14.957    22.384    26.478 12779264 0 0 15 87
t1   30   38   -15.361    22.989    23.568 10354432 0 0 15 88
t1   30   39   -15.765    23.594    20.657 8191744 0 0 15 89
t1   30   40   -16.169    24.199    17.747 6356736 0 0 15 90
t1   30   41   -16.574    24.804    14.837 4849408 0 0 15 91
t1   30   42   -16.978    25.409    11.926 3669760 0 0 15 92
t1   30   43   -17.382    26.014     9.016 2948864 0 0 15 93
t1   30   44   -17.786    26.619     6.105 2555648 0 0 15 94
t1   30   45   -18.191    27.224     3.195 2621184 0 0 15 95
t1   30   46   -18.595    27.829     0.284 3079936 0 0 15 96
t1   30   47   -18.999    28.434    -2.626 3931904 0 0 15 97
t1   30   48   -19.403    29.039    -5.536 5177088 0 0 15 98
t1   30   49   -19.808    29.644    -8.447 6881024 0 0 15 99
t1   30   50   -20.212    30.249   -11.357 8978176 0 0 15 100
t1   31    1    -0.278     0.672   131.254 16711862 0 0 16 50
t1   31    2    -0.557     1.344   128.343 16711929 0 0 16 49
t1   31    3    -0.835     2.017   125.433 11993343 0 0 16 48
t1   31    4    -1.114     2.689   122.522 6160639 0 0 16 47
t1   31    5    -1.392     3.361   119.612 1023 0 0 16 46
t1   31    6    -1.671     4.033   116.702 27391 0 0 16 45
t1   31    7    -1.949     4.706   113.791 55039 0 0 16 44
t1   31    8    -2.228     5.378   110.881 65465 0 0 16 43
t1   31    9    -2.506     6.050   107.970 65354 0 0 16 42
t1   31   10    -2.784     6.722   105.060 2359040 0 0 16 41
t1   31   11    -3.063     7.394   102.149 9305856 0 0 16 40
t1   31   12    -3.341     8.067    99.239 15924992 0 0 16 39
t1   31   13    -3.620     8.739    96.329 16756224 0 0 16 38
t1   31   14    -3.898     9.411    93.418 16733952 0 0 16 37
t1   31   15    -4.177    10.083    90.508 16713984 0 0 16 36
t1   31   16    -4.455    10.756    87.597 16726784 0 0 16 35
t1   31   17    -4.734    11.428    84.687 16741888 0 0 16 34
t1   31   18    -5.012    12.100    81.776 16754176 0 0 16 33
t1   31   19    -5.290    12.772    78.866 16763648 0 0 16 32
t1   31   20    -5.569    13.444    75.956 16770560 0 0 16 31
t1   31   21    -5.847    14.117    73.045 16774912 0 0 16 30
t1   31   22    -6.126    14.789    70.135 16776704 0 0 16 29
t1   31   23    -6.404    15.461    67.224 16776192 0 0 16 28
t1   31   24    -6.683    16.133    64.314 16773376 0 0 16 27
t1   31   25    -6.961    16.806    61.403 16768768 0 0 16 26
t1   31   26    -7.240    17.478    58.493 16762112 0 0 16 25
t1   31   27    -7.518    18.150    55.583 16754176 0 0 16 24
t1   31   28    -7.796    18.822    52.672 16744704 0 0 16 23
t1   31   29    -8.075    19.494    49.762 16734464 0 0 16 22
t1   31   30    -8.353    20.167    46.851 16723456 0 0 16 21
t1   31   31    -8.632    20.839    43.941 16711935 0 0 16 20
t1   31   32    -8.910    21.511    41.030 16723712 0 0 16 19
t1   31   33    -9.189    22.183    38.120 16735744 0 0 16 18
t1   31   34    -9.467    22.856    35.210 16747520 0 0 16 17
t1   31   35    -9.746    23.528    32.299 16759040 0 0 16 16
t1   31   36   -10.024    24.200    29.389 16769792 0 0 16 15
t1   31   37   -10.302    24.872    26.478 16056064 0 0 16 14
t1   31   38   -10.581    25.544    23.568 13696768 0 0 16 13
t1   31   39   -10.859    26.217    20.657 11599616 0 0 16 12
t1   31   40   -11.138    26.889    17.747 9830144 0 0 16 11
t1   31   41   -11.416    27.561    14.837 8453888 0 0 16 10
t1   31   42   -11.695    28.233    11.926 7405312 0 0 16 9
t1   31   43   -11.973    28.906     9.016 6749952 0 0 16 8
t1   31   44   -12.251    29.578     6.105 6487808 0 0 16 7
t1   31   45   -12.530    30.250     3.195 6618880 0 0 16 6
t1   31   46   -12.808    30.922     0.284 7143168 0 0 16 5
t1   31   47   -13.087    31.594    -2.626 8060672 0 0 16 4
t1   31   48   -13.365    32.267    -5.536 9436928 0 0 16 3
t1   31   49   -13.644    32.939    -8.447 11206400 0 0 16 2
t1   31   50   -13.922    33.611   -11.357 13303552 0 0 16 1
t1   32    1    -0.142     0.714   131.254 16711920 0 0 16 51
t1   32    2    -0.284     1.427   128.343 12845311 0 0 16 52
t1   32    3    -0.426     2.141   125.433 7340287 0 0 16 53
t1   32    4    -0.568     2.855   122.522 1179903 0 0 16 54
t1   32    5    -0.710     3.568   119.612 21247 0 0 16 55
t1   32    6    -0.852     4.282   116.702 48383 0 0 16 56
t1   32    7    -0.994     4.995   113.791 65492 0 0 16 57
t1   32    8    -1.136     5.709   110.881 65381 0 0 16 58
t1   32    9    -1.278     6.423   107.970 720640 0 0 16 59
t1   32   10    -1.419     7.136   105.060 7864064 0 0 16 60
t1   32   11    -1.561     7.850   102.149 14745344 0 0 16 61
t1   32   12    -1.703     8.564    99.239 16759552 0 0 16 62
t1   32   13    -1.845     9.277    96.329 16735744 0 0 16 63
t1   32   14    -1.987     9.991    93.418 16714240 0 0 16 64
t1   32   15    -2.129    10.704    90.508 16728576 0 0 16 65
t1   32   16    -2.271    11.418    87.597 16745216 0 0 16 66
t1   32   17    -2.413    12.132    84.687 16759552 0 0 16 67
t1   32   18    -2.555    12.845    81.776 16771072 0 0 16 68
t1   32   19    -2.697    13.559    78.866 15990528 0 0 16 69
t1   32   20    -2.839    14.273    75.956 14352128 0 0 16 70
t1   32   21    -2.981    14.986    73.045 13434624 0 0 16 71
t1   32   22    -3.123    15.700    70.135 13106944 0 0 16 72
t1   32   23    -3.265    16.413    67.224 13369088 0 0 16 73
t1   32   24    -3.407    17.127    64.314 14221056 0 0 16 74
t1   32   25    -3.549    17.841    61.403 15531776 0 0 16 75
t1   32   26    -3.691    18.554    58.493 16774912 0 0 16 76
t1   32   27    -3.833    19.268    55.583 16766720 0 0 16 77
t1   32   28    -3.975    19.982    52.672 16756992 0 0 16 78
t1   32   29    -4.117    20.695    49.762 16746496 0 0 16 79
t1   32   30    -4.258    21.409    46.851 16735232 0 0 16 80
t1   32   31    -4.400    22.122    43.941 16723712 0 0 16 81
t1   32   32    -4.542    22.836    41.030 16711935 0 0 16 82
t1   32   33    -4.684    23.550    38.120 16723712 0 0 16 83
t1   32   34    -4.826    24.263    35.210 16735488 0 0 16 84
t1   32   35    -4.968    24.977    32.299 16746752 0 0 16 85
t1   32   36    -5.110    25.691    29.389 16757248 0 0 16 86
t1   32   37    -5.252    26.404    26.478 16767232 0 0 16 87
t1   32   38    -5.394    27.118    23.568 16776192 0 0 16 88
t1   32   39    -5.536    27.831    20.657 15007488 0 0 16 89
t1   32   40    -5.678    28.545    17.747 13303552 0 0 16 90
t1   32   41    -5.820    29.259    14.837 11992832 0 0 16 91
t1   32   42    -5.962    29.972    11.926 11009792 0 0 16 92
t1   32   43    -6.104    30.686     9.016 10419968 0 0 16 93
t1   32   44    -6.246    31.400     6.105 10223360 0 0 16 94
t1   32   45    -6.388    32.113     3.195 10419968 0 0 16 95
t1   32   46    -6.530    32.827     0.284 11075328 0 0 16 96
t1   32   47    -6.672    33.540    -2.626 12058368 0 0 16 97
t1   32   48    -6.814    34.254    -5.536 13434624 0 0 16 98
t1   32   49    -6.956    34.968    -8.447 15269632 0 0 16 99
t1   32   50    -7.097    35.681   -11.357 16774400 0 0 16 100
