t1    1    1     0.000     0.728   131.254 16711935 0 0 1 50
t1    1    2     0.000     1.455   128.343 28927 0 0 1 49
t1    1    3     0.000     2.183   125.433 11272447 0 0 1 48
t1    1    4     0.000     2.910   122.522 16711922 0 0 1 47
t1    1    5     0.000     3.638   119.612 16711899 0 0 1 46
t1    1    6     0.000     4.366   116.702 16711912 0 0 1 45
t1    1    7     0.000     5.093   113.791 15991039 0 0 1 44
t1    1    8     0.000     5.821   110.881 12779775 0 0 1 43
t1    1    9     0.000     6.548   107.970 8716543 0 0 1 42
t1    1   10     0.000     7.276   105.060 4129023 0 0 1 41
t1    1   11     0.000     8.004   102.149 4607 0 0 1 40
t1    1   12     0.000     8.731    99.239 26623 0 0 1 39
t1    1   13     0.000     9.459    96.329 50431 0 0 1 38
t1    1   14     0.000    10.186    93.418 65496 0 0 1 37
t1    1   15     0.000    10.914    90.508 65393 0 0 1 36
t1    1   16     0.000    11.642    87.597 65286 0 0 1 35
t1    1   17     0.000    12.369    84.687 6946560 0 0 1 34
t1    1   18     0.000    13.097    81.776 14352128 0 0 1 33
t1    1   19     0.000    13.825    78.866 16756992 0 0 1 32
t1    1   20     0.000    14.552    75.956 16727296 0 0 1 31
t1    1   21     0.000    15.280    73.045 16725760 0 0 1 30
t1    1   22     0.000    16.007    70.135 16755712 0 0 1 29
t1    1   23     0.000    16.735    67.224 14679808 0 0 1 28
t1    1   24     0.000    17.463    64.314 7208704 0 0 1 27
t1    1   25     0.000    18.190    61.403 65283 0 0 1 26
t1    1   26     0.000    18.918    58.493 65391 0 0 1 25
t1    1   27     0.000    19.645    55.583 65496 0 0 1 24
t1    1   28     0.000    20.373    52.672 49663 0 0 1 23
t1    1   29     0.000    21.101    49.762 25087 0 0 1 22
t1    1   30     0.000    21.828    46.851 1791 0 0 1 21
t1    1   31     0.000    22.556    43.941 5112063 0 0 1 20
t1    1   32     0.000    23.283    41.030 10223871 0 0 1 19
t1    1   33     0.000    24.011    38.120 14876927 0 0 1 18
t1    1   34     0.000    24.739    35.210 16711899 0 0 1 17
t1    1   35     0.000    25.466    32.299 16711842 0 0 1 16
t1    1   36     0.000    26.194    29.389 16711794 0 0 1 15
t1    1   37     0.000    26.921    26.478 16711754 0 0 1 14
t1    1   38     0.000    27.649    23.568 16711723 0 0 1 13
t1    1   39     0.000    28.377    20.657 16711700 0 0 1 12
t1    1   40     0.000    29.104    17.747 16711687 0 0 1 11
t1    1   41     0.000    29.832    14.837 16711682 0 0 1 10
t1    1   42     0.000    30.559    11.926 16711686 0 0 1 9
t1    1   43     0.000    31.287     9.016 16711699 0 0 1 8
t1    1   44     0.000    32.015     6.105 16711721 0 0 1 7
t1    1   45     0.000    32.742     3.195 16711752 0 0 1 6
t1    1   46     0.000    33.470     0.284 16711791 0 0 1 5
t1    1   47     0.000    34.198    -2.626 16711839 0 0 1 4
t1    1   48     0.000    34.925    -5.536 16711895 0 0 1 3
t1    1   49     0.000    35.653    -8.447 15204607 0 0 1 2
t1    1   50     0.000    36.380   -11.357 10551551 0 0 1 1
t1    2    1     0.142     0.714   131.254 28927 0 0 1 51
t1    2    2     0.284     1.427   128.343 16711935 0 0 1 52
t1    2    3     0.426     2.141   125.433 65331 0 0 1 53
t1    2    4     0.568     2.855   122.522 43263 0 0 1 54
t1    2    5     0.710     3.568   119.612 6911 0 0 1 55
t1    2    6     0.852     4.282   116.702 2162943 0 0 1 56
t1    2    7     0.994     4.995   113.791 2883839 0 0 1 57
t1    2    8     1.136     5.709   110.881 1507583 0 0 1 58
t1    2    9     1.278     6.423   107.970 5375 0 0 1 59
t1    2   10     1.419     7.136   105.060 20223 0 0 1 60
t1    2   11     1.561     7.850   102.149 38655 0 0 1 61
t1    2   12     1.703     8.564    99.239 59391 0 0 1 62
t1    2   13     1.845     9.277    96.329 65470 0 0 1 63
t1    2   14     1.987     9.991    93.418 65373 0 0 1 64
t1    2   15     2.129    10.704    90.508 589568 0 0 1 65
t1    2   16     2.271    11.418    87.597 7536384 0 0 1 66
t1    2   17     2.413    12.132    84.687 14745344 0 0 1 67
t1    2   18     2.555    12.845    81.776 16756224 0 0 1 68
t1    2   19     2.697    13.559    78.866 16727040 0 0 1 69
t1    2   20     2.839    14.273    75.956 16725760 0 0 1 70
t1    2   21     2.981    14.986    73.045 16754944 0 0 1 71
t1    2   22     3.123    15.700    70.135 14876416 0 0 1 72
t1    2   23     3.265    16.413    67.224 7470848 0 0 1 73
t1    2   24     3.407    17.127    64.314 261888 0 0 1 74
t1    2   25     3.549    17.841    61.403 65385 0 0 1 75
t1    2   26     3.691    18.554    58.493 65490 0 0 1 76
t1    2   27     3.833    19.268    55.583 51455 0 0 1 77
t1    2   28     3.975    19.982    52.672 26879 0 0 1 78
t1    2   29     4.117    20.695    49.762 3839 0 0 1 79
t1    2   30     4.258    21.409    46.851 4653311 0 0 1 80
t1    2   31     4.400    22.122    43.941 9765119 0 0 1 81
t1    2   32     4.542    22.836    41.030 14418175 0 0 1 82
t1    2   33     4.684    23.550    38.120 16711906 0 0 1 83
t1    2   34     4.826    24.263    35.210 16711850 0 0 1 84
t1    2   35     4.968    24.977    32.299 16711801 0 0 1 85
t1    2   36     5.110    25.691    29.389 16711761 0 0 1 86
t1    2   37     5.252    26.404    26.478 16711730 0 0 1 87
t1    2   38     5.394    27.118    23.568 16711707 0 0 1 88
t1    2   39     5.536    27.831    20.657 16711693 0 0 1 89
t1    2   40     5.678    28.545    17.747 16711688 0 0 1 90
t1    2   41     5.820    29.259    14.837 16711692 0 0 1 91
t1    2   42     5.962    29.972    11.926 16711704 0 0 1 92
t1    2   43     6.104    30.686     9.016 16711726 0 0 1 93
t1    2   44     6.246    31.400     6.105 16711756 0 0 1 94
t1    2   45     6.388    32.113     3.195 16711795 0 0 1 95
t1    2   46     6.530    32.827     0.284 16711843 0 0 1 96
t1    2   47     6.672    33.540    -2.626 16711898 0 0 1 97
t1    2   48     6.814    34.254    -5.536 15007999 0 0 1 98
t1    2   49     6.956    34.968    -8.447 10354943 0 0 1 99
t1    2   50     7.097    35.681   -11.357 5308671 0 0 1 100
t1    3    1     0.278     0.672   131.254 11272447 0 0 2 50
t1    3    2     0.557     1.344   128.343 65331 0 0 2 49
t1    3    3     0.835     2.017   125.433 16711935 0 0 2 48
t1    3    4     1.114     2.689   122.522 8322816 0 0 2 47
t1    3    5     1.392     3.361   119.612 65390 0 0 2 46
t1    3    6     1.671     4.033   116.702 65522 0 0 2 45
t1    3    7     1.949     4.706   113.791 52735 0 0 2 44
t1    3    8     2.228     5.378   110.881 48383 0 0 2 43
t1    3    9     2.506     6.050   107.970 52479 0 0 2 42
t1    3   10     2.784     6.722   105.060 62719 0 0 2 41
t1    3   11     3.063     7.394   102.149 65489 0 0 2 40
t1    3   12     3.341     8.067    99.239 65417 0 0 2 39
t1    3   13     3.620     8.739    96.329 65335 0 0 2 38
t1    3   14     3.898     9.411    93.418 2424576 0 0 2 37
t1    3   15     4.177    10.083    90.508 8781568 0 0 2 36
t1    3   16     4.455    10.756    87.597 15531776 0 0 2 35
t1    3   17     4.734    11.428    84.687 16754688 0 0 2 34
t1    3   18     5.012    12.100    81.776 16726528 0 0 2 33
t1    3   19     5.290    12.772    78.866 16725248 0 0 2 32
t1    3   20     5.569    13.444    75.956 16753920 0 0 2 31
t1    3   21     5.847    14.117    73.045 15335168 0 0 2 30
t1    3   22     6.126    14.789    70.135 8060672 0 0 2 29
t1    3   23     6.404    15.461    67.224 917248 0 0 2 28
t1    3   24     6.683    16.133    64.314 65374 0 0 2 27
t1    3   25     6.961    16.806    61.403 65478 0 0 2 26
t1    3   26     7.240    17.478    58.493 54783 0 0 2 25
t1    3   27     7.518    18.150    55.583 30207 0 0 2 24
t1    3   28     7.796    18.822    52.672 7167 0 0 2 23
t1    3   29     8.075    19.494    49.762 3735807 0 0 2 22
t1    3   30     8.353    20.167    46.851 8847615 0 0 2 21
t1    3   31     8.632    20.839    43.941 13566207 0 0 2 20
t1    3   32     8.910    21.511    41.030 16711919 0 0 2 19
t1    3   33     9.189    22.183    38.120 16711863 0 0 2 18
t1    3   34     9.467    22.856    35.210 16711814 0 0 2 17
t1    3   35     9.746    23.528    32.299 16711773 0 0 2 16
t1    3   36    10.024    24.200    29.389 16711741 0 0 2 15
t1    3   37    10.302    24.872    26.478 16711718 0 0 2 14
t1    3   38    10.581    25.544    23.568 16711704 0 0 2 13
t1    3   39    10.859    26.217    20.657 16711698 0 0 2 12
t1    3   40    11.138    26.889    17.747 16711701 0 0 2 11
t1    3   41    11.416    27.561    14.837 16711714 0 0 2 10
t1    3   42    11.695    28.233    11.926 16711735 0 0 2 9
t1    3   43    11.973    28.906     9.016 16711765 0 0 2 8
t1    3   44    12.251    29.578     6.105 16711803 0 0 2 7
t1    3   45    12.530    30.250     3.195 16711850 0 0 2 6
t1    3   46    12.808    30.922     0.284 16711905 0 0 2 5
t1    3   47    13.087    31.594    -2.626 14614783 0 0 2 4
t1    3   48    13.365    32.267    -5.536 10027263 0 0 2 3
t1    3   49    13.644    32.939    -8.447 4980991 0 0 2 2
t1    3   50    13.922    33.611   -11.357 2047 0 0 2 1
t1    4    1     0.404     0.605   131.254 16711922 0 0 2 51
t1    4    2     0.808     1.210   128.343 43263 0 0 2 52
t1    4    3     1.213     1.815   125.433 8322816 0 0 2 53
t1    4    4     1.617     2.420   122.522 16711935 0 0 2 54
t1    4    5     2.021     3.025   119.612 15466240 0 0 2 55
t1    4    6     2.425     3.630   116.702 3669760 0 0 2 56
t1    4    7     2.830     4.235   113.791 65331 0 0 2 57
t1    4    8     3.234     4.840   110.881 65382 0 0 2 58
t1    4    9     3.638     5.445   107.970 65393 0 0 2 59
t1    4   10     4.042     6.050   105.060 65374 0 0 2 60
t1    4   11     4.447     6.655   102.149 65332 0 0 2 61
t1    4   12     4.851     7.260    99.239 524032 0 0 2 62
t1    4   13     5.255     7.865    96.329 5308160 0 0 2 63
t1    4   14     5.659     8.470    93.418 10747648 0 0 2 64
t1    4   15     6.064     9.075    90.508 16776960 0 0 2 65
t1    4   16     6.468     9.680    87.597 16751872 0 0 2 66
t1    4   17     6.872    10.285    84.687 16725760 0 0 2 67
t1    4   18     7.276    10.890    81.776 16724480 0 0 2 68
t1    4   19     7.680    11.495    78.866 16752128 0 0 2 69
t1    4   20     8.085    12.100    75.956 16056064 0 0 2 70
t1    4   21     8.489    12.705    73.045 8978176 0 0 2 71
t1    4   22     8.893    13.310    70.135 1965824 0 0 2 72
t1    4   23     9.297    13.915    67.224 65357 0 0 2 73
t1    4   24     9.702    14.520    64.314 65459 0 0 2 74
t1    4   25    10.106    15.125    61.403 59647 0 0 2 75
t1    4   26    10.510    15.730    58.493 35583 0 0 2 76
t1    4   27    10.914    16.335    55.583 12543 0 0 2 77
t1    4   28    11.319    16.940    52.672 2359551 0 0 2 78
t1    4   29    11.723    17.545    49.762 7536895 0 0 2 79
t1    4   30    12.127    18.149    46.851 12189951 0 0 2 80
t1    4   31    12.531    18.754    43.941 16449791 0 0 2 81
t1    4   32    12.936    19.359    41.030 16711882 0 0 2 82
t1    4   33    13.340    19.964    38.120 16711833 0 0 2 83
t1    4   34    13.744    20.569    35.210 16711792 0 0 2 84
t1    4   35    14.148    21.174    32.299 16711759 0 0 2 85
t1    4   36    14.553    21.779    29.389 16711735 0 0 2 86
t1    4   37    14.957    22.384    26.478 16711720 0 0 2 87
t1    4   38    15.361    22.989    23.568 16711714 0 0 2 88
t1    4   39    15.765    23.594    20.657 16711716 0 0 2 89
t1    4   40    16.169    24.199    17.747 16711727 0 0 2 90
t1    4   41    16.574    24.804    14.837 16711748 0 0 2 91
t1    4   42    16.978    25.409    11.926 16711777 0 0 2 92
t1    4   43    17.382    26.014     9.016 16711814 0 0 2 93
t1    4   44    17.786    26.619     6.105 16711860 0 0 2 94
t1    4   45    18.191    27.224     3.195 16711914 0 0 2 95
t1    4   46    18.595    27.829     0.284 14024959 0 0 2 96
t1    4   47    18.999    28.434    -2.626 9502975 0 0 2 97
t1    4   48    19.403    29.039    -5.536 4522239 0 0 2 98
t1    4   49    19.808    29.644    -8.447 3583 0 0 2 99
t1    4   50    20.212    30.249   -11.357 26367 0 0 2 100
t1    5    1     0.514     0.514   131.254 16711899 0 0 3 50
t1    5    2     1.029     1.029   128.343 6911 0 0 3 49
t1    5    3     1.543     1.543   125.433 65390 0 0 3 48
t1    5    4     2.058     2.058   122.522 15466240 0 0 3 47
t1    5    5     2.572     2.572   119.612 16711935 0 0 3 46
t1    5    6     3.087     3.087   116.702 16762624 0 0 3 45
t1    5    7     3.601     3.601   113.791 11796224 0 0 3 44
t1    5    8     4.116     4.116   110.881 6815488 0 0 3 43
t1    5    9     4.630     4.630   107.970 4587264 0 0 3 42
t1    5   10     5.145     5.145   105.060 4652800 0 0 3 41
t1    5   11     5.659     5.659   102.149 6422272 0 0 3 40
t1    5   12     6.174     6.174    99.239 9502464 0 0 3 39
t1    5   13     6.688     6.688    96.329 13631232 0 0 3 38
t1    5   14     7.203     7.203    93.418 16770048 0 0 3 37
t1    5   15     7.717     7.717    90.508 16748288 0 0 3 36
t1    5   16     8.232     8.232    87.597 16724736 0 0 3 35
t1    5   17     8.746     8.746    84.687 16723712 0 0 3 34
t1    5   18     9.261     9.261    81.776 16749568 0 0 3 33
t1    5   19     9.775     9.775    78.866 16775936 0 0 3 32
t1    5   20    10.290    10.290    75.956 10223360 0 0 3 31
t1    5   21    10.804    10.804    73.045 3407616 0 0 3 30
t1    5   22    11.319    11.319    70.135 65332 0 0 3 29
t1    5   23    11.833    11.833    67.224 65433 0 0 3 28
t1    5   24    12.348    12.348    64.314 65530 0 0 3 27
t1    5   25    12.862    12.862    61.403 42751 0 0 3 26
t1    5   26    13.377    13.377    58.493 19967 0 0 3 25
t1    5   27    13.891    13.891    55.583 459007 0 0 3 24
t1    5   28    14.406    14.406    52.672 5636351 0 0 3 23
t1    5   29    14.920    14.920    49.762 10354943 0 0 3 22
t1    5   30    15.435    15.435    46.851 14614783 0 0 3 21
t1    5   31    15.949    15.949    43.941 16711910 0 0 3 20
t1    5   32    16.464    16.464    41.030 16711860 0 0 3 19
t1    5   33    16.978    16.978    38.120 16711818 0 0 3 18
t1    5   34    17.493    17.493    35.210 16711784 0 0 3 17
t1    5   35    18.007    18.007    32.299 16711759 0 0 3 16
t1    5   36    18.522    18.522    29.389 16711742 0 0 3 15
t1    5   37    19.036    19.036    26.478 16711735 0 0 3 14
t1    5   38    19.551    19.551    23.568 16711736 0 0 3 13
t1    5   39    20.065    20.065    20.657 16711746 0 0 3 12
t1    5   40    20.580    20.580    17.747 16711765 0 0 3 11
t1    5   41    21.094    21.094    14.837 16711793 0 0 3 10
t1    5   42    21.609    21.609    11.926 16711830 0 0 3 9
t1    5   43    22.123    22.123     9.016 16711874 0 0 3 8
t1    5   44    22.638    22.638     6.105 16711927 0 0 3 7
t1    5   45    23.152    23.152     3.195 13304063 0 0 3 6
t1    5   46    23.667    23.667     0.284 8847615 0 0 3 5
t1    5   47    24.181    24.181    -2.626 3932415 0 0 3 4
t1    5   48    24.696    24.696    -5.536 5887 0 0 3 3
t1    5   49    25.210    25.210    -8.447 28159 0 0 3 2
t1    5   50    25.725    25.725   -11.357 51967 0 0 3 1
t1    6    1     0.605     0.404   131.254 16711912 0 0 3 51
t1    6    2     1.210     0.808   128.343 2162943 0 0 3 52
t1    6    3     1.815     1.213   125.433 65522 0 0 3 53
t1    6    4     2.420     1.617   122.522 3669760 0 0 3 54
t1    6    5     3.025     2.021   119.612 16762624 0 0 3 55
t1    6    6     3.630     2.425   116.702 16711935 0 0 3 56
t1    6    7     4.235     2.830   113.791 16748032 0 0 3 57
t1    6    8     4.840     3.234   110.881 16771584 0 0 3 58
t1    6    9     5.445     3.638   107.970 15007488 0 0 3 59
t1    6   10     6.050     4.042   105.060 14089984 0 0 3 60
t1    6   11     6.655     4.447   102.149 15073024 0 0 3 61
t1    6   12     7.260     4.851    99.239 16774400 0 0 3 62
t1    6   13     7.865     5.255    96.329 16760576 0 0 3 63
t1    6   14     8.470     5.659    93.418 16743168 0 0 3 64
t1    6   15     9.075     6.064    90.508 16723200 0 0 3 65
t1    6   16     9.680     6.468    87.597 16722432 0 0 3 66
t1    6   17    10.285     6.872    84.687 16745984 0 0 3 67
t1    6   18    10.890     7.276    81.776 16770816 0 0 3 68
t1    6   19    11.495     7.680    78.866 11861760 0 0 3 69
t1    6   20    12.100     8.085    75.956 5373696 0 0 3 70
t1    6   21    12.705     8.489    73.045 65299 0 0 3 71
t1    6   22    13.310     8.893    70.135 65397 0 0 3 72
t1    6   23    13.915     9.297    67.224 65494 0 0 3 73
t1    6   24    14.520     9.702    64.314 52479 0 0 3 74
t1    6   25    15.125    10.106    61.403 29695 0 0 3 75
t1    6   26    15.730    10.510    58.493 8191 0 0 3 76
t1    6   27    16.335    10.914    55.583 3145983 0 0 3 77
t1    6   28    16.940    11.319    52.672 7864575 0 0 3 78
t1    6   29    17.545    11.723    49.762 12189951 0 0 3 79
t1    6   30    18.149    12.127    46.851 15991039 0 0 3 80
t1    6   31    18.754    12.531    43.941 16711894 0 0 3 81
t1    6   32    19.359    12.936    41.030 16711851 0 0 3 82
t1    6   33    19.964    13.340    38.120 16711816 0 0 3 83
t1    6   34    20.569    13.744    35.210 16711790 0 0 3 84
t1    6   35    21.174    14.148    32.299 16711772 0 0 3 85
t1    6   36    21.779    14.553    29.389 16711763 0 0 3 86
t1    6   37    22.384    14.957    26.478 16711762 0 0 3 87
t1    6   38    22.989    15.361    23.568 16711771 0 0 3 88
t1    6   39    23.594    15.765    20.657 16711789 0 0 3 89
t1    6   40    24.199    16.169    17.747 16711815 0 0 3 90
t1    6   41    24.804    16.574    14.837 16711849 0 0 3 91
t1    6   42    25.409    16.978    11.926 16711892 0 0 3 92
t1    6   43    26.014    17.382     9.016 16122111 0 0 3 93
t1    6   44    26.619    17.786     6.105 12255487 0 0 3 94
t1    6   45    27.224    18.191     3.195 7930111 0 0 3 95
t1    6   46    27.829    18.595     0.284 3080447 0 0 3 96
t1    6   47    28.434    18.999    -2.626 8703 0 0 3 97
t1    6   48    29.039    19.403    -5.536 30719 0 0 3 98
t1    6   49    29.644    19.808    -8.447 54271 0 0 3 99
t1    6   50    30.249    20.212   -11.357 65483 0 0 3 100
t1    7    1     0.672     0.278   131.254 15991039 0 0 4 50
t1    7    2     1.344     0.557   128.343 2883839 0 0 4 49
t1    7    3     2.017     0.835   125.433 52735 0 0 4 48
t1    7    4     2.689     1.114   122.522 65331 0 0 4 47
t1    7    5     3.361     1.392   119.612 11796224 0 0 4 46
t1    7    6     4.033     1.671   116.702 16748032 0 0 4 45
t1    7    7     4.706     1.949   113.791 16711935 0 0 4 44
t1    7    8     5.378     2.228   110.881 16736512 0 0 4 43
t1    7    9     6.050     2.506   107.970 16751360 0 0 4 42
t1    7   10     6.722     2.784   105.060 16757248 0 0 4 41
t1    7   11     7.394     3.063   102.149 16755968 0 0 4 40
t1    7   12     8.067     3.341    99.239 16748800 0 0 4 39
t1    7   13     8.739     3.620    96.329 16736768 0 0 4 38
t1    7   14     9.411     3.898    93.418 16721152 0 0 4 37
t1    7   15    10.083     4.177    90.508 16720896 0 0 4 36
t1    7   16    10.756     4.455    87.597 16741632 0 0 4 35
t1    7   17    11.428     4.734    84.687 16764160 0 0 4 34
t1    7   18    12.100     5.012    81.776 14024448 0 0 4 33
t1    7   19    12.772     5.290    78.866 7864064 0 0 4 32
t1    7   20    13.444     5.569    75.956 1572608 0 0 4 31
t1    7   21    14.117     5.847    73.045 65353 0 0 4 30
t1    7   22    14.789     6.126    70.135 65447 0 0 4 29
t1    7   23    15.461     6.404    67.224 64767 0 0 4 28
t1    7   24    16.133     6.683    64.314 42239 0 0 4 27
t1    7   25    16.806     6.961    61.403 20735 0 0 4 26
t1    7   26    17.478     7.240    58.493 511 0 0 4 25
t1    7   27    18.150     7.518    55.583 4718847 0 0 4 24
t1    7   28    18.822     7.796    52.672 9109759 0 0 4 23
t1    7   29    19.494     8.075    49.762 13041919 0 0 4 22
t1    7   30    20.167     8.353    46.851 16515327 0 0 4 21
t1    7   31    20.839     8.632    43.941 16711894 0 0 4 20
t1    7   32    21.511     8.910    41.030 16711857 0 0 4 19
t1    7   33    22.183     9.189    38.120 16711829 0 0 4 18
t1    7   34    22.856     9.467    35.210 16711809 0 0 4 17
t1    7   35    23.528     9.746    32.299 16711798 0 0 4 16
t1    7   36    24.200    10.024    29.389 16711795 0 0 4 15
t1    7   37    24.872    10.302    26.478 16711802 0 0 4 14
t1    7   38    25.544    10.581    23.568 16711817 0 0 4 13
t1    7   39    26.217    10.859    20.657 16711842 0 0 4 12
t1    7   40    26.889    11.138    17.747 16711874 0 0 4 11
t1    7   41    27.561    11.416    14.837 16711915 0 0 4 10
t1    7   42    28.233    11.695    11.926 14745855 0 0 4 9
t1    7   43    28.906    11.973     9.016 11010303 0 0 4 8
t1    7   44    29.578    12.251     6.105 6815999 0 0 4 7
t1    7   45    30.250    12.530     3.195 2097407 0 0 4 6
t1    7   46    30.922    12.808     0.284 12031 0 0 4 5
t1    7   47    31.594    13.087    -2.626 33791 0 0 4 4
t1    7   48    32.267    13.365    -5.536 56831 0 0 4 3
t1    7   49    32.939    13.644    -8.447 65474 0 0 4 2
t1    7   50    33.611    13.922   -11.357 65374 0 0 4 1
t1    8    1     0.714     0.142   131.254 12779775 0 0 4 51
t1    8    2     1.427     0.284   128.343 1507583 0 0 4 52
t1    8    3     2.141     0.426   125.433 48383 0 0 4 53
t1    8    4     2.855     0.568   122.522 65382 0 0 4 54
t1    8    5     3.568     0.710   119.612 6815488 0 0 4 55
t1    8    6     4.282     0.852   116.702 16771584 0 0 4 56
t1    8    7     4.995     0.994   113.791 16736512 0 0 4 57
t1    8    8     5.709     1.136   110.881 16711935 0 0 4 58
t1    8    9     6.423     1.278   107.970 16727296 0 0 4 59
t1    8   10     7.136     1.419   105.060 16734720 0 0 4 60
t1    8   11     7.850     1.561   102.149 16734976 0 0 4 61
t1    8   12     8.564     1.703    99.239 16729344 0 0 4 62
t1    8   13     9.277     1.845    96.329 16718848 0 0 4 63
t1    8   14     9.991     1.987    93.418 16718848 0 0 4 64
t1    8   15    10.704     2.129    90.508 16736256 0 0 4 65
t1    8   16    11.418     2.271    87.597 16755968 0 0 4 66
t1    8   17    12.132     2.413    84.687 16645888 0 0 4 67
t1    8   18    12.845     2.555    81.776 10878720 0 0 4 68
t1    8   19    13.559     2.697    78.866 4914944 0 0 4 69
t1    8   20    14.273     2.839    75.956 65297 0 0 4 70
t1    8   21    14.986     2.981    73.045 65389 0 0 4 71
t1    8   22    15.700     3.123    70.135 65479 0 0 4 72
t1    8   23    16.413     3.265    67.224 57343 0 0 4 73
t1    8   24    17.127     3.407    64.314 36095 0 0 4 74
t1    8   25    17.841     3.549    61.403 15615 0 0 4 75
t1    8   26    18.554     3.691    58.493 917759 0 0 4 76
t1    8   27    19.268     3.833    55.583 5374207 0 0 4 77
t1    8   28    19.982     3.975    52.672 9371903 0 0 4 78
t1    8   29    20.695     4.117    49.762 12910847 0 0 4 79
t1    8   30    21.409     4.258    46.851 15991039 0 0 4 80
t1    8   31    22.122     4.400    43.941 16711907 0 0 4 81
t1    8   32    22.836     4.542    41.030 16711876 0 0 4 82
t1    8   33    23.550     4.684    38.120 16711854 0 0 4 83
t1    8   34    24.263     4.826    35.210 16711841 0 0 4 84
t1    8   35    24.977     4.968    32.299 16711836 0 0 4 85
t1    8   36    25.691     5.110    29.389 16711840 0 0 4 86
t1    8   37    26.404     5.252    26.478 16711853 0 0 4 87
t1    8   38    27.118     5.394    23.568 16711874 0 0 4 88
t1    8   39    27.831     5.536    20.657 16711905 0 0 4 89
t1    8   40    28.545     5.678    17.747 16187647 0 0 4 90
t1    8   41    29.259     5.820    14.837 13107455 0 0 4 91
t1    8   42    29.972     5.962    11.926 9502975 0 0 4 92
t1    8   43    30.686     6.104     9.016 5439743 0 0 4 93
t1    8   44    31.400     6.246     6.105 917759 0 0 4 94
t1    8   45    32.113     6.388     3.195 16127 0 0 4 95
t1    8   46    32.827     6.530     0.284 37375 0 0 4 96
t1    8   47    33.540     6.672    -2.626 59903 0 0 4 97
t1    8   48    34.254     6.814    -5.536 65464 0 0 4 98
t1    8   49    34.968     6.956    -8.447 65366 0 0 4 99
t1    8   50    35.681     7.097   -11.357 1113856 0 0 4 100
t1    9    1     0.728     0.000   131.254 8716543 0 0 5 50
t1    9    2     1.455     0.000   128.343 5375 0 0 5 49
t1    9    3     2.183     0.000   125.433 52479 0 0 5 48
t1    9    4     2.910     0.000   122.522 65393 0 0 5 47
t1    9    5     3.638     0.000   119.612 4587264 0 0 5 46
t1    9    6     4.366     0.000   116.702 15007488 0 0 5 45
t1    9    7     5.093     0.000   113.791 16751360 0 0 5 44
t1    9    8     5.821     0.000   110.881 16727296 0 0 5 43
t1    9    9     6.548     0.000   107.970 16711935 0 0 5 42
t1    9   10     7.276     0.000   105.060 16719616 0 0 5 41
t1    9   11     8.004     0.000   102.149 16720640 0 0 5 40
t1    9   12     8.731     0.000    99.239 16716032 0 0 5 39
t1    9   13     9.459     0.000    96.329 16716800 0 0 5 38
t1    9   14    10.186     0.000    93.418 16730112 0 0 5 37
t1    9   15    10.914     0.000    90.508 16746496 0 0 5 36
t1    9   16    11.642     0.000    87.597 16765184 0 0 5 35
t1    9   17    12.369     0.000    84.687 14548736 0 0 5 34
t1    9   18    13.097     0.000    81.776 8978176 0 0 5 33
t1    9   19    13.825     0.000    78.866 3276544 0 0 5 32
t1    9   20    14.552     0.000    75.956 65320 0 0 5 31
t1    9   21    15.280     0.000    73.045 65408 0 0 5 30
t1    9   22    16.007     0.000    70.135 65495 0 0 5 29
t1    9   23    16.735     0.000    67.224 54527 0 0 5 28
t1    9   24    17.463     0.000    64.314 34047 0 0 5 27
t1    9   25    18.190     0.000    61.403 14847 0 0 5 26
t1    9   26    18.918     0.000    58.493 852223 0 0 5 25
t1    9   27    19.645     0.000    55.583 4980991 0 0 5 24
t1    9   28    20.373     0.000    52.672 8651007 0 0 5 23
t1    9   29    21.101     0.000    49.762 11927807 0 0 5 22
t1    9   30    21.828     0.000    46.851 14614783 0 0 5 21
t1    9   31    22.556     0.000    43.941 16711933 0 0 5 20
t1    9   32    23.283     0.000    41.030 16711908 0 0 5 19
t1    9   33    24.011     0.000    38.120 16711892 0 0 5 18
t1    9   34    24.739     0.000    35.210 16711884 0 0 5 17
t1    9   35    25.466     0.000    32.299 16711885 0 0 5 16
t1    9   36    26.194     0.000    29.389 16711895 0 0 5 15
t1    9   37    26.921     0.000    26.478 16711913 0 0 5 14
t1    9   38    27.649     0.000    23.568 16318719 0 0 5 13
t1    9   39    28.377     0.000    20.657 14024959 0 0 5 12
t1    9   40    29.104     0.000    17.747 11141375 0 0 5 11
t1    9   41    29.832     0.000    14.837 7733503 0 0 5 10
t1    9   42    30.559     0.000    11.926 3801343 0 0 5 9
t1    9   43    31.287     0.000     9.016 2303 0 0 5 8
t1    9   44    32.015     0.000     6.105 21247 0 0 5 7
t1    9   45    32.742     0.000     3.195 41727 0 0 5 6
t1    9   46    33.470     0.000     0.284 63487 0 0 5 5
t1    9   47    34.198     0.000    -2.626 65452 0 0 5 4
t1    9   48    34.925     0.000    -5.536 65356 0 0 5 3
t1    9   49    35.653     0.000    -8.447 1638144 0 0 5 2
t1    9   50    36.380     0.000   -11.357 8388352 0 0 5 1
t1   10    1     0.714    -0.142   131.254 4129023 0 0 5 51
t1   10    2     1.427    -0.284   128.343 20223 0 0 5 52
t1   10    3     2.141    -0.426   125.433 62719 0 0 5 53
t1   10    4     2.855    -0.568   122.522 65374 0 0 5 54
t1   10    5     3.568    -0.710   119.612 4652800 0 0 5 55
t1   10    6     4.282    -0.852   116.702 14089984 0 0 5 56
t1   10    7     4.995    -0.994   113.791 16757248 0 0 5 57
t1   10    8     5.709    -1.136   110.881 16734720 0 0 5 58
t1   10    9     6.423    -1.278   107.970 16719616 0 0 5 59
t1   10   10     7.136    -1.419   105.060 16711935 0 0 5 60
t1   10   11     7.850    -1.561   102.149 16713216 0 0 5 61
t1   10   12     8.564    -1.703    99.239 16714240 0 0 5 62
t1   10   13     9.277    -1.845    96.329 16722944 0 0 5 63
t1   10   14     9.991    -1.987    93.418 16735744 0 0 5 64
t1   10   15    10.704    -2.129    90.508 16751360 0 0 5 65
t1   10   16    11.418    -2.271    87.597 16769280 0 0 5 66
t1   10   17    12.132    -2.413    84.687 13631232 0 0 5 67
t1   10   18    12.845    -2.555    81.776 8257280 0 0 5 68
t1   10   19    13.559    -2.697    78.866 2752256 0 0 5 69
t1   10   20    14.273    -2.839    75.956 65325 0 0 5 70
t1   10   21    14.986    -2.981    73.045 65410 0 0 5 71
t1   10   22    15.700    -3.123    70.135 65494 0 0 5 72
t1   10   23    16.413    -3.265    67.224 55551 0 0 5 73
t1   10   24    17.127    -3.407    64.314 36095 0 0 5 74
t1   10   25    17.841    -3.549    61.403 17919 0 0 5 75
t1   10   26    18.554    -3.691    58.493 1023 0 0 5 76
t1   10   27    19.268    -3.833    55.583 3670271 0 0 5 77
t1   10   28    19.982    -3.975    52.672 7078143 0 0 5 78
t1   10   29    20.695    -4.117    49.762 10027263 0 0 5 79
t1   10   30    21.409    -4.258    46.851 12386559 0 0 5 80
t1   10   31    22.122    -4.400    43.941 14287103 0 0 5 81
t1   10   32    22.836    -4.542    41.030 15597823 0 0 5 82
t1   10   33    23.550    -4.684    38.120 16318719 0 0 5 83
t1   10   34    24.263    -4.826    35.210 16515327 0 0 5 84
t1   10   35    24.977    -4.968    32.299 16056575 0 0 5 85
t1   10   36    25.691    -5.110    29.389 15073535 0 0 5 86
t1   10   37    26.404    -5.252    26.478 13566207 0 0 5 87
t1   10   38    27.118    -5.394    23.568 11469055 0 0 5 88
t1   10   39    27.831    -5.536    20.657 8782079 0 0 5 89
t1   10   40    28.545    -5.678    17.747 5636351 0 0 5 90
t1   10   41    29.259    -5.820    14.837 1900799 0 0 5 91
t1   10   42    29.972    -5.962    11.926 8959 0 0 5 92
t1   10   43    30.686    -6.104     9.016 27135 0 0 5 93
t1   10   44    31.400    -6.246     6.105 46591 0 0 5 94
t1   10   45    32.113    -6.388     3.195 65526 0 0 5 95
t1   10   46    32.827    -6.530     0.284 65437 0 0 5 96
t1   10   47    33.540    -6.672    -2.626 65344 0 0 5 97
t1   10   48    34.254    -6.814    -5.536 2227968 0 0 5 98
t1   10   49    34.968    -6.956    -8.447 8847104 0 0 5 99
t1   10   50    35.681    -7.097   -11.357 15662848 0 0 5 100
t1   11    1     0.672    -0.278   131.254 4607 0 0 6 50
t1   11    2     1.344    -0.557   128.343 38655 0 0 6 49
t1   11    3     2.017    -0.835   125.433 65489 0 0 6 48
t1   11    4     2.689    -1.114   122.522 65332 0 0 6 47
t1   11    5     3.361    -1.392   119.612 6422272 0 0 6 46
t1   11    6     4.033    -1.671   116.702 15073024 0 0 6 45
t1   11    7     4.706    -1.949   113.791 16755968 0 0 6 44
t1   11    8     5.378    -2.228   110.881 16734976 0 0 6 43
t1   11    9     6.050    -2.506   107.970 16720640 0 0 6 42
t1   11   10     6.722    -2.784   105.060 16713216 0 0 6 41
t1   11   11     7.394    -3.063   102.149 16711935 0 0 6 40
t1   11   12     8.067    -3.341    99.239 16715520 0 0 6 39
t1   11   13     8.739    -3.620    96.329 16723968 0 0 6 38
t1   11   14     9.411    -3.898    93.418 16736000 0 0 6 37
t1   11   15    10.083    -4.177    90.508 16751360 0 0 6 36
t1   11   16    10.756    -4.455    87.597 16768768 0 0 6 35
t1   11   17    11.428    -4.734    84.687 13958912 0 0 6 34
t1   11   18    12.100    -5.012    81.776 8716032 0 0 6 33
t1   11   19    12.772    -5.290    78.866 3276544 0 0 6 32
t1   11   20    13.444    -5.569    75.956 65314 0 0 6 31
t1   11   21    14.117    -5.847    73.045 65397 0 0 6 30
t1   11   22    14.789    -6.126    70.135 65477 0 0 6 29
t1   11   23    15.461    -6.404    67.224 60671 0 0 6 28
t1   11   24    16.133    -6.683    64.314 41727 0 0 6 27
t1   11   25    16.806    -6.961    61.403 24575 0 0 6 26
t1   11   26    17.478    -7.240    58.493 8703 0 0 6 25
t1   11   27    18.150    -7.518    55.583 1507583 0 0 6 24
t1   11   28    18.822    -7.796    52.672 4653311 0 0 6 23
t1   11   29    19.494    -8.075    49.762 7274751 0 0 6 22
t1   11   30    20.167    -8.353    46.851 9437439 0 0 6 21
t1   11   31    20.839    -8.632    43.941 11010303 0 0 6 20
t1   11   32    21.511    -8.910    41.030 11993343 0 0 6 19
t1   11   33    22.183    -9.189    38.120 12452095 0 0 6 18
t1   11   34    22.856    -9.467    35.210 12321023 0 0 6 17
t1   11   35    23.528    -9.746    32.299 11600127 0 0 6 16
t1   11   36    24.200   -10.024    29.389 10354943 0 0 6 15
t1   11   37    24.872   -10.302    26.478 8519935 0 0 6 14
t1   11   38    25.544   -10.581    23.568 6095103 0 0 6 13
t1   11   39    26.217   -10.859    20.657 3145983 0 0 6 12
t1   11   40    26.889   -11.138    17.747 1279 0 0 6 11
t1   11   41    27.561   -11.416    14.837 16639 0 0 6 10
t1   11   42    28.233   -11.695    11.926 33791 0 0 6 9
t1   11   43    28.906   -11.973     9.016 52479 0 0 6 8
t1   11   44    29.578   -12.251     6.105 65506 0 0 6 7
t1   11   45    30.250   -12.530     3.195 65421 0 0 6 6
t1   11   46    30.922   -12.808     0.284 65331 0 0 6 5
t1   11   47    31.594   -13.087    -2.626 2948864 0 0 6 4
t1   11   48    32.267   -13.365    -5.536 9371392 0 0 6 3
t1   11   49    32.939   -13.644    -8.447 16056064 0 0 6 2
t1   11   50    33.611   -13.922   -11.357 16753152 0 0 6 1
t1   12    1     0.605    -0.404   131.254 26623 0 0 6 51
t1   12    2     1.210    -0.808   128.343 59391 0 0 6 52
t1   12    3     1.815    -1.213   125.433 65417 0 0 6 53
t1   12    4     2.420    -1.617   122.522 524032 0 0 6 54
t1   12    5     3.025    -2.021   119.612 9502464 0 0 6 55
t1   12    6     3.630    -2.425   116.702 16774400 0 0 6 56
t1   12    7     4.235    -2.830   113.791 16748800 0 0 6 57
t1   12    8     4.840    -3.234   110.881 16729344 0 0 6 58
t1   12    9     5.445    -3.638   107.970 16716032 0 0 6 59
t1   12   10     6.050    -4.042   105.060 16714240 0 0 6 60
t1   12   11     6.655    -4.447   102.149 16715520 0 0 6 61
t1   12   12     7.260    -4.851    99.239 16711935 0 0 6 62
t1   12   13     7.865    -5.255    96.329 16719872 0 0 6 63
t1   12   14     8.470    -5.659    93.418 16731904 0 0 6 64
t1   12   15     9.075    -6.064    90.508 16746752 0 0 6 65
t1   12   16     9.680    -6.468    87.597 16763904 0 0 6 66
t1   12   17    10.285    -6.872    84.687 15269632 0 0 6 67
t1   12   18    10.890    -7.276    81.776 10157824 0 0 6 68
t1   12   19    11.495    -7.680    78.866 4914944 0 0 6 69
t1   12   20    12.100    -8.085    75.956 65288 0 0 6 70
t1   12   21    12.705    -8.489    73.045 65368 0 0 6 71
t1   12   22    13.310    -8.893    70.135 65447 0 0 6 72
t1   12   23    13.915    -9.297    67.224 65521 0 0 6 73
t1   12   24    14.520    -9.702    64.314 50943 0 0 6 74
t1   12   25    15.125   -10.106    61.403 34303 0 0 6 75
t1   12   26    15.730   -10.510    58.493 19199 0 0 6 76
t1   12   27    16.335   -10.914    55.583 5887 0 0 6 77
t1   12   28    16.940   -11.319    52.672 1442047 0 0 6 78
t1   12   29    17.545   -11.723    49.762 3866879 0 0 6 79
t1   12   30    18.149   -12.127    46.851 5767423 0 0 6 80
t1   12   31    18.754   -12.531    43.941 7078143 0 0 6 81
t1   12   32    19.359   -12.936    41.030 7864575 0 0 6 82
t1   12   33    19.964   -13.340    38.120 7995647 0 0 6 83
t1   12   34    20.569   -13.744    35.210 7602431 0 0 6 84
t1   12   35    21.174   -14.148    32.299 6619391 0 0 6 85
t1   12   36    21.779   -14.553    29.389 5112063 0 0 6 86
t1   12   37    22.384   -14.957    26.478 3014911 0 0 6 87
t1   12   38    22.989   -15.361    23.568 393471 0 0 6 88
t1   12   39    23.594   -15.765    20.657 11007 0 0 6 89
t1   12   40    24.199   -16.169    17.747 25343 0 0 6 90
t1   12   41    24.804   -16.574    14.837 41471 0 0 6 91
t1   12   42    25.409   -16.978    11.926 59391 0 0 6 92
t1   12   43    26.014   -17.382     9.016 65484 0 0 6 93
t1   12   44    26.619   -17.786     6.105 65402 0 0 6 94
t1   12   45    27.224   -18.191     3.195 65315 0 0 6 95
t1   12   46    27.829   -18.595     0.284 3735296 0 0 6 96
t1   12   47    28.434   -18.999    -2.626 10026752 0 0 6 97
t1   12   48    29.039   -19.403    -5.536 16449280 0 0 6 98
t1   12   49    29.644   -19.808    -8.447 16752128 0 0 6 99
t1   12   50    30.249   -20.212   -11.357 16725760 0 0 6 100
t1   13    1     0.514    -0.514   131.254 50431 0 0 7 50
t1   13    2     1.029    -1.029   128.343 65470 0 0 7 49
t1   13    3     1.543    -1.543   125.433 65335 0 0 7 48
t1   13    4     2.058    -2.058   122.522 5308160 0 0 7 47
t1   13    5     2.572    -2.572   119.612 13631232 0 0 7 46
t1   13    6     3.087    -3.087   116.702 16760576 0 0 7 45
t1   13    7     3.601    -3.601   113.791 16736768 0 0 7 44
t1   13    8     4.116    -4.116   110.881 16718848 0 0 7 43
t1   13    9     4.630    -4.630   107.970 16716800 0 0 7 42
t1   13   10     5.145    -5.145   105.060 16722944 0 0 7 41
t1   13   11     5.659    -5.659   102.149 16723968 0 0 7 40
t1   13   12     6.174    -6.174    99.239 16719872 0 0 7 39
t1   13   13     6.688    -6.688    96.329 16711935 0 0 7 38
t1   13   14     7.203    -7.203    93.418 16723456 0 0 7 37
t1   13   15     7.717    -7.717    90.508 16738304 0 0 7 36
t1   13   16     8.232    -8.232    87.597 16755200 0 0 7 35
t1   13   17     8.746    -8.746    84.687 16773632 0 0 7 34
t1   13   18     9.261    -9.261    81.776 12582656 0 0 7 33
t1   13   19     9.775    -9.775    78.866 7339776 0 0 7 32
t1   13   20    10.290   -10.290    75.956 2162432 0 0 7 31
t1   13   21    10.804   -10.804    73.045 65327 0 0 7 30
t1   13   22    11.319   -11.319    70.135 65404 0 0 7 29
t1   13   23    11.833   -11.833    67.224 65477 0 0 7 28
t1   13   24    12.348   -12.348    64.314 62975 0 0 7 27
t1   13   25    12.862   -12.862    61.403 47103 0 0 7 26
t1   13   26    13.377   -13.377    58.493 32767 0 0 7 25
t1   13   27    13.891   -13.891    55.583 19967 0 0 7 24
t1   13   28    14.406   -14.406    52.672 9471 0 0 7 23
t1   13   29    14.920   -14.920    49.762 767 0 0 7 22
t1   13   30    15.435   -15.435    46.851 1507583 0 0 7 21
t1   13   31    15.949   -15.949    43.941 2621695 0 0 7 20
t1   13   32    16.464   -16.464    41.030 3145983 0 0 7 19
t1   13   33    16.978   -16.978    38.120 3080447 0 0 7 18
t1   13   34    17.493   -17.493    35.210 2490623 0 0 7 17
t1   13   35    18.007   -18.007    32.299 1310975 0 0 7 16
t1   13   36    18.522   -18.522    29.389 2047 0 0 7 15
t1   13   37    19.036   -19.036    26.478 11007 0 0 7 14
t1   13   38    19.551   -19.551    23.568 22015 0 0 7 13
t1   13   39    20.065   -20.065    20.657 35071 0 0 7 12
t1   13   40    20.580   -20.580    17.747 50175 0 0 7 11
t1   13   41    21.094   -21.094    14.837 65530 0 0 7 10
t1   13   42    21.609   -21.609    11.926 65458 0 0 7 9
t1   13   43    22.123   -22.123     9.016 65381 0 0 7 8
t1   13   44    22.638   -22.638     6.105 65298 0 0 7 7
t1   13   45    23.152   -23.152     3.195 4652800 0 0 7 6
t1   13   46    23.667   -23.667     0.284 10682112 0 0 7 5
t1   13   47    24.181   -24.181    -2.626 16776192 0 0 7 4
t1   13   48    24.696   -24.696    -5.536 16751104 0 0 7 3
t1   13   49    25.210   -25.210    -8.447 16725248 0 0 7 2
t1   13   50    25.725   -25.725   -11.357 16724224 0 0 7 1
t1   14    1     0.404    -0.605   131.254 65496 0 0 7 51
t1   14    2     0.808    -1.210   128.343 65373 0 0 7 52
t1   14    3     1.213    -1.815   125.433 2424576 0 0 7 53
t1   14    4     1.617    -2.420   122.522 10747648 0 0 7 54
t1   14    5     2.021    -3.025   119.612 16770048 0 0 7 55
t1   14    6     2.425    -3.630   116.702 16743168 0 0 7 56
t1   14    7     2.830    -4.235   113.791 16721152 0 0 7 57
t1   14    8     3.234    -4.840   110.881 16718848 0 0 7 58
t1   14    9     3.638    -5.445   107.970 16730112 0 0 7 59
t1   14   10     4.042    -6.050   105.060 16735744 0 0 7 60
t1   14   11     4.447    -6.655   102.149 16736000 0 0 7 61
t1   14   12     4.851    -7.260    99.239 16731904 0 0 7 62
t1   14   13     5.255    -7.865    96.329 16723456 0 0 7 63
t1   14   14     5.659    -8.470    93.418 16711935 0 0 7 64
t1   14   15     6.064    -9.075    90.508 16726272 0 0 7 65
t1   14   16     6.468    -9.680    87.597 16743168 0 0 7 66
t1   14   17     6.872   -10.285    84.687 16761600 0 0 7 67
t1   14   18     7.276   -10.890    81.776 15728384 0 0 7 68
t1   14   19     7.680   -11.495    78.866 10616576 0 0 7 69
t1   14   20     8.085   -12.100    75.956 5439232 0 0 7 70
t1   14   21     8.489   -12.705    73.045 392960 0 0 7 71
t1   14   22     8.893   -13.310    70.135 65350 0 0 7 72
t1   14   23     9.297   -13.915    67.224 65421 0 0 7 73
t1   14   24     9.702   -14.520    64.314 65488 0 0 7 74
t1   14   25    10.106   -15.125    61.403 62207 0 0 7 75
t1   14   26    10.510   -15.730    58.493 48383 0 0 7 76
t1   14   27    10.914   -16.335    55.583 36351 0 0 7 77
t1   14   28    11.319   -16.940    52.672 26367 0 0 7 78
t1   14   29    11.723   -17.545    49.762 18431 0 0 7 79
t1   14   30    12.127   -18.149    46.851 12543 0 0 7 80
t1   14   31    12.531   -18.754    43.941 9215 0 0 7 81
t1   14   32    12.936   -19.359    41.030 7679 0 0 7 82
t1   14   33    13.340   -19.964    38.120 8703 0 0 7 83
t1   14   34    13.744   -20.569    35.210 11775 0 0 7 84
t1   14   35    14.148   -21.174    32.299 17407 0 0 7 85
t1   14   36    14.553   -21.779    29.389 24831 0 0 7 86
t1   14   37    14.957   -22.384    26.478 34559 0 0 7 87
t1   14   38    15.361   -22.989    23.568 46335 0 0 7 88
t1   14   39    15.765   -23.594    20.657 59903 0 0 7 89
t1   14   40    16.169   -24.199    17.747 65497 0 0 7 90
t1   14   41    16.574   -24.804    14.837 65430 0 0 7 91
t1   14   42    16.978   -25.409    11.926 65357 0 0 7 92
t1   14   43    17.382   -26.014     9.016 196352 0 0 7 93
t1   14   44    17.786   -26.619     6.105 5701376 0 0 7 94
t1   14   45    18.191   -27.224     3.195 11468544 0 0 7 95
t1   14   46    18.595   -27.829     0.284 16774144 0 0 7 96
t1   14   47    18.999   -28.434    -2.626 16749824 0 0 7 97
t1   14   48    19.403   -29.039    -5.536 16724992 0 0 7 98
t1   14   49    19.808   -29.644    -8.447 16723712 0 0 7 99
t1   14   50    20.212   -30.249   -11.357 16749312 0 0 7 100
t1   15    1     0.278    -0.672   131.254 65393 0 0 8 50
t1   15    2     0.557    -1.344   128.343 589568 0 0 8 49
t1   15    3     0.835    -2.017   125.433 8781568 0 0 8 48
t1   15    4     1.114    -2.689   122.522 16776960 0 0 8 47
t1   15    5     1.392    -3.361   119.612 16748288 0 0 8 46
t1   15    6     1.671    -4.033   116.702 16723200 0 0 8 45
t1   15    7     1.949    -4.706   113.791 16720896 0 0 8 44
t1   15    8     2.228    -5.378   110.881 16736256 0 0 8 43
t1   15    9     2.506    -6.050   107.970 16746496 0 0 8 42
t1   15   10     2.784    -6.722   105.060 16751360 0 0 8 41
t1   15   11     3.063    -7.394   102.149 16751360 0 0 8 40
t1   15   12     3.341    -8.067    99.239 16746752 0 0 8 39
t1   15   13     3.620    -8.739    96.329 16738304 0 0 8 38
t1   15   14     3.898    -9.411    93.418 16726272 0 0 8 37
t1   15   15     4.177   -10.083    90.508 16711935 0 0 8 36
t1   15   16     4.455   -10.756    87.597 16728320 0 0 8 35
t1   15   17     4.734   -11.428    84.687 16746752 0 0 8 34
t1   15   18     5.012   -12.100    81.776 16766208 0 0 8 33
t1   15   19     5.290   -12.772    78.866 14483200 0 0 8 32
t1   15   20     5.569   -13.444    75.956 9371392 0 0 8 31
t1   15   21     5.847   -14.117    73.045 4390656 0 0 8 30
t1   15   22     6.126   -14.789    70.135 65288 0 0 8 29
t1   15   23     6.404   -15.461    67.224 65358 0 0 8 28
t1   15   24     6.683   -16.133    64.314 65423 0 0 8 27
t1   15   25     6.961   -16.806    61.403 65481 0 0 8 26
t1   15   26     7.240   -17.478    58.493 65533 0 0 8 25
t1   15   27     7.518   -18.150    55.583 54527 0 0 8 24
t1   15   28     7.796   -18.822    52.672 45055 0 0 8 23
t1   15   29     8.075   -19.494    49.762 37631 0 0 8 22
t1   15   30     8.353   -20.167    46.851 32511 0 0 8 21
t1   15   31     8.632   -20.839    43.941 29439 0 0 8 20
t1   15   32     8.910   -21.511    41.030 28671 0 0 8 19
t1   15   33     9.189   -22.183    38.120 30463 0 0 8 18
t1   15   34     9.467   -22.856    35.210 34047 0 0 8 17
t1   15   35     9.746   -23.528    32.299 40191 0 0 8 16
t1   15   36    10.024   -24.200    29.389 48383 0 0 8 15
t1   15   37    10.302   -24.872    26.478 58367 0 0 8 14
t1   15   38    10.581   -25.544    23.568 65515 0 0 8 13
t1   15   39    10.859   -26.217    20.657 65460 0 0 8 12
t1   15   40    11.138   -26.889    17.747 65398 0 0 8 11
t1   15   41    11.416   -27.561    14.837 65330 0 0 8 10
t1   15   42    11.695   -28.233    11.926 1638144 0 0 8 9
t1   15   43    11.973   -28.906     9.016 6815488 0 0 8 8
t1   15   44    12.251   -29.578     6.105 12320512 0 0 8 7
t1   15   45    12.530   -30.250     3.195 16771840 0 0 8 6
t1   15   46    12.808   -30.922     0.284 16748544 0 0 8 5
t1   15   47    13.087   -31.594    -2.626 16724480 0 0 8 4
t1   15   48    13.365   -32.267    -5.536 16723456 0 0 8 3
t1   15   49    13.644   -32.939    -8.447 16748288 0 0 8 2
t1   15   50    13.922   -33.611   -11.357 16773376 0 0 8 1
t1   16    1     0.142    -0.714   131.254 65286 0 0 8 51
t1   16    2     0.284    -1.427   128.343 7536384 0 0 8 52
t1   16    3     0.426    -2.141   125.433 15531776 0 0 8 53
t1   16    4     0.568    -2.855   122.522 16751872 0 0 8 54
t1   16    5     0.710    -3.568   119.612 16724736 0 0 8 55
t1   16    6     0.852    -4.282   116.702 16722432 0 0 8 56
t1   16    7     0.994    -4.995   113.791 16741632 0 0 8 57
t1   16    8     1.136    -5.709   110.881 16755968 0 0 8 58
t1   16    9     1.278    -6.423   107.970 16765184 0 0 8 59
t1   16   10     1.419    -7.136   105.060 16769280 0 0 8 60
t1   16   11     1.561    -7.850   102.149 16768768 0 0 8 61
t1   16   12     1.703    -8.564    99.239 16763904 0 0 8 62
t1   16   13     1.845    -9.277    96.329 16755200 0 0 8 63
t1   16   14     1.987    -9.991    93.418 16743168 0 0 8 64
t1   16   15     2.129   -10.704    90.508 16728320 0 0 8 65
t1   16   16     2.271   -11.418    87.597 16711935 0 0 8 66
t1   16   17     2.413   -12.132    84.687 16729856 0 0 8 67
t1   16   18     2.555   -12.845    81.776 16749312 0 0 8 68
t1   16   19     2.697   -13.559    78.866 16769024 0 0 8 69
t1   16   20     2.839   -14.273    75.956 13762304 0 0 8 70
t1   16   21     2.981   -14.986    73.045 8847104 0 0 8 71
t1   16   22     3.123   -15.700    70.135 4062976 0 0 8 72
t1   16   23     3.265   -16.413    67.224 65288 0 0 8 73
t1   16   24     3.407   -17.127    64.314 65351 0 0 8 74
t1   16   25     3.549   -17.841    61.403 65409 0 0 8 75
t1   16   26     3.691   -18.554    58.493 65459 0 0 8 76
t1   16   27     3.833   -19.268    55.583 65503 0 0 8 77
t1   16   28     3.975   -19.982    52.672 64767 0 0 8 78
t1   16   29     4.117   -20.695    49.762 57855 0 0 8 79
t1   16   30     4.258   -21.409    46.851 53247 0 0 8 80
t1   16   31     4.400   -22.122    43.941 50687 0 0 8 81
t1   16   32     4.542   -22.836    41.030 50687 0 0 8 82
t1   16   33     4.684   -23.550    38.120 52735 0 0 8 83
t1   16   34     4.826   -24.263    35.210 56831 0 0 8 84
t1   16   35     4.968   -24.977    32.299 63231 0 0 8 85
t1   16   36     5.110   -25.691    29.389 65510 0 0 8 86
t1   16   37     5.252   -26.404    26.478 65469 0 0 8 87
t1   16   38     5.394   -27.118    23.568 65420 0 0 8 88
t1   16   39     5.536   -27.831    20.657 65364 0 0 8 89
t1   16   40     5.678   -28.545    17.747 65301 0 0 8 90
t1   16   41     5.820   -29.259    14.837 3211008 0 0 8 91
t1   16   42     5.962   -29.972    11.926 8060672 0 0 8 92
t1   16   43     6.104   -30.686     9.016 13238016 0 0 8 93
t1   16   44     6.246   -31.400     6.105 16769280 0 0 8 94
t1   16   45     6.388   -32.113     3.195 16747008 0 0 8 95
t1   16   46     6.530   -32.827     0.284 16723968 0 0 8 96
t1   16   47     6.672   -33.540    -2.626 16722944 0 0 8 97
t1   16   48     6.814   -34.254    -5.536 16747008 0 0 8 98
t1   16   49     6.956   -34.968    -8.447 16771328 0 0 8 99
t1   16   50     7.097   -35.681   -11.357 11992832 0 0 8 100
t1   17    1     0.000    -0.728   131.254 6946560 0 0 9 50
t1   17    2     0.000    -1.455   128.343 14745344 0 0 9 49
t1   17    3     0.000    -2.183   125.433 16754688 0 0 9 48
t1   17    4     0.000    -2.910   122.522 16725760 0 0 9 47
t1   17    5     0.000    -3.638   119.612 16723712 0 0 9 46
t1   17    6     0.000    -4.366   116.702 16745984 0 0 9 45
t1   17    7     0.000    -5.093   113.791 16764160 0 0 9 44
t1   17    8     0.000    -5.821   110.881 16645888 0 0 9 43
t1   17    9     0.000    -6.548   107.970 14548736 0 0 9 42
t1   17   10     0.000    -7.276   105.060 13631232 0 0 9 41
t1   17   11     0.000    -8.004   102.149 13958912 0 0 9 40
t1   17   12     0.000    -8.731    99.239 15269632 0 0 9 39
t1   17   13     0.000    -9.459    96.329 16773632 0 0 9 38
t1   17   14     0.000   -10.186    93.418 16761600 0 0 9 37
t1   17   15     0.000   -10.914    90.508 16746752 0 0 9 36
t1   17   16     0.000   -11.642    87.597 16729856 0 0 9 35
t1   17   17     0.000   -12.369    84.687 16711935 0 0 9 34
t1   17   18     0.000   -13.097    81.776 16730880 0 0 9 33
t1   17   19     0.000   -13.825    78.866 16750592 0 0 9 32
t1   17   20     0.000   -14.552    75.956 16770048 0 0 9 31
t1   17   21     0.000   -15.280    73.045 13565696 0 0 9 30
t1   17   22     0.000   -16.007    70.135 8847104 0 0 9 29
t1   17   23     0.000   -16.735    67.224 4390656 0 0 9 28
t1   17   24     0.000   -17.463    64.314 327424 0 0 9 27
t1   17   25     0.000   -18.190    61.403 65332 0 0 9 26
t1   17   26     0.000   -18.918    58.493 65382 0 0 9 25
t1   17   27     0.000   -19.645    55.583 65424 0 0 9 24
t1   17   28     0.000   -20.373    52.672 65458 0 0 9 23
t1   17   29     0.000   -21.101    49.762 65483 0 0 9 22
t1   17   30     0.000   -21.828    46.851 65500 0 0 9 21
t1   17   31     0.000   -22.556    43.941 65508 0 0 9 20
t1   17   32     0.000   -23.283    41.030 65507 0 0 9 19
t1   17   33     0.000   -24.011    38.120 65497 0 0 9 18
t1   17   34     0.000   -24.739    35.210 65479 0 0 9 17
t1   17   35     0.000   -25.466    32.299 65453 0 0 9 16
t1   17   36     0.000   -26.194    29.389 65418 0 0 9 15
t1   17   37     0.000   -26.921    26.478 65376 0 0 9 14
t1   17   38     0.000   -27.649    23.568 65326 0 0 9 13
t1   17   39     0.000   -28.377    20.657 786176 0 0 9 12
t1   17   40     0.000   -29.104    17.747 4914944 0 0 9 11
t1   17   41     0.000   -29.832    14.837 9436928 0 0 9 10
t1   17   42     0.000   -30.559    11.926 14286592 0 0 9 9
t1   17   43     0.000   -31.287     9.016 16766720 0 0 9 8
t1   17   44     0.000   -32.015     6.105 16745472 0 0 9 7
t1   17   45     0.000   -32.742     3.195 16723456 0 0 9 6
t1   17   46     0.000   -33.470     0.284 16722432 0 0 9 5
t1   17   47     0.000   -34.198    -2.626 16745728 0 0 9 4
t1   17   48     0.000   -34.925    -5.536 16769024 0 0 9 3
t1   17   49     0.000   -35.653    -8.447 12779264 0 0 9 2
t1   17   50     0.000   -36.380   -11.357 6749952 0 0 9 1
t1   18    1    -0.142    -0.714   131.254 14352128 0 0 9 51
t1   18    2    -0.284    -1.427   128.343 16756224 0 0 9 52
t1   18    3    -0.426    -2.141   125.433 16726528 0 0 9 53
t1   18    4    -0.568    -2.855   122.522 16724480 0 0 9 54
t1   18    5    -0.710    -3.568   119.612 16749568 0 0 9 55
t1   18    6    -0.852    -4.282   116.702 16770816 0 0 9 56
t1   18    7    -0.994    -4.995   113.791 14024448 0 0 9 57
t1   18    8    -1.136    -5.709   110.881 10878720 0 0 9 58
t1   18    9    -1.278    -6.423   107.970 8978176 0 0 9 59
t1   18   10    -1.419    -7.136   105.060 8257280 0 0 9 60
t1   18   11    -1.561    -7.850   102.149 8716032 0 0 9 61
t1   18   12    -1.703    -8.564    99.239 10157824 0 0 9 62
t1   18   13    -1.845    -9.277    96.329 12582656 0 0 9 63
t1   18   14    -1.987    -9.991    93.418 15728384 0 0 9 64
t1   18   15    -2.129   -10.704    90.508 16766208 0 0 9 65
t1   18   16    -2.271   -11.418    87.597 16749312 0 0 9 66
t1   18   17    -2.413   -12.132    84.687 16730880 0 0 9 67
t1   18   18    -2.555   -12.845    81.776 16711935 0 0 9 68
t1   18   19    -2.697   -13.559    78.866 16731392 0 0 9 69
t1   18   20    -2.839   -14.273    75.956 16750848 0 0 9 70
t1   18   21    -2.981   -14.986    73.045 16770048 0 0 9 71
t1   18   22    -3.123   -15.700    70.135 13893376 0 0 9 72
t1   18   23    -3.265   -16.413    67.224 9436928 0 0 9 73
t1   18   24    -3.407   -17.127    64.314 5439232 0 0 9 74
t1   18   25    -3.549   -17.841    61.403 1769216 0 0 9 75
t1   18   26    -3.691   -18.554    58.493 65302 0 0 9 76
t1   18   27    -3.833   -19.268    55.583 65343 0 0 9 77
t1   18   28    -3.975   -19.982    52.672 65376 0 0 9 78
t1   18   29    -4.117   -20.695    49.762 65400 0 0 9 79
t1   18   30    -4.258   -21.409    46.851 65416 0 0 9 80
t1   18   31    -4.400   -22.122    43.941 65423 0 0 9 81
t1   18   32    -4.542   -22.836    41.030 65421 0 0 9 82
t1   18   33    -4.684   -23.550    38.120 65410 0 0 9 83
t1   18   34    -4.826   -24.263    35.210 65391 0 0 9 84
t1   18   35    -4.968   -24.977    32.299 65363 0 0 9 85
t1   18   36    -5.110   -25.691    29.389 65328 0 0 9 86
t1   18   37    -5.252   -26.404    26.478 65285 0 0 9 87
t1   18   38    -5.394   -27.118    23.568 3014400 0 0 9 88
t1   18   39    -5.536   -27.831    20.657 6749952 0 0 9 89
t1   18   40    -5.678   -28.545    17.747 10878720 0 0 9 90
t1   18   41    -5.820   -29.259    14.837 15400704 0 0 9 91
t1   18   42    -5.962   -29.972    11.926 16763648 0 0 9 92
t1   18   43    -6.104   -30.686     9.016 16743680 0 0 9 93
t1   18   44    -6.246   -31.400     6.105 16722944 0 0 9 94
t1   18   45    -6.388   -32.113     3.195 16721920 0 0 9 95
t1   18   46    -6.530   -32.827     0.284 16744192 0 0 9 96
t1   18   47    -6.672   -33.540    -2.626 16766720 0 0 9 97
t1   18   48    -6.814   -34.254    -5.536 13631232 0 0 9 98
t1   18   49    -6.956   -34.968    -8.447 7798528 0 0 9 99
t1   18   50    -7.097   -35.681   -11.357 2031360 0 0 9 100
t1   19    1    -0.278    -0.672   131.254 16756992 0 0 10 50
t1   19    2    -0.557    -1.344   128.343 16727040 0 0 10 49
t1   19    3    -0.835    -2.017   125.433 16725248 0 0 10 48
t1   19    4    -1.114    -2.689   122.522 16752128 0 0 10 47
t1   19    5    -1.392    -3.361   119.612 16775936 0 0 10 46
t1   19    6    -1.671    -4.033   116.702 11861760 0 0 10 45
t1   19    7    -1.949    -4.706   113.791 7864064 0 0 10 44
t1   19    8    -2.228    -5.378   110.881 4914944 0 0 10 43
t1   19    9    -2.506    -6.050   107.970 3276544 0 0 10 42
t1   19   10    -2.784    -6.722   105.060 2752256 0 0 10 41
t1   19   11    -3.063    -7.394   102.149 3276544 0 0 10 40
t1   19   12    -3.341    -8.067    99.239 4914944 0 0 10 39
t1   19   13    -3.620    -8.739    96.329 7339776 0 0 10 38
t1   19   14    -3.898    -9.411    93.418 10616576 0 0 10 37
t1   19   15    -4.177   -10.083    90.508 14483200 0 0 10 36
t1   19   16    -4.455   -10.756    87.597 16769024 0 0 10 35
t1   19   17    -4.734   -11.428    84.687 16750592 0 0 10 34
t1   19   18    -5.012   -12.100    81.776 16731392 0 0 10 33
t1   19   19    -5.290   -12.772    78.866 16711935 0 0 10 32
t1   19   20    -5.569   -13.444    75.956 16731136 0 0 10 31
t1   19   21    -5.847   -14.117    73.045 16750336 0 0 10 30
t1   19   22    -6.126   -14.789    70.135 16768512 0 0 10 29
t1   19   23    -6.404   -15.461    67.224 14548736 0 0 10 28
t1   19   24    -6.683   -16.133    64.314 10551040 0 0 10 27
t1   19   25    -6.961   -16.806    61.403 6946560 0 0 10 26
t1   19   26    -7.240   -17.478    58.493 3800832 0 0 10 25
t1   19   27    -7.518   -18.150    55.583 1179392 0 0 10 24
t1   19   28    -7.796   -18.822    52.672 65295 0 0 10 23
t1   19   29    -8.075   -19.494    49.762 65318 0 0 10 22
t1   19   30    -8.353   -20.167    46.851 65333 0 0 10 21
t1   19   31    -8.632   -20.839    43.941 65339 0 0 10 20
t1   19   32    -8.910   -21.511    41.030 65336 0 0 10 19
t1   19   33    -9.189   -22.183    38.120 65324 0 0 10 18
t1   19   34    -9.467   -22.856    35.210 65305 0 0 10 17
t1   19   35    -9.746   -23.528    32.299 261888 0 0 10 16
t1   19   36   -10.024   -24.200    29.389 2621184 0 0 10 15
t1   19   37   -10.302   -24.872    26.478 5504768 0 0 10 14
t1   19   38   -10.581   -25.544    23.568 8781568 0 0 10 13
t1   19   39   -10.859   -26.217    20.657 12517120 0 0 10 12
t1   19   40   -11.138   -26.889    17.747 16580352 0 0 10 11
t1   19   41   -11.416   -27.561    14.837 16760320 0 0 10 10
t1   19   42   -11.695   -28.233    11.926 16741888 0 0 10 9
t1   19   43   -11.973   -28.906     9.016 16722176 0 0 10 8
t1   19   44   -12.251   -29.578     6.105 16721408 0 0 10 7
t1   19   45   -12.530   -30.250     3.195 16742400 0 0 10 6
t1   19   46   -12.808   -30.922     0.284 16763904 0 0 10 5
t1   19   47   -13.087   -31.594    -2.626 14548736 0 0 10 4
t1   19   48   -13.365   -32.267    -5.536 8912640 0 0 10 3
t1   19   49   -13.644   -32.939    -8.447 3342080 0 0 10 2
t1   19   50   -13.922   -33.611   -11.357 65315 0 0 10 1
t1   20    1    -0.404    -0.605   131.254 16727296 0 0 10 51
t1   20    2    -0.808    -1.210   128.343 16725760 0 0 10 52
t1   20    3    -1.213    -1.815   125.433 16753920 0 0 10 53
t1   20    4    -1.617    -2.420   122.522 16056064 0 0 10 54
t1   20    5    -2.021    -3.025   119.612 10223360 0 0 10 55
t1   20    6    -2.425    -3.630   116.702 5373696 0 0 10 56
t1   20    7    -2.830    -4.235   113.791 1572608 0 0 10 57
t1   20    8    -3.234    -4.840   110.881 65297 0 0 10 58
t1   20    9    -3.638    -5.445   107.970 65320 0 0 10 59
t1   20   10    -4.042    -6.050   105.060 65325 0 0 10 60
t1   20   11    -4.447    -6.655   102.149 65314 0 0 10 61
t1   20   12    -4.851    -7.260    99.239 65288 0 0 10 62
t1   20   13    -5.255    -7.865    96.329 2162432 0 0 10 63
t1   20   14    -5.659    -8.470    93.418 5439232 0 0 10 64
t1   20   15    -6.064    -9.075    90.508 9371392 0 0 10 65
t1   20   16    -6.468    -9.680    87.597 13762304 0 0 10 66
t1   20   17    -6.872   -10.285    84.687 16770048 0 0 10 67
t1   20   18    -7.276   -10.890    81.776 16750848 0 0 10 68
t1   20   19    -7.680   -11.495    78.866 16731136 0 0 10 69
t1   20   20    -8.085   -12.100    75.956 16711935 0 0 10 70
t1   20   21    -8.489   -12.705    73.045 16730624 0 0 10 71
t1   20   22    -8.893   -13.310    70.135 16748800 0 0 10 72
t1   20   23    -9.297   -13.915    67.224 16765952 0 0 10 73
t1   20   24    -9.702   -14.520    64.314 15597312 0 0 10 74
t1   20   25   -10.106   -15.125    61.403 12058368 0 0 10 75
t1   20   26   -10.510   -15.730    58.493 8978176 0 0 10 76
t1   20   27   -10.914   -16.335    55.583 6356736 0 0 10 77
t1   20   28   -11.319   -16.940    52.672 4325120 0 0 10 78
t1   20   29   -11.723   -17.545    49.762 2817792 0 0 10 79
t1   20   30   -12.127   -18.149    46.851 1900288 0 0 10 80
t1   20   31   -12.531   -18.754    43.941 1572608 0 0 10 81
t1   20   32   -12.936   -19.359    41.030 1769216 0 0 10 82
t1   20   33   -13.340   -19.964    38.120 2555648 0 0 10 83
t1   20   34   -13.744   -20.569    35.210 3866368 0 0 10 84
t1   20   35   -14.148   -21.174    32.299 5766912 0 0 10 85
t1   20   36   -14.553   -21.779    29.389 8060672 0 0 10 86
t1   20   37   -14.957   -22.384    26.478 10944256 0 0 10 87
t1   20   38   -15.361   -22.989    23.568 14221056 0 0 10 88
t1   20   39   -15.765   -23.594    20.657 16772608 0 0 10 89
t1   20   40   -16.169   -24.199    17.747 16756992 0 0 10 90
t1   20   41   -16.574   -24.804    14.837 16739840 0 0 10 91
t1   20   42   -16.978   -25.409    11.926 16721664 0 0 10 92
t1   20   43   -17.382   -26.014     9.016 16720896 0 0 10 93
t1   20   44   -17.786   -26.619     6.105 16740608 0 0 10 94
t1   20   45   -18.191   -27.224     3.195 16761088 0 0 10 95
t1   20   46   -18.595   -27.829     0.284 15466240 0 0 10 96
t1   20   47   -18.999   -28.434    -2.626 10092288 0 0 10 97
t1   20   48   -19.403   -29.039    -5.536 4718336 0 0 10 98
t1   20   49   -19.808   -29.644    -8.447 65290 0 0 10 99
t1   20   50   -20.212   -30.249   -11.357 65370 0 0 10 100
t1   21    1    -0.514    -0.514   131.254 16725760 0 0 11 50
t1   21    2    -1.029    -1.029   128.343 16754944 0 0 11 49
t1   21    3    -1.543    -1.543   125.433 15335168 0 0 11 48
t1   21    4    -2.058    -2.058   122.522 8978176 0 0 11 47
t1   21    5    -2.572    -2.572   119.612 3407616 0 0 11 46
t1   21    6    -3.087    -3.087   116.702 65299 0 0 11 45
t1   21    7    -3.601    -3.601   113.791 65353 0 0 11 44
t1   21    8    -4.116    -4.116   110.881 65389 0 0 11 43
t1   21    9    -4.630    -4.630   107.970 65408 0 0 11 42
t1   21   10    -5.145    -5.145   105.060 65410 0 0 11 41
t1   21   11    -5.659    -5.659   102.149 65397 0 0 11 40
t1   21   12    -6.174    -6.174    99.239 65368 0 0 11 39
t1   21   13    -6.688    -6.688    96.329 65327 0 0 11 38
t1   21   14    -7.203    -7.203    93.418 392960 0 0 11 37
t1   21   15    -7.717    -7.717    90.508 4390656 0 0 11 36
t1   21   16    -8.232    -8.232    87.597 8847104 0 0 11 35
t1   21   17    -8.746    -8.746    84.687 13565696 0 0 11 34
t1   21   18    -9.261    -9.261    81.776 16770048 0 0 11 33
t1   21   19    -9.775    -9.775    78.866 16750336 0 0 11 32
t1   21   20   -10.290   -10.290    75.956 16730624 0 0 11 31
t1   21   21   -10.804   -10.804    73.045 16711935 0 0 11 30
t1   21   22   -11.319   -11.319    70.135 16729856 0 0 11 29
t1   21   23   -11.833   -11.833    67.224 16746752 0 0 11 28
t1   21   24   -12.348   -12.348    64.314 16762368 0 0 11 27
t1   21   25   -12.862   -12.862    61.403 16776192 0 0 11 26
t1   21   26   -13.377   -13.377    58.493 13893376 0 0 11 25
t1   21   27   -13.891   -13.891    55.583 11337472 0 0 11 24
t1   21   28   -14.406   -14.406    52.672 9305856 0 0 11 23
t1   21   29   -14.920   -14.920    49.762 7864064 0 0 11 22
t1   21   30   -15.435   -15.435    46.851 6946560 0 0 11 21
t1   21   31   -15.949   -15.949    43.941 6618880 0 0 11 20
t1   21   32   -16.464   -16.464    41.030 6881024 0 0 11 19
t1   21   33   -16.978   -16.978    38.120 7667456 0 0 11 18
t1   21   34   -17.493   -17.493    35.210 9043712 0 0 11 17
t1   21   35   -18.007   -18.007    32.299 10878720 0 0 11 16
t1   21   36   -18.522   -18.522    29.389 13238016 0 0 11 15
t1   21   37   -19.036   -19.036    26.478 15990528 0 0 11 14
t1   21   38   -19.551   -19.551    23.568 16767232 0 0 11 13
t1   21   39   -20.065   -20.065    20.657 16753152 0 0 11 12
t1   21   40   -20.580   -20.580    17.747 16737536 0 0 11 11
t1   21   41   -21.094   -21.094    14.837 16720896 0 0 11 10
t1   21   42   -21.609   -21.609    11.926 16720128 0 0 11 9
t1   21   43   -22.123   -22.123     9.016 16738816 0 0 11 8
t1   21   44   -22.638   -22.638     6.105 16758016 0 0 11 7
t1   21   45   -23.152   -23.152     3.195 16514816 0 0 11 6
t1   21   46   -23.667   -23.667     0.284 11403008 0 0 11 5
t1   21   47   -24.181   -24.181    -2.626 6225664 0 0 11 4
t1   21   48   -24.696   -24.696    -5.536 1113856 0 0 11 3
t1   21   49   -25.210   -25.210    -8.447 65342 0 0 11 2
t1   21   50   -25.725   -25.725   -11.357 65418 0 0 11 1
t1   22    1    -0.605    -0.404   131.254 16755712 0 0 11 51
t1   22    2    -1.210    -0.808   128.343 14876416 0 0 11 52
t1   22    3    -1.815    -1.213   125.433 8060672 0 0 11 53
t1   22    4    -2.420    -1.617   122.522 1965824 0 0 11 54
t1   22    5    -3.025    -2.021   119.612 65332 0 0 11 55
t1   22    6    -3.630    -2.425   116.702 65397 0 0 11 56
t1   22    7    -4.235    -2.830   113.791 65447 0 0 11 57
t1   22    8    -4.840    -3.234   110.881 65479 0 0 11 58
t1   22    9    -5.445    -3.638   107.970 65495 0 0 11 59
t1   22   10    -6.050    -4.042   105.060 65494 0 0 11 60
t1   22   11    -6.655    -4.447   102.149 65477 0 0 11 61
t1   22   12    -7.260    -4.851    99.239 65447 0 0 11 62
t1   22   13    -7.865    -5.255    96.329 65404 0 0 11 63
t1   22   14    -8.470    -5.659    93.418 65350 0 0 11 64
t1   22   15    -9.075    -6.064    90.508 65288 0 0 11 65
t1   22   16    -9.680    -6.468    87.597 4062976 0 0 11 66
t1   22   17   -10.285    -6.872    84.687 8847104 0 0 11 67
t1   22   18   -10.890    -7.276    81.776 13893376 0 0 11 68
t1   22   19   -11.495    -7.680    78.866 16768512 0 0 11 69
t1   22   20   -12.100    -8.085    75.956 16748800 0 0 11 70
t1   22   21   -12.705    -8.489    73.045 16729856 0 0 11 71
t1   22   22   -13.310    -8.893    70.135 16711935 0 0 11 72
t1   22   23   -13.915    -9.297    67.224 16728576 0 0 11 73
t1   22   24   -14.520    -9.702    64.314 16744192 0 0 11 74
t1   22   25   -15.125   -10.106    61.403 16758016 0 0 11 75
t1   22   26   -15.730   -10.510    58.493 16769792 0 0 11 76
t1   22   27   -16.335   -10.914    55.583 16056064 0 0 11 77
t1   22   28   -16.940   -11.319    52.672 14089984 0 0 11 78
t1   22   29   -17.545   -11.723    49.762 12582656 0 0 11 79
t1   22   30   -18.149   -12.127    46.851 11730688 0 0 11 80
t1   22   31   -18.754   -12.531    43.941 11403008 0 0 11 81
t1   22   32   -19.359   -12.936    41.030 11665152 0 0 11 82
t1   22   33   -19.964   -13.340    38.120 12451584 0 0 11 83
t1   22   34   -20.569   -13.744    35.210 13762304 0 0 11 84
t1   22   35   -21.174   -14.148    32.299 15597312 0 0 11 85
t1   22   36   -21.779   -14.553    29.389 16772352 0 0 11 86
t1   22   37   -22.384   -14.957    26.478 16761600 0 0 11 87
t1   22   38   -22.989   -15.361    23.568 16749056 0 0 11 88
t1   22   39   -23.594   -15.765    20.657 16735232 0 0 11 89
t1   22   40   -24.199   -16.169    17.747 16720128 0 0 11 90
t1   22   41   -24.804   -16.574    14.837 16719616 0 0 11 91
t1   22   42   -25.409   -16.978    11.926 16736768 0 0 11 92
t1   22   43   -26.014   -17.382     9.016 16754944 0 0 11 93
t1   22   44   -26.619   -17.786     6.105 16773632 0 0 11 94
t1   22   45   -27.224   -18.191     3.195 12779264 0 0 11 95
t1   22   46   -27.829   -18.595     0.284 7864064 0 0 11 96
t1   22   47   -28.434   -18.999    -2.626 2883328 0 0 11 97
t1   22   48   -29.039   -19.403    -5.536 65311 0 0 11 98
t1   22   49   -29.644   -19.808    -8.447 65385 0 0 11 99
t1   22   50   -30.249   -20.212   -11.357 65456 0 0 11 100
t1   23    1    -0.672    -0.278   131.254 14679808 0 0 12 50
t1   23    2    -1.344    -0.557   128.343 7470848 0 0 12 49
t1   23    3    -2.017    -0.835   125.433 917248 0 0 12 48
t1   23    4    -2.689    -1.114   122.522 65357 0 0 12 47
t1   23    5    -3.361    -1.392   119.612 65433 0 0 12 46
t1   23    6    -4.033    -1.671   116.702 65494 0 0 12 45
t1   23    7    -4.706    -1.949   113.791 64767 0 0 12 44
t1   23    8    -5.378    -2.228   110.881 57343 0 0 12 43
t1   23    9    -6.050    -2.506   107.970 54527 0 0 12 42
t1   23   10    -6.722    -2.784   105.060 55551 0 0 12 41
t1   23   11    -7.394    -3.063   102.149 60671 0 0 12 40
t1   23   12    -8.067    -3.341    99.239 65521 0 0 12 39
t1   23   13    -8.739    -3.620    96.329 65477 0 0 12 38
t1   23   14    -9.411    -3.898    93.418 65421 0 0 12 37
t1   23   15   -10.083    -4.177    90.508 65358 0 0 12 36
t1   23   16   -10.756    -4.455    87.597 65288 0 0 12 35
t1   23   17   -11.428    -4.734    84.687 4390656 0 0 12 34
t1   23   18   -12.100    -5.012    81.776 9436928 0 0 12 33
t1   23   19   -12.772    -5.290    78.866 14548736 0 0 12 32
t1   23   20   -13.444    -5.569    75.956 16765952 0 0 12 31
t1   23   21   -14.117    -5.847    73.045 16746752 0 0 12 30
t1   23   22   -14.789    -6.126    70.135 16728576 0 0 12 29
t1   23   23   -15.461    -6.404    67.224 16711935 0 0 12 28
t1   23   24   -16.133    -6.683    64.314 16727040 0 0 12 27
t1   23   25   -16.806    -6.961    61.403 16740864 0 0 12 26
t1   23   26   -17.478    -7.240    58.493 16752896 0 0 12 25
t1   23   27   -18.150    -7.518    55.583 16762624 0 0 12 24
t1   23   28   -18.822    -7.796    52.672 16770560 0 0 12 23
t1   23   29   -19.494    -8.075    49.762 16776192 0 0 12 22
t1   23   30   -20.167    -8.353    46.851 16121600 0 0 12 21
t1   23   31   -20.839    -8.632    43.941 15793920 0 0 12 20
t1   23   32   -21.511    -8.910    41.030 16056064 0 0 12 19
t1   23   33   -22.183    -9.189    38.120 16776704 0 0 12 18
t1   23   34   -22.856    -9.467    35.210 16771584 0 0 12 17
t1   23   35   -23.528    -9.746    32.299 16764416 0 0 12 16
t1   23   36   -24.200   -10.024    29.389 16755712 0 0 12 15
t1   23   37   -24.872   -10.302    26.478 16744960 0 0 12 14
t1   23   38   -25.544   -10.581    23.568 16732928 0 0 12 13
t1   23   39   -26.217   -10.859    20.657 16719360 0 0 12 12
t1   23   40   -26.889   -11.138    17.747 16718848 0 0 12 11
t1   23   41   -27.561   -11.416    14.837 16734720 0 0 12 10
t1   23   42   -28.233   -11.695    11.926 16751360 0 0 12 9
t1   23   43   -28.906   -11.973     9.016 16768768 0 0 12 8
t1   23   44   -29.578   -12.251     6.105 14221056 0 0 12 7
t1   23   45   -30.250   -12.530     3.195 9568000 0 0 12 6
t1   23   46   -30.922   -12.808     0.284 4849408 0 0 12 5
t1   23   47   -31.594   -13.087    -2.626 130816 0 0 12 4
t1   23   48   -32.267   -13.365    -5.536 65350 0 0 12 3
t1   23   49   -32.939   -13.644    -8.447 65419 0 0 12 2
t1   23   50   -33.611   -13.922   -11.357 65486 0 0 12 1
t1   24    1    -0.714    -0.142   131.254 7208704 0 0 12 51
t1   24    2    -1.427    -0.284   128.343 261888 0 0 12 52
t1   24    3    -2.141    -0.426   125.433 65374 0 0 12 53
t1   24    4    -2.855    -0.568   122.522 65459 0 0 12 54
t1   24    5    -3.568    -0.710   119.612 65530 0 0 12 55
t1   24    6    -4.282    -0.852   116.702 52479 0 0 12 56
t1   24    7    -4.995    -0.994   113.791 42239 0 0 12 57
t1   24    8    -5.709    -1.136   110.881 36095 0 0 12 58
t1   24    9    -6.423    -1.278   107.970 34047 0 0 12 59
t1   24   10    -7.136    -1.419   105.060 36095 0 0 12 60
t1   24   11    -7.850    -1.561   102.149 41727 0 0 12 61
t1   24   12    -8.564    -1.703    99.239 50943 0 0 12 62
t1   24   13    -9.277    -1.845    96.329 62975 0 0 12 63
t1   24   14    -9.991    -1.987    93.418 65488 0 0 12 64
t1   24   15   -10.704    -2.129    90.508 65423 0 0 12 65
t1   24   16   -11.418    -2.271    87.597 65351 0 0 12 66
t1   24   17   -12.132    -2.413    84.687 327424 0 0 12 67
t1   24   18   -12.845    -2.555    81.776 5439232 0 0 12 68
t1   24   19   -13.559    -2.697    78.866 10551040 0 0 12 69
t1   24   20   -14.273    -2.839    75.956 15597312 0 0 12 70
t1   24   21   -14.986    -2.981    73.045 16762368 0 0 12 71
t1   24   22   -15.700    -3.123    70.135 16744192 0 0 12 72
t1   24   23   -16.413    -3.265    67.224 16727040 0 0 12 73
t1   24   24   -17.127    -3.407    64.314 16711935 0 0 12 74
t1   24   25   -17.841    -3.549    61.403 16725504 0 0 12 75
t1   24   26   -18.554    -3.691    58.493 16737280 0 0 12 76
t1   24   27   -19.268    -3.833    55.583 16747264 0 0 12 77
t1   24   28   -19.982    -3.975    52.672 16754944 0 0 12 78
t1   24   29   -20.695    -4.117    49.762 16760576 0 0 12 79
t1   24   30   -21.409    -4.258    46.851 16763904 0 0 12 80
t1   24   31   -22.122    -4.400    43.941 16765184 0 0 12 81
t1   24   32   -22.836    -4.542    41.030 16764160 0 0 12 82
t1   24   33   -23.550    -4.684    38.120 16761344 0 0 12 83
t1   24   34   -24.263    -4.826    35.210 16756224 0 0 12 84
t1   24   35   -24.977    -4.968    32.299 16749312 0 0 12 85
t1   24   36   -25.691    -5.110    29.389 16740608 0 0 12 86
t1   24   37   -26.404    -5.252    26.478 16730368 0 0 12 87
t1   24   38   -27.118    -5.394    23.568 16718336 0 0 12 88
t1   24   39   -27.831    -5.536    20.657 16718080 0 0 12 89
t1   24   40   -28.545    -5.678    17.747 16732416 0 0 12 90
t1   24   41   -29.259    -5.820    14.837 16747776 0 0 12 91
t1   24   42   -29.972    -5.962    11.926 16763904 0 0 12 92
t1   24   43   -30.686    -6.104     9.016 15793920 0 0 12 93
t1   24   44   -31.400    -6.246     6.105 11403008 0 0 12 94
t1   24   45   -32.113    -6.388     3.195 6881024 0 0 12 95
t1   24   46   -32.827    -6.530     0.284 2424576 0 0 12 96
t1   24   47   -33.540    -6.672    -2.626 65312 0 0 12 97
t1   24   48   -34.254    -6.814    -5.536 65379 0 0 12 98
t1   24   49   -34.968    -6.956    -8.447 65445 0 0 12 99
t1   24   50   -35.681    -7.097   -11.357 65507 0 0 12 100
t1   25    1    -0.728     0.000   131.254 65283 0 0 13 50
t1   25    2    -1.455     0.000   128.343 65385 0 0 13 49
t1   25    3    -2.183     0.000   125.433 65478 0 0 13 48
t1   25    4    -2.910     0.000   122.522 59647 0 0 13 47
t1   25    5    -3.638     0.000   119.612 42751 0 0 13 46
t1   25    6    -4.366     0.000   116.702 29695 0 0 13 45
t1   25    7    -5.093     0.000   113.791 20735 0 0 13 44
t1   25    8    -5.821     0.000   110.881 15615 0 0 13 43
t1   25    9    -6.548     0.000   107.970 14847 0 0 13 42
t1   25   10    -7.276     0.000   105.060 17919 0 0 13 41
t1   25   11    -8.004     0.000   102.149 24575 0 0 13 40
t1   25   12    -8.731     0.000    99.239 34303 0 0 13 39
t1   25   13    -9.459     0.000    96.329 47103 0 0 13 38
t1   25   14   -10.186     0.000    93.418 62207 0 0 13 37
t1   25   15   -10.914     0.000    90.508 65481 0 0 13 36
t1   25   16   -11.642     0.000    87.597 65409 0 0 13 35
t1   25   17   -12.369     0.000    84.687 65332 0 0 13 34
t1   25   18   -13.097     0.000    81.776 1769216 0 0 13 33
t1   25   19   -13.825     0.000    78.866 6946560 0 0 13 32
t1   25   20   -14.552     0.000    75.956 12058368 0 0 13 31
t1   25   21   -15.280     0.000    73.045 16776192 0 0 13 30
t1   25   22   -16.007     0.000    70.135 16758016 0 0 13 29
t1   25   23   -16.735     0.000    67.224 16740864 0 0 13 28
t1   25   24   -17.463     0.000    64.314 16725504 0 0 13 27
t1   25   25   -18.190     0.000    61.403 16711935 0 0 13 26
t1   25   26   -18.918     0.000    58.493 16723456 0 0 13 25
t1   25   27   -19.645     0.000    55.583 16733440 0 0 13 24
t1   25   28   -20.373     0.000    52.672 16741120 0 0 13 23
t1   25   29   -21.101     0.000    49.762 16746752 0 0 13 22
t1   25   30   -21.828     0.000    46.851 16750080 0 0 13 21
t1   25   31   -22.556     0.000    43.941 16751360 0 0 13 20
t1   25   32   -23.283     0.000    41.030 16750592 0 0 13 19
t1   25   33   -24.011     0.000    38.120 16747776 0 0 13 18
t1   25   34   -24.739     0.000    35.210 16742912 0 0 13 17
t1   25   35   -25.466     0.000    32.299 16736000 0 0 13 16
t1   25   36   -26.194     0.000    29.389 16727552 0 0 13 15
t1   25   37   -26.921     0.000    26.478 16717568 0 0 13 14
t1   25   38   -27.649     0.000    23.568 16717312 0 0 13 13
t1   25   39   -28.377     0.000    20.657 16730112 0 0 13 12
t1   25   40   -29.104     0.000    17.747 16743936 0 0 13 11
t1   25   41   -29.832     0.000    14.837 16758784 0 0 13 10
t1   25   42   -30.559     0.000    11.926 16774400 0 0 13 9
t1   25   43   -31.287     0.000     9.016 13303552 0 0 13 8
t1   25   44   -32.015     0.000     6.105 9043712 0 0 13 7
t1   25   45   -32.742     0.000     3.195 4783872 0 0 13 6
t1   25   46   -33.470     0.000     0.284 524032 0 0 13 5
t1   25   47   -34.198     0.000    -2.626 65338 0 0 13 4
t1   25   48   -34.925     0.000    -5.536 65401 0 0 13 3
t1   25   49   -35.653     0.000    -8.447 65462 0 0 13 2
t1   25   50   -36.380     0.000   -11.357 65520 0 0 13 1
t1   26    1    -0.714     0.142   131.254 65391 0 0 13 51
t1   26    2    -1.427     0.284   128.343 65490 0 0 13 52
t1   26    3    -2.141     0.426   125.433 54783 0 0 13 53
t1   26    4    -2.855     0.568   122.522 35583 0 0 13 54
t1   26    5    -3.568     0.710   119.612 19967 0 0 13 55
t1   26    6    -4.282     0.852   116.702 8191 0 0 13 56
t1   26    7    -4.995     0.994   113.791 511 0 0 13 57
t1   26    8    -5.709     1.136   110.881 917759 0 0 13 58
t1   26    9    -6.423     1.278   107.970 852223 0 0 13 59
t1   26   10    -7.136     1.419   105.060 1023 0 0 13 60
t1   26   11    -7.850     1.561   102.149 8703 0 0 13 61
t1   26   12    -8.564     1.703    99.239 19199 0 0 13 62
t1   26   13    -9.277     1.845    96.329 32767 0 0 13 63
t1   26   14    -9.991     1.987    93.418 48383 0 0 13 64
t1   26   15   -10.704     2.129    90.508 65533 0 0 13 65
t1   26   16   -11.418     2.271    87.597 65459 0 0 13 66
t1   26   17   -12.132     2.413    84.687 65382 0 0 13 67
t1   26   18   -12.845     2.555    81.776 65302 0 0 13 68
t1   26   19   -13.559     2.697    78.866 3800832 0 0 13 69
t1   26   20   -14.273     2.839    75.956 8978176 0 0 13 70
t1   26   21   -14.986     2.981    73.045 13893376 0 0 13 71
t1   26   22   -15.700     3.123    70.135 16769792 0 0 13 72
t1   26   23   -16.413     3.265    67.224 16752896 0 0 13 73
t1   26   24   -17.127     3.407    64.314 16737280 0 0 13 74
t1   26   25   -17.841     3.549    61.403 16723456 0 0 13 75
t1   26   26   -18.554     3.691    58.493 16711935 0 0 13 76
t1   26   27   -19.268     3.833    55.583 16721408 0 0 13 77
t1   26   28   -19.982     3.975    52.672 16729344 0 0 13 78
t1   26   29   -20.695     4.117    49.762 16734976 0 0 13 79
t1   26   30   -21.409     4.258    46.851 16738304 0 0 13 80
t1   26   31   -22.122     4.400    43.941 16739584 0 0 13 81
t1   26   32   -22.836     4.542    41.030 16738816 0 0 13 82
t1   26   33   -23.550     4.684    38.120 16736256 0 0 13 83
t1   26   34   -24.263     4.826    35.210 16731392 0 0 13 84
t1   26   35   -24.977     4.968    32.299 16724992 0 0 13 85
t1   26   36   -25.691     5.110    29.389 16716544 0 0 13 86
t1   26   37   -26.404     5.252    26.478 16716544 0 0 13 87
t1   26   38   -27.118     5.394    23.568 16727808 0 0 13 88
t1   26   39   -27.831     5.536    20.657 16740096 0 0 13 89
t1   26   40   -28.545     5.678    17.747 16753408 0 0 13 90
t1   26   41   -29.259     5.820    14.837 16767744 0 0 13 91
t1   26   42   -29.972     5.962    11.926 15269632 0 0 13 92
t1   26   43   -30.686     6.104     9.016 11337472 0 0 13 93
t1   26   44   -31.400     6.246     6.105 7274240 0 0 13 94
t1   26   45   -32.113     6.388     3.195 3211008 0 0 13 95
t1   26   46   -32.827     6.530     0.284 65294 0 0 13 96
t1   26   47   -33.540     6.672    -2.626 65355 0 0 13 97
t1   26   48   -34.254     6.814    -5.536 65414 0 0 13 98
t1   26   49   -34.968     6.956    -8.447 65471 0 0 13 99
t1   26   50   -35.681     7.097   -11.357 65524 0 0 13 100
t1   27    1    -0.672     0.278   131.254 65496 0 0 14 50
t1   27    2    -1.344     0.557   128.343 51455 0 0 14 49
t1   27    3    -2.017     0.835   125.433 30207 0 0 14 48
t1   27    4    -2.689     1.114   122.522 12543 0 0 14 47
t1   27    5    -3.361     1.392   119.612 459007 0 0 14 46
t1   27    6    -4.033     1.671   116.702 3145983 0 0 14 45
t1   27    7    -4.706     1.949   113.791 4718847 0 0 14 44
t1   27    8    -5.378     2.228   110.881 5374207 0 0 14 43
t1   27    9    -6.050     2.506   107.970 4980991 0 0 14 42
t1   27   10    -6.722     2.784   105.060 3670271 0 0 14 41
t1   27   11    -7.394     3.063   102.149 1507583 0 0 14 40
t1   27   12    -8.067     3.341    99.239 5887 0 0 14 39
t1   27   13    -8.739     3.620    96.329 19967 0 0 14 38
t1   27   14    -9.411     3.898    93.418 36351 0 0 14 37
t1   27   15   -10.083     4.177    90.508 54527 0 0 14 36
t1   27   16   -10.756     4.455    87.597 65503 0 0 14 35
t1   27   17   -11.428     4.734    84.687 65424 0 0 14 34
t1   27   18   -12.100     5.012    81.776 65343 0 0 14 33
t1   27   19   -12.772     5.290    78.866 1179392 0 0 14 32
t1   27   20   -13.444     5.569    75.956 6356736 0 0 14 31
t1   27   21   -14.117     5.847    73.045 11337472 0 0 14 30
t1   27   22   -14.789     6.126    70.135 16056064 0 0 14 29
t1   27   23   -15.461     6.404    67.224 16762624 0 0 14 28
t1   27   24   -16.133     6.683    64.314 16747264 0 0 14 27
t1   27   25   -16.806     6.961    61.403 16733440 0 0 14 26
t1   27   26   -17.478     7.240    58.493 16721408 0 0 14 25
t1   27   27   -18.150     7.518    55.583 16711935 0 0 14 24
t1   27   28   -18.822     7.796    52.672 16719360 0 0 14 23
t1   27   29   -19.494     8.075    49.762 16724992 0 0 14 22
t1   27   30   -20.167     8.353    46.851 16728576 0 0 14 21
t1   27   31   -20.839     8.632    43.941 16729856 0 0 14 20
t1   27   32   -21.511     8.910    41.030 16729344 0 0 14 19
t1   27   33   -22.183     9.189    38.120 16726528 0 0 14 18
t1   27   34   -22.856     9.467    35.210 16721920 0 0 14 17
t1   27   35   -23.528     9.746    32.299 16715776 0 0 14 16
t1   27   36   -24.200    10.024    29.389 16715776 0 0 14 15
t1   27   37   -24.872    10.302    26.478 16725248 0 0 14 14
t1   27   38   -25.544    10.581    23.568 16736000 0 0 14 13
t1   27   39   -26.217    10.859    20.657 16748032 0 0 14 12
t1   27   40   -26.889    11.138    17.747 16760832 0 0 14 11
t1   27   41   -27.561    11.416    14.837 16774656 0 0 14 10
t1   27   42   -28.233    11.695    11.926 13696768 0 0 14 9
t1   27   43   -28.906    11.973     9.016 9895680 0 0 14 8
t1   27   44   -29.578    12.251     6.105 6029056 0 0 14 7
t1   27   45   -30.250    12.530     3.195 2162432 0 0 14 6
t1   27   46   -30.922    12.808     0.284 65306 0 0 14 5
t1   27   47   -31.594    13.087    -2.626 65364 0 0 14 4
t1   27   48   -32.267    13.365    -5.536 65419 0 0 14 3
t1   27   49   -32.939    13.644    -8.447 65472 0 0 14 2
t1   27   50   -33.611    13.922   -11.357 65521 0 0 14 1
t1   28    1    -0.605     0.404   131.254 49663 0 0 14 51
t1   28    2    -1.210     0.808   128.343 26879 0 0 14 52
t1   28    3    -1.815     1.213   125.433 7167 0 0 14 53
t1   28    4    -2.420     1.617   122.522 2359551 0 0 14 54
t1   28    5    -3.025     2.021   119.612 5636351 0 0 14 55
t1   28    6    -3.630     2.425   116.702 7864575 0 0 14 56
t1   28    7    -4.235     2.830   113.791 9109759 0 0 14 57
t1   28    8    -4.840     3.234   110.881 9371903 0 0 14 58
t1   28    9    -5.445     3.638   107.970 8651007 0 0 14 59
t1   28   10    -6.050     4.042   105.060 7078143 0 0 14 60
t1   28   11    -6.655     4.447   102.149 4653311 0 0 14 61
t1   28   12    -7.260     4.851    99.239 1442047 0 0 14 62
t1   28   13    -7.865     5.255    96.329 9471 0 0 14 63
t1   28   14    -8.470     5.659    93.418 26367 0 0 14 64
t1   28   15    -9.075     6.064    90.508 45055 0 0 14 65
t1   28   16    -9.680     6.468    87.597 64767 0 0 14 66
t1   28   17   -10.285     6.872    84.687 65458 0 0 14 67
t1   28   18   -10.890     7.276    81.776 65376 0 0 14 68
t1   28   19   -11.495     7.680    78.866 65295 0 0 14 69
t1   28   20   -12.100     8.085    75.956 4325120 0 0 14 70
t1   28   21   -12.705     8.489    73.045 9305856 0 0 14 71
t1   28   22   -13.310     8.893    70.135 14089984 0 0 14 72
t1   28   23   -13.915     9.297    67.224 16770560 0 0 14 73
t1   28   24   -14.520     9.702    64.314 16754944 0 0 14 74
t1   28   25   -15.125    10.106    61.403 16741120 0 0 14 75
t1   28   26   -15.730    10.510    58.493 16729344 0 0 14 76
t1   28   27   -16.335    10.914    55.583 16719360 0 0 14 77
t1   28   28   -16.940    11.319    52.672 16711935 0 0 14 78
t1   28   29   -17.545    11.723    49.762 16717312 0 0 14 79
t1   28   30   -18.149    12.127    46.851 16720896 0 0 14 80
t1   28   31   -18.754    12.531    43.941 16722176 0 0 14 81
t1   28   32   -19.359    12.936    41.030 16721664 0 0 14 82
t1   28   33   -19.964    13.340    38.120 16719104 0 0 14 83
t1   28   34   -20.569    13.744    35.210 16714752 0 0 14 84
t1   28   35   -21.174    14.148    32.299 16714752 0 0 14 85
t1   28   36   -21.779    14.553    29.389 16722432 0 0 14 86
t1   28   37   -22.384    14.957    26.478 16731648 0 0 14 87
t1   28   38   -22.989    15.361    23.568 16742144 0 0 14 88
t1   28   39   -23.594    15.765    20.657 16753664 0 0 14 89
t1   28   40   -24.199    16.169    17.747 16766208 0 0 14 90
t1   28   41   -24.804    16.574    14.837 16121600 0 0 14 91
t1   28   42   -25.409    16.978    11.926 12582656 0 0 14 92
t1   28   43   -26.014    17.382     9.016 8978176 0 0 14 93
t1   28   44   -26.619    17.786     6.105 5308160 0 0 14 94
t1   28   45   -27.224    18.191     3.195 1638144 0 0 14 95
t1   28   46   -27.829    18.595     0.284 65311 0 0 14 96
t1   28   47   -28.434    18.999    -2.626 65365 0 0 14 97
t1   28   48   -29.039    19.403    -5.536 65417 0 0 14 98
t1   28   49   -29.644    19.808    -8.447 65465 0 0 14 99
t1   28   50   -30.249    20.212   -11.357 65511 0 0 14 100
t1   29    1    -0.514     0.514   131.254 25087 0 0 15 50
t1   29    2    -1.029     1.029   128.343 3839 0 0 15 49
t1   29    3    -1.543     1.543   125.433 3735807 0 0 15 48
t1   29    4    -2.058     2.058   122.522 7536895 0 0 15 47
t1   29    5    -2.572     2.572   119.612 10354943 0 0 15 46
t1   29    6    -3.087     3.087   116.702 12189951 0 0 15 45
t1   29    7    -3.601     3.601   113.791 13041919 0 0 15 44
t1   29    8    -4.116     4.116   110.881 12910847 0 0 15 43
t1   29    9    -4.630     4.630   107.970 11927807 0 0 15 42
t1   29   10    -5.145     5.145   105.060 10027263 0 0 15 41
t1   29   11    -5.659     5.659   102.149 7274751 0 0 15 40
t1   29   12    -6.174     6.174    99.239 3866879 0 0 15 39
t1   29   13    -6.688     6.688    96.329 767 0 0 15 38
t1   29   14    -7.203     7.203    93.418 18431 0 0 15 37
t1   29   15    -7.717     7.717    90.508 37631 0 0 15 36
t1   29   16    -8.232     8.232    87.597 57855 0 0 15 35
t1   29   17    -8.746     8.746    84.687 65483 0 0 15 34
t1   29   18    -9.261     9.261    81.776 65400 0 0 15 33
t1   29   19    -9.775     9.775    78.866 65318 0 0 15 32
t1   29   20   -10.290    10.290    75.956 2817792 0 0 15 31
t1   29   21   -10.804    10.804    73.045 7864064 0 0 15 30
t1   29   22   -11.319    11.319    70.135 12582656 0 0 15 29
t1   29   23   -11.833    11.833    67.224 16776192 0 0 15 28
t1   29   24   -12.348    12.348    64.314 16760576 0 0 15 27
t1   29   25   -12.862    12.862    61.403 16746752 0 0 15 26
t1   29   26   -13.377    13.377    58.493 16734976 0 0 15 25
t1   29   27   -13.891    13.891    55.583 16724992 0 0 15 24
t1   29   28   -14.406    14.406    52.672 16717312 0 0 15 23
t1   29   29   -14.920    14.920    49.762 16711935 0 0 15 22
t1   29   30   -15.435    15.435    46.851 16715264 0 0 15 21
t1   29   31   -15.949    15.949    43.941 16716800 0 0 15 20
t1   29   32   -16.464    16.464    41.030 16716288 0 0 15 19
t1   29   33   -16.978    16.978    38.120 16713728 0 0 15 18
t1   29   34   -17.493    17.493    35.210 16713984 0 0 15 17
t1   29   35   -18.007    18.007    32.299 16719872 0 0 15 16
t1   29   36   -18.522    18.522    29.389 16727296 0 0 15 15
t1   29   37   -19.036    19.036    26.478 16736256 0 0 15 14
t1   29   38   -19.551    19.551    23.568 16746496 0 0 15 13
t1   29   39   -20.065    20.065    20.657 16757504 0 0 15 12
t1   29   40   -20.580    20.580    17.747 16769536 0 0 15 11
t1   29   41   -21.094    21.094    14.837 15400704 0 0 15 10
t1   29   42   -21.609    21.609    11.926 11992832 0 0 15 9
t1   29   43   -22.123    22.123     9.016 8519424 0 0 15 8
t1   29   44   -22.638    22.638     6.105 5046016 0 0 15 7
t1   29   45   -23.152    23.152     3.195 1572608 0 0 15 6
t1   29   46   -23.667    23.667     0.284 65309 0 0 15 5
t1   29   47   -24.181    24.181    -2.626 65359 0 0 15 4
t1   29   48   -24.696    24.696    -5.536 65407 0 0 15 3
t1   29   49   -25.210    25.210    -8.447 65452 0 0 15 2
t1   29   50   -25.725    25.725   -11.357 65494 0 0 15 1
t1   30    1    -0.404     0.605   131.254 1791 0 0 15 51
t1   30    2    -0.808     1.210   128.343 4653311 0 0 15 52
t1   30    3    -1.213     1.815   125.433 8847615 0 0 15 53
t1   30    4    -1.617     2.420   122.522 12189951 0 0 15 54
t1   30    5    -2.021     3.025   119.612 14614783 0 0 15 55
t1   30    6    -2.425     3.630   116.702 15991039 0 0 15 56
t1   30    7    -2.830     4.235   113.791 16515327 0 0 15 57
t1   30    8    -3.234     4.840   110.881 15991039 0 0 15 58
t1   30    9    -3.638     5.445   107.970 14614783 0 0 15 59
t1   30   10    -4.042     6.050   105.060 12386559 0 0 15 60
t1   30   11    -4.447     6.655   102.149 9437439 0 0 15 61
t1   30   12    -4.851     7.260    99.239 5767423 0 0 15 62
t1   30   13    -5.255     7.865    96.329 1507583 0 0 15 63
t1   30   14    -5.659     8.470    93.418 12543 0 0 15 64
t1   30   15    -6.064     9.075    90.508 32511 0 0 15 65
t1   30   16    -6.468     9.680    87.597 53247 0 0 15 66
t1   30   17    -6.872    10.285    84.687 65500 0 0 15 67
t1   30   18    -7.276    10.890    81.776 65416 0 0 15 68
t1   30   19    -7.680    11.495    78.866 65333 0 0 15 69
t1   30   20    -8.085    12.100    75.956 1900288 0 0 15 70
t1   30   21    -8.489    12.705    73.045 6946560 0 0 15 71
t1   30   22    -8.893    13.310    70.135 11730688 0 0 15 72
t1   30   23    -9.297    13.915    67.224 16121600 0 0 15 73
t1   30   24    -9.702    14.520    64.314 16763904 0 0 15 74
t1   30   25   -10.106    15.125    61.403 16750080 0 0 15 75
t1   30   26   -10.510    15.730    58.493 16738304 0 0 15 76
t1   30   27   -10.914    16.335    55.583 16728576 0 0 15 77
t1   30   28   -11.319    16.940    52.672 16720896 0 0 15 78
t1   30   29   -11.723    17.545    49.762 16715264 0 0 15 79
t1   30   30   -12.127    18.149    46.851 16711935 0 0 15 80
t1   30   31   -12.531    18.754    43.941 16713216 0 0 15 81
t1   30   32   -12.936    19.359    41.030 16712704 0 0 15 82
t1   30   33   -13.340    19.964    38.120 16712960 0 0 15 83
t1   30   34   -13.744    20.569    35.210 16717056 0 0 15 84
t1   30   35   -14.148    21.174    32.299 16722944 0 0 15 85
t1   30   36   -14.553    21.779    29.389 16730368 0 0 15 86
t1   30   37   -14.957    22.384    26.478 16738816 0 0 15 87
t1   30   38   -15.361    22.989    23.568 16748800 0 0 15 88
t1   30   39   -15.765    23.594    20.657 16759552 0 0 15 89
t1   30   40   -16.169    24.199    17.747 16771072 0 0 15 90
t1   30   41   -16.574    24.804    14.837 15138560 0 0 15 91
t1   30   42   -16.978    25.409    11.926 11927296 0 0 15 92
t1   30   43   -17.382    26.014     9.016 8584960 0 0 15 93
t1   30   44   -17.786    26.619     6.105 5242624 0 0 15 94
t1   30   45   -18.191    27.224     3.195 1965824 0 0 15 95
t1   30   46   -18.595    27.829     0.284 65300 0 0 15 96
t1   30   47   -18.999    28.434    -2.626 65347 0 0 15 97
t1   30   48   -19.403    29.039    -5.536 65391 0 0 15 98
t1   30   49   -19.808    29.644    -8.447 65433 0 0 15 99
t1   30   50   -20.212    30.249   -11.357 65471 0 0 15 100
t1   31    1    -0.278     0.672   131.254 5112063 0 0 16 50
t1   31    2    -0.557     1.344   128.343 9765119 0 0 16 49
t1   31    3    -0.835     2.017   125.433 13566207 0 0 16 48
t1   31    4    -1.114     2.689   122.522 16449791 0 0 16 47
t1   31    5    -1.392     3.361   119.612 16711910 0 0 16 46
t1   31    6    -1.671     4.033   116.702 16711894 0 0 16 45
t1   31    7    -1.949     4.706   113.791 16711894 0 0 16 44
t1   31    8    -2.228     5.378   110.881 16711907 0 0 16 43
t1   31    9    -2.506     6.050   107.970 16711933 0 0 16 42
t1   31   10    -2.784     6.722   105.060 14287103 0 0 16 41
t1   31   11    -3.063     7.394   102.149 11010303 0 0 16 40
t1   31   12    -3.341     8.067    99.239 7078143 0 0 16 39
t1   31   13    -3.620     8.739    96.329 2621695 0 0 16 38
t1   31   14    -3.898     9.411    93.418 9215 0 0 16 37
t1   31   15    -4.177    10.083    90.508 29439 0 0 16 36
t1   31   16    -4.455    10.756    87.597 50687 0 0 16 35
t1   31   17    -4.734    11.428    84.687 65508 0 0 16 34
t1   31   18    -5.012    12.100    81.776 65423 0 0 16 33
t1   31   19    -5.290    12.772    78.866 65339 0 0 16 32
t1   31   20    -5.569    13.444    75.956 1572608 0 0 16 31
t1   31   21    -5.847    14.117    73.045 6618880 0 0 16 30
t1   31   22    -6.126    14.789    70.135 11403008 0 0 16 29
t1   31   23    -6.404    15.461    67.224 15793920 0 0 16 28
t1   31   24    -6.683    16.133    64.314 16765184 0 0 16 27
t1   31   25    -6.961    16.806    61.403 16751360 0 0 16 26
t1   31   26    -7.240    17.478    58.493 16739584 0 0 16 25
t1   31   27    -7.518    18.150    55.583 16729856 0 0 16 24
t1   31   28    -7.796    18.822    52.672 16722176 0 0 16 23
t1   31   29    -8.075    19.494    49.762 16716800 0 0 16 22
t1   31   30    -8.353    20.167    46.851 16713216 0 0 16 21
t1   31   31    -8.632    20.839    43.941 16711935 0 0 16 20
t1   31   32    -8.910    21.511    41.030 16712192 0 0 16 19
t1   31   33    -9.189    22.183    38.120 16714496 0 0 16 18
t1   31   34    -9.467    22.856    35.210 16718592 0 0 16 17
t1   31   35    -9.746    23.528    32.299 16724224 0 0 16 16
t1   31   36   -10.024    24.200    29.389 16731136 0 0 16 15
t1   31   37   -10.302    24.872    26.478 16739584 0 0 16 14
t1   31   38   -10.581    25.544    23.568 16749056 0 0 16 13
t1   31   39   -10.859    26.217    20.657 16759552 0 0 16 12
t1   31   40   -11.138    26.889    17.747 16770816 0 0 16 11
t1   31   41   -11.416    27.561    14.837 15335168 0 0 16 10
t1   31   42   -11.695    28.233    11.926 12254976 0 0 16 9
t1   31   43   -11.973    28.906     9.016 9109248 0 0 16 8
t1   31   44   -12.251    29.578     6.105 5897984 0 0 16 7
t1   31   45   -12.530    30.250     3.195 2817792 0 0 16 6
t1   31   46   -12.808    30.922     0.284 65284 0 0 16 5
t1   31   47   -13.087    31.594    -2.626 65328 0 0 16 4
t1   31   48   -13.365    32.267    -5.536 65370 0 0 16 3
t1   31   49   -13.644    32.939    -8.447 65408 0 0 16 2
t1   31   50   -13.922    33.611   -11.357 65442 0 0 16 1
t1   32    1    -0.142     0.714   131.254 10223871 0 0 16 51
t1   32    2    -0.284     1.427   128.343 14418175 0 0 16 52
t1   32    3    -0.426     2.141   125.433 16711919 0 0 16 53
t1   32    4    -0.568     2.855   122.522 16711882 0 0 16 54
t1   32    5    -0.710     3.568   119.612 16711860 0 0 16 55
t1   32    6    -0.852     4.282   116.702 16711851 0 0 16 56
t1   32    7    -0.994     4.995   113.791 16711857 0 0 16 57
t1   32    8    -1.136     5.709   110.881 16711876 0 0 16 58
t1   32    9    -1.278     6.423   107.970 16711908 0 0 16 59
t1   32   10    -1.419     7.136   105.060 15597823 0 0 16 60
t1   32   11    -1.561     7.850   102.149 11993343 0 0 16 61
t1   32   12    -1.703     8.564    99.239 7864575 0 0 16 62
t1   32   13    -1.845     9.277    96.329 3145983 0 0 16 63
t1   32   14    -1.987     9.991    93.418 7679 0 0 16 64
t1   32   15    -2.129    10.704    90.508 28671 0 0 16 65
t1   32   16    -2.271    11.418    87.597 50687 0 0 16 66
t1   32   17    -2.413    12.132    84.687 65507 0 0 16 67
t1   32   18    -2.555    12.845    81.776 65421 0 0 16 68
t1   32   19    -2.697    13.559    78.866 65336 0 0 16 69
t1   32   20    -2.839    14.273    75.956 1769216 0 0 16 70
t1   32   21    -2.981    14.986    73.045 6881024 0 0 16 71
t1   32   22    -3.123    15.700    70.135 11665152 0 0 16 72
t1   32   23    -3.265    16.413    67.224 16056064 0 0 16 73
t1   32   24    -3.407    17.127    64.314 16764160 0 0 16 74
t1   32   25    -3.549    17.841    61.403 16750592 0 0 16 75
t1   32   26    -3.691    18.554    58.493 16738816 0 0 16 76
t1   32   27    -3.833    19.268    55.583 16729344 0 0 16 77
t1   32   28    -3.975    19.982    52.672 16721664 0 0 16 78
t1   32   29    -4.117    20.695    49.762 16716288 0 0 16 79
t1   32   30    -4.258    21.409    46.851 16712704 0 0 16 80
t1   32   31    -4.400    22.122    43.941 16712192 0 0 16 81
t1   32   32    -4.542    22.836    41.030 16711935 0 0 16 82
t1   32   33    -4.684    23.550    38.120 16713984 0 0 16 83
t1   32   34    -4.826    24.263    35.210 16717824 0 0 16 84
t1   32   35    -4.968    24.977    32.299 16723456 0 0 16 85
t1   32   36    -5.110    25.691    29.389 16730368 0 0 16 86
t1   32   37    -5.252    26.404    26.478 16738560 0 0 16 87
t1   32   38    -5.394    27.118    23.568 16747776 0 0 16 88
t1   32   39    -5.536    27.831    20.657 16758016 0 0 16 89
t1   32   40    -5.678    28.545    17.747 16768768 0 0 16 90
t1   32   41    -5.820    29.259    14.837 15990528 0 0 16 91
t1   32   42    -5.962    29.972    11.926 12975872 0 0 16 92
t1   32   43    -6.104    30.686     9.016 9961216 0 0 16 93
t1   32   44    -6.246    31.400     6.105 6946560 0 0 16 94
t1   32   45    -6.388    32.113     3.195 3997440 0 0 16 95
t1   32   46    -6.530    32.827     0.284 1179392 0 0 16 96
t1   32   47    -6.672    33.540    -2.626 65304 0 0 16 97
t1   32   48    -6.814    34.254    -5.536 65343 0 0 16 98
t1   32   49    -6.956    34.968    -8.447 65378 0 0 16 99
t1   32   50    -7.097    35.681   -11.357 65409 0 0 16 100
