t1 1 1 0.0 0.0 0.0 000000 0 0 1 50
t1 1 2 0.0 0.0 0.0 000000 0 0 1 49
t1 1 3 0.0 0.0 0.0 000000 0 0 1 48
t1 1 4 0.0 0.0 0.0 000000 0 0 1 47
t1 1 5 0.0 0.0 0.0 000000 0 0 1 46
t1 1 6 0.0 0.0 0.0 000000 0 0 1 45
t1 1 7 0.0 0.0 0.0 000000 0 0 1 44
t1 1 8 0.0 0.0 0.0 000000 0 0 1 43
t1 1 9 0.0 0.0 0.0 000000 0 0 1 42
t1 1 10 0.0 0.0 0.0 000000 0 0 1 41
t1 1 11 0.0 0.0 0.0 000000 0 0 1 40
t1 1 12 0.0 0.0 0.0 000000 0 0 1 39
t1 1 13 0.0 0.0 0.0 000000 0 0 1 38
t1 1 14 0.0 0.0 0.0 000000 0 0 1 37
t1 1 15 0.0 0.0 0.0 000000 0 0 1 36
t1 1 16 0.0 0.0 0.0 000000 0 0 1 35
t1 1 17 0.0 0.0 0.0 000000 0 0 1 34
t1 1 18 0.0 0.0 0.0 000000 0 0 1 33
t1 1 19 0.0 0.0 0.0 000000 0 0 1 32
t1 1 20 0.0 0.0 0.0 000000 0 0 1 31
t1 1 21 0.0 0.0 0.0 000000 0 0 1 30
t1 1 22 0.0 0.0 0.0 000000 0 0 1 29
t1 1 23 0.0 0.0 0.0 000000 0 0 1 28
t1 1 24 0.0 0.0 0.0 000000 0 0 1 27
t1 1 25 0.0 0.0 0.0 000000 0 0 1 26
t1 1 26 0.0 0.0 0.0 000000 0 0 1 25
t1 1 27 0.0 0.0 0.0 000000 0 0 1 24
t1 1 28 0.0 0.0 0.0 000000 0 0 1 23
t1 1 29 0.0 0.0 0.0 000000 0 0 1 22
t1 1 30 0.0 0.0 0.0 000000 0 0 1 21
t1 1 31 0.0 0.0 0.0 000000 0 0 1 20
t1 1 32 0.0 0.0 0.0 000000 0 0 1 19
t1 1 33 0.0 0.0 0.0 000000 0 0 1 18
t1 1 34 0.0 0.0 0.0 000000 0 0 1 17
t1 1 35 0.0 0.0 0.0 000000 0 0 1 16
t1    1   36     0.000    26.194    29.389 2567173 0 0 1 15
t1    1   37     0.000    26.921    26.478 5134090 0 0 1 14
t1    1   38     0.000    27.649    23.568 7635728 0 0 1 13
t1    1   39     0.000    28.377    20.657 10202645 0 0 1 12
t1    1   40     0.000    29.104    17.747 12769818 0 0 1 11
t1 1 41 0.0 0.0 0.0 000000 0 0 1 10
t1 1 42 0.0 0.0 0.0 000000 0 0 1 9
t1 1 43 0.0 0.0 0.0 000000 0 0 1 8
t1 1 44 0.0 0.0 0.0 000000 0 0 1 7
t1 1 45 0.0 0.0 0.0 000000 0 0 1 6
t1    1   46     0.000    33.470     0.284 2950928 0 0 1 5
t1 1 47 0.0 0.0 0.0 000000 0 0 1 4
t1    1   48     0.000    34.925    -5.536 1972747 0 0 1 3
t1 1 49 0.0 0.0 0.0 000000 0 0 1 2
t1    1   50     0.000    36.380   -11.357 1648946 0 0 1 1
t1 2 1 0.0 0.0 0.0 000000 0 0 1 51
t1 2 2 0.0 0.0 0.0 000000 0 0 1 52
t1 2 3 0.0 0.0 0.0 000000 0 0 1 53
t1 2 4 0.0 0.0 0.0 000000 0 0 1 54
t1 2 5 0.0 0.0 0.0 000000 0 0 1 55
t1 2 6 0.0 0.0 0.0 000000 0 0 1 56
t1 2 7 0.0 0.0 0.0 000000 0 0 1 57
t1 2 8 0.0 0.0 0.0 000000 0 0 1 58
t1    2    9     1.278     6.423   107.970 2956067 0 0 1 59
t1    2   10     1.419     7.136   105.060 5912135 0 0 1 60
t1    2   11     1.561     7.850   102.149 8802922 0 0 1 61
t1    2   12     1.703     8.564    99.239 11758990 0 0 1 62
t1    2   13     1.845     9.277    96.329 14715057 0 0 1 63
t1 2 14 0.0 0.0 0.0 000000 0 0 1 64
t1 2 15 0.0 0.0 0.0 000000 0 0 1 65
t1 2 16 0.0 0.0 0.0 000000 0 0 1 66
t1 2 17 0.0 0.0 0.0 000000 0 0 1 67
t1 2 18 0.0 0.0 0.0 000000 0 0 1 68
t1 2 19 0.0 0.0 0.0 000000 0 0 1 69
t1 2 20 0.0 0.0 0.0 000000 0 0 1 70
t1 2 21 0.0 0.0 0.0 000000 0 0 1 71
t1 2 22 0.0 0.0 0.0 000000 0 0 1 72
t1 2 23 0.0 0.0 0.0 000000 0 0 1 73
t1 2 24 0.0 0.0 0.0 000000 0 0 1 74
t1 2 25 0.0 0.0 0.0 000000 0 0 1 75
t1 2 26 0.0 0.0 0.0 000000 0 0 1 76
t1 2 27 0.0 0.0 0.0 000000 0 0 1 77
t1    2   28     3.975    19.982    52.672 1314865 0 0 1 78
t1    2   29     4.117    20.695    49.762 2629987 0 0 1 79
t1    2   30     4.258    21.409    46.851 3879316 0 0 1 80
t1    2   31     4.400    22.122    43.941 5194438 0 0 1 81
t1    2   32     4.542    22.836    41.030 6509303 0 0 1 82
t1 2 33 0.0 0.0 0.0 000000 0 0 1 83
t1 2 34 0.0 0.0 0.0 000000 0 0 1 84
t1 2 35 0.0 0.0 0.0 000000 0 0 1 85
t1 2 36 0.0 0.0 0.0 000000 0 0 1 86
t1 2 37 0.0 0.0 0.0 000000 0 0 1 87
t1 2 38 0.0 0.0 0.0 000000 0 0 1 88
t1 2 39 0.0 0.0 0.0 000000 0 0 1 89
t1 2 40 0.0 0.0 0.0 000000 0 0 1 90
t1 2 41 0.0 0.0 0.0 000000 0 0 1 91
t1 2 42 0.0 0.0 0.0 000000 0 0 1 92
t1 2 43 0.0 0.0 0.0 000000 0 0 1 93
t1 2 44 0.0 0.0 0.0 000000 0 0 1 94
t1 2 45 0.0 0.0 0.0 000000 0 0 1 95
t1 2 46 0.0 0.0 0.0 000000 0 0 1 96
t1 2 47 0.0 0.0 0.0 000000 0 0 1 97
t1 2 48 0.0 0.0 0.0 000000 0 0 1 98
t1 2 49 0.0 0.0 0.0 000000 0 0 1 99
t1 2 50 0.0 0.0 0.0 000000 0 0 1 100
t1 3 1 0.0 0.0 0.0 000000 0 0 2 50
t1 3 2 0.0 0.0 0.0 000000 0 0 2 49
t1 3 3 0.0 0.0 0.0 000000 0 0 2 48
t1 3 4 0.0 0.0 0.0 000000 0 0 2 47
t1 3 5 0.0 0.0 0.0 000000 0 0 2 46
t1 3 6 0.0 0.0 0.0 000000 0 0 2 45
t1 3 7 0.0 0.0 0.0 000000 0 0 2 44
t1 3 8 0.0 0.0 0.0 000000 0 0 2 43
t1 3 9 0.0 0.0 0.0 000000 0 0 2 42
t1 3 10 0.0 0.0 0.0 000000 0 0 2 41
t1 3 11 0.0 0.0 0.0 000000 0 0 2 40
t1 3 12 0.0 0.0 0.0 000000 0 0 2 39
t1 3 13 0.0 0.0 0.0 000000 0 0 2 38
t1 3 14 0.0 0.0 0.0 000000 0 0 2 37
t1 3 15 0.0 0.0 0.0 000000 0 0 2 36
t1 3 16 0.0 0.0 0.0 000000 0 0 2 35
t1 3 17 0.0 0.0 0.0 000000 0 0 2 34
t1 3 18 0.0 0.0 0.0 000000 0 0 2 33
t1 3 19 0.0 0.0 0.0 000000 0 0 2 32
t1 3 20 0.0 0.0 0.0 000000 0 0 2 31
t1 3 21 0.0 0.0 0.0 000000 0 0 2 30
t1 3 22 0.0 0.0 0.0 000000 0 0 2 29
t1 3 23 0.0 0.0 0.0 000000 0 0 2 28
t1 3 24 0.0 0.0 0.0 000000 0 0 2 27
t1 3 25 0.0 0.0 0.0 000000 0 0 2 26
t1 3 26 0.0 0.0 0.0 000000 0 0 2 25
t1 3 27 0.0 0.0 0.0 000000 0 0 2 24
t1 3 28 0.0 0.0 0.0 000000 0 0 2 23
t1 3 29 0.0 0.0 0.0 000000 0 0 2 22
t1 3 30 0.0 0.0 0.0 000000 0 0 2 21
t1    3   31     8.632    20.839    43.941 917809 0 0 2 20
t1    3   32     8.910    21.511    41.030 1835618 0 0 2 19
t1    3   33     9.189    22.183    38.120 2819219 0 0 2 18
t1    3   34     9.467    22.856    35.210 3737028 0 0 2 17
t1    3   35     9.746    23.528    32.299 4654837 0 0 2 16
t1 3 36 0.0 0.0 0.0 000000 0 0 2 15
t1 3 37 0.0 0.0 0.0 000000 0 0 2 14
t1 3 38 0.0 0.0 0.0 000000 0 0 2 13
t1    3   39    10.859    26.217    20.657 1644575 0 0 2 12
t1    3   40    11.138    26.889    17.747 3289406 0 0 2 11
t1    3   41    11.416    27.561    14.837 4999516 0 0 2 10
t1    3   42    11.695    28.233    11.926 6644347 0 0 2 9
t1    3   43    11.973    28.906     9.016 8288922 0 0 2 8
t1    3   44    12.251    29.578     6.105 3170060 0 0 2 7
t1    3   45    12.530    30.250     3.195 4689683 0 0 2 6
t1    3   46    12.808    30.922     0.284 6274585 0 0 2 5
t1    3   47    13.087    31.594    -2.626 7859743 0 0 2 4
t1 3 48 0.0 0.0 0.0 000000 0 0 2 3
t1 3 49 0.0 0.0 0.0 000000 0 0 2 2
t1 3 50 0.0 0.0 0.0 000000 0 0 2 1
t1 4 1 0.0 0.0 0.0 000000 0 0 2 51
t1 4 2 0.0 0.0 0.0 000000 0 0 2 52
t1 4 3 0.0 0.0 0.0 000000 0 0 2 53
t1 4 4 0.0 0.0 0.0 000000 0 0 2 54
t1 4 5 0.0 0.0 0.0 000000 0 0 2 55
t1 4 6 0.0 0.0 0.0 000000 0 0 2 56
t1 4 7 0.0 0.0 0.0 000000 0 0 2 57
t1 4 8 0.0 0.0 0.0 000000 0 0 2 58
t1    4    9     3.638     5.445   107.970 2165787 0 0 2 59
t1    4   10     4.042     6.050   105.060 4266294 0 0 2 60
t1    4   11     4.447     6.655   102.149 6432080 0 0 2 61
t1    4   12     4.851     7.260    99.239 8532587 0 0 2 62
t1    4   13     5.255     7.865    96.329 10698374 0 0 2 63
t1 4 14 0.0 0.0 0.0 000000 0 0 2 64
t1 4 15 0.0 0.0 0.0 000000 0 0 2 65
t1    4   16     6.468     9.680    87.597 1442337 0 0 2 66
t1    4   17     6.872    10.285    84.687 2819138 0 0 2 67
t1    4   18     7.276    10.890    81.776 4261475 0 0 2 68
t1    4   19     7.680    11.495    78.866 5638276 0 0 2 69
t1    4   20     8.085    12.100    75.956 7080613 0 0 2 70
t1    4   21     8.489    12.705    73.045 4543286 0 0 2 71
t1    4   22     8.893    13.310    70.135 6847825 0 0 2 72
t1    4   23     9.297    13.915    67.224 9086572 0 0 2 73
t1    4   24     9.702    14.520    64.314 11391111 0 0 2 74
t1 4 25 0.0 0.0 0.0 000000 0 0 2 75
t1 4 26 0.0 0.0 0.0 000000 0 0 2 76
t1    4   27    10.914    16.335    55.583 1049649 0 0 2 77
t1    4   28    11.319    16.940    52.672 2033506 0 0 2 78
t1    4   29    11.723    17.545    49.762 3083156 0 0 2 79
t1 4 30 0.0 0.0 0.0 000000 0 0 2 80
t1    4   31    12.531    18.754    43.941 2830108 0 0 2 81
t1    4   32    12.936    19.359    41.030 5725496 0 0 2 82
t1    4   33    13.340    19.964    38.120 8555604 0 0 2 83
t1    4   34    13.744    20.569    35.210 11450992 0 0 2 84
t1    4   35    14.148    21.174    32.299 14281100 0 0 2 85
t1 4 36 0.0 0.0 0.0 000000 0 0 2 86
t1 4 37 0.0 0.0 0.0 000000 0 0 2 87
t1 4 38 0.0 0.0 0.0 000000 0 0 2 88
t1 4 39 0.0 0.0 0.0 000000 0 0 2 89
t1 4 40 0.0 0.0 0.0 000000 0 0 2 90
t1 4 41 0.0 0.0 0.0 000000 0 0 2 91
t1 4 42 0.0 0.0 0.0 000000 0 0 2 92
t1    4   43    17.382    26.014     9.016 1772802 0 0 2 93
t1    4   44    17.786    26.619     6.105 3611396 0 0 2 94
t1    4   45    18.191    27.224     3.195 5384198 0 0 2 95
t1    4   46    18.595    27.829     0.284 7222792 0 0 2 96
t1    4   47    18.999    28.434    -2.626 8995594 0 0 2 97
t1 4 48 0.0 0.0 0.0 000000 0 0 2 98
t1 4 49 0.0 0.0 0.0 000000 0 0 2 99
t1 4 50 0.0 0.0 0.0 000000 0 0 2 100
t1 5 1 0.0 0.0 0.0 000000 0 0 3 50
t1 5 2 0.0 0.0 0.0 000000 0 0 3 49
t1 5 3 0.0 0.0 0.0 000000 0 0 3 48
t1 5 4 0.0 0.0 0.0 000000 0 0 3 47
t1 5 5 0.0 0.0 0.0 000000 0 0 3 46
t1 5 6 0.0 0.0 0.0 000000 0 0 3 45
t1 5 7 0.0 0.0 0.0 000000 0 0 3 44
t1 5 8 0.0 0.0 0.0 000000 0 0 3 43
t1 5 9 0.0 0.0 0.0 000000 0 0 3 42
t1 5 10 0.0 0.0 0.0 000000 0 0 3 41
t1 5 11 0.0 0.0 0.0 000000 0 0 3 40
t1 5 12 0.0 0.0 0.0 000000 0 0 3 39
t1 5 13 0.0 0.0 0.0 000000 0 0 3 38
t1 5 14 0.0 0.0 0.0 000000 0 0 3 37
t1 5 15 0.0 0.0 0.0 000000 0 0 3 36
t1 5 16 0.0 0.0 0.0 000000 0 0 3 35
t1 5 17 0.0 0.0 0.0 000000 0 0 3 34
t1 5 18 0.0 0.0 0.0 000000 0 0 3 33
t1 5 19 0.0 0.0 0.0 000000 0 0 3 32
t1 5 20 0.0 0.0 0.0 000000 0 0 3 31
t1 5 21 0.0 0.0 0.0 000000 0 0 3 30
t1 5 22 0.0 0.0 0.0 000000 0 0 3 29
t1 5 23 0.0 0.0 0.0 000000 0 0 3 28
t1 5 24 0.0 0.0 0.0 000000 0 0 3 27
t1    5   25    12.862    12.862    61.403 1508107 0 0 3 26
t1    5   26    13.377    13.377    58.493 2950678 0 0 3 25
t1    5   27    13.891    13.891    55.583 4458786 0 0 3 24
t1    5   28    14.406    14.406    52.672 5901357 0 0 3 23
t1    5   29    14.920    14.920    49.762 7409464 0 0 3 22
t1 5 30 0.0 0.0 0.0 000000 0 0 3 21
t1 5 31 0.0 0.0 0.0 000000 0 0 3 20
t1 5 32 0.0 0.0 0.0 000000 0 0 3 19
t1 5 33 0.0 0.0 0.0 000000 0 0 3 18
t1    5   34    17.493    17.493    35.210 930339 0 0 3 17
t1    5   35    18.007    18.007    32.299 1860933 0 0 3 16
t1    5   36    18.522    18.522    29.389 2856808 0 0 3 15
t1    5   37    19.036    19.036    26.478 3787402 0 0 3 14
t1    5   38    19.551    19.551    23.568 4717741 0 0 3 13
t1 5 39 0.0 0.0 0.0 000000 0 0 3 12
t1 5 40 0.0 0.0 0.0 000000 0 0 3 11
t1 5 41 0.0 0.0 0.0 000000 0 0 3 10
t1 5 42 0.0 0.0 0.0 000000 0 0 3 9
t1 5 43 0.0 0.0 0.0 000000 0 0 3 8
t1 5 44 0.0 0.0 0.0 000000 0 0 3 7
t1 5 45 0.0 0.0 0.0 000000 0 0 3 6
t1    5   46    23.667    23.667     0.284 1256986 0 0 3 5
t1    5   47    24.181    24.181    -2.626 2579507 0 0 3 4
t1    5   48    24.696    24.696    -5.536 3836237 0 0 3 3
t1    5   49    25.210    25.210    -8.447 5158758 0 0 3 2
t1    5   50    25.725    25.725   -11.357 6415744 0 0 3 1
t1 6 1 0.0 0.0 0.0 000000 0 0 3 51
t1    6    2     1.210     0.808   128.343 731168 0 0 3 52
t1    6    3     1.815     1.213   125.433 1462336 0 0 3 53
t1    6    4     2.420     1.617   122.522 2259297 0 0 3 54
t1    6    5     3.025     2.021   119.612 2990465 0 0 3 55
t1    6    6     3.630     2.425   116.702 3721633 0 0 3 56
t1 6 7 0.0 0.0 0.0 000000 0 0 3 57
t1 6 8 0.0 0.0 0.0 000000 0 0 3 58
t1 6 9 0.0 0.0 0.0 000000 0 0 3 59
t1 6 10 0.0 0.0 0.0 000000 0 0 3 60
t1 6 11 0.0 0.0 0.0 000000 0 0 3 61
t1 6 12 0.0 0.0 0.0 000000 0 0 3 62
t1 6 13 0.0 0.0 0.0 000000 0 0 3 63
t1    6   14     8.470     5.659    93.418 1848093 0 0 3 64
t1    6   15     9.075     6.064    90.508 3761466 0 0 3 65
t1    6   16     9.680     6.468    87.597 5609560 0 0 3 66
t1    6   17    10.285     6.872    84.687 7522933 0 0 3 67
t1    6   18    10.890     7.276    81.776 9371026 0 0 3 68
t1 6 19 0.0 0.0 0.0 000000 0 0 3 69
t1 6 20 0.0 0.0 0.0 000000 0 0 3 70
t1 6 21 0.0 0.0 0.0 000000 0 0 3 71
t1 6 22 0.0 0.0 0.0 000000 0 0 3 72
t1 6 23 0.0 0.0 0.0 000000 0 0 3 73
t1 6 24 0.0 0.0 0.0 000000 0 0 3 74
t1    6   25    15.125    10.106    61.403 3155741 0 0 3 75
t1    6   26    15.730    10.510    58.493 6311482 0 0 3 76
t1    6   27    16.335    10.914    55.583 9466966 0 0 3 77
t1    6   28    16.940    11.319    52.672 12622707 0 0 3 78
t1    6   29    17.545    11.723    49.762 15778448 0 0 3 79
t1 6 30 0.0 0.0 0.0 000000 0 0 3 80
t1 6 31 0.0 0.0 0.0 000000 0 0 3 81
t1 6 32 0.0 0.0 0.0 000000 0 0 3 82
t1 6 33 0.0 0.0 0.0 000000 0 0 3 83
t1 6 34 0.0 0.0 0.0 000000 0 0 3 84
t1 6 35 0.0 0.0 0.0 000000 0 0 3 85
t1 6 36 0.0 0.0 0.0 000000 0 0 3 86
t1 6 37 0.0 0.0 0.0 000000 0 0 3 87
t1 6 38 0.0 0.0 0.0 000000 0 0 3 88
t1 6 39 0.0 0.0 0.0 000000 0 0 3 89
t1 6 40 0.0 0.0 0.0 000000 0 0 3 90
t1    6   41    24.804    16.574    14.837 2042412 0 0 3 91
t1    6   42    25.409    16.978    11.926 4150616 0 0 3 92
t1    6   43    26.014    17.382     9.016 6193029 0 0 3 93
t1    6   44    26.619    17.786     6.105 8301233 0 0 3 94
t1    6   45    27.224    18.191     3.195 10343645 0 0 3 95
t1 6 46 0.0 0.0 0.0 000000 0 0 3 96
t1 6 47 0.0 0.0 0.0 000000 0 0 3 97
t1 6 48 0.0 0.0 0.0 000000 0 0 3 98
t1 6 49 0.0 0.0 0.0 000000 0 0 3 99
t1 6 50 0.0 0.0 0.0 000000 0 0 3 100
t1 7 1 0.0 0.0 0.0 000000 0 0 4 50
t1 7 2 0.0 0.0 0.0 000000 0 0 4 49
t1 7 3 0.0 0.0 0.0 000000 0 0 4 48
t1 7 4 0.0 0.0 0.0 000000 0 0 4 47
t1    7    5     3.361     1.392   119.612 1645607 0 0 4 46
t1    7    6     4.033     1.671   116.702 3356494 0 0 4 45
t1    7    7     4.706     1.949   113.791 5002100 0 0 4 44
t1    7    8     5.378     2.228   110.881 6712987 0 0 4 43
t1    7    9     6.050     2.506   107.970 8358594 0 0 4 42
t1 7 10 0.0 0.0 0.0 000000 0 0 4 41
t1 7 11 0.0 0.0 0.0 000000 0 0 4 40
t1 7 12 0.0 0.0 0.0 000000 0 0 4 39
t1 7 13 0.0 0.0 0.0 000000 0 0 4 38
t1 7 14 0.0 0.0 0.0 000000 0 0 4 37
t1 7 15 0.0 0.0 0.0 000000 0 0 4 36
t1 7 16 0.0 0.0 0.0 000000 0 0 4 35
t1    7   17    11.428     4.734    84.687 2827812 0 0 4 34
t1    7   18    12.100     5.012    81.776 5590088 0 0 4 33
t1    7   19    12.772     5.290    78.866 8417899 0 0 4 32
t1    7   20    13.444     5.569    75.956 11180175 0 0 4 31
t1    7   21    14.117     5.847    73.045 14007987 0 0 4 30
t1 7 22 0.0 0.0 0.0 000000 0 0 4 29
t1 7 23 0.0 0.0 0.0 000000 0 0 4 28
t1    7   24    16.133     6.683    64.314 2626564 0 0 4 27
t1    7   25    16.806     6.961    61.403 5318664 0 0 4 26
t1    7   26    17.478     7.240    58.493 7945227 0 0 4 25
t1    7   27    18.150     7.518    55.583 10637327 0 0 4 24
t1    7   28    18.822     7.796    52.672 13263891 0 0 4 23
t1 7 29 0.0 0.0 0.0 000000 0 0 4 22
t1 7 30 0.0 0.0 0.0 000000 0 0 4 21
t1 7 31 0.0 0.0 0.0 000000 0 0 4 20
t1 7 32 0.0 0.0 0.0 000000 0 0 4 19
t1 7 33 0.0 0.0 0.0 000000 0 0 4 18
t1 7 34 0.0 0.0 0.0 000000 0 0 4 17
t1 7 35 0.0 0.0 0.0 000000 0 0 4 16
t1 7 36 0.0 0.0 0.0 000000 0 0 4 15
t1 7 37 0.0 0.0 0.0 000000 0 0 4 14
t1    7   38    25.544    10.581    23.568 3345940 0 0 4 13
t1    7   39    26.217    10.859    20.657 6692135 0 0 4 12
t1    7   40    26.889    11.138    17.747 9972539 0 0 4 11
t1    7   41    27.561    11.416    14.837 13318734 0 0 4 10
t1    7   42    28.233    11.695    11.926 16664674 0 0 4 9
t1    7   43    28.906    11.973     9.016 5191051 0 0 4 8
t1    7   44    29.578    12.251     6.105 6964921 0 0 4 7
t1 7 45 0.0 0.0 0.0 000000 0 0 4 6
t1    7   46    30.922    12.808     0.284 3082006 0 0 4 5
t1    7   47    31.594    13.087    -2.626 6164011 0 0 4 4
t1    7   48    32.267    13.365    -5.536 9180481 0 0 4 3
t1    7   49    32.939    13.644    -8.447 12262486 0 0 4 2
t1    7   50    33.611    13.922   -11.357 15344492 0 0 4 1
t1 8 1 0.0 0.0 0.0 000000 0 0 4 51
t1 8 2 0.0 0.0 0.0 000000 0 0 4 52
t1 8 3 0.0 0.0 0.0 000000 0 0 4 53
t1 8 4 0.0 0.0 0.0 000000 0 0 4 54
t1 8 5 0.0 0.0 0.0 000000 0 0 4 55
t1 8 6 0.0 0.0 0.0 000000 0 0 4 56
t1 8 7 0.0 0.0 0.0 000000 0 0 4 57
t1 8 8 0.0 0.0 0.0 000000 0 0 4 58
t1 8 9 0.0 0.0 0.0 000000 0 0 4 59
t1 8 10 0.0 0.0 0.0 000000 0 0 4 60
t1 8 11 0.0 0.0 0.0 000000 0 0 4 61
t1 8 12 0.0 0.0 0.0 000000 0 0 4 62
t1 8 13 0.0 0.0 0.0 000000 0 0 4 63
t1 8 14 0.0 0.0 0.0 000000 0 0 4 64
t1    8   15    10.704     2.129    90.508 2556722 0 0 4 65
t1    8   16    11.418     2.271    87.597 5113444 0 0 4 66
t1    8   17    12.132     2.413    84.687 7669910 0 0 4 67
t1    8   18    12.845     2.555    81.776 10226632 0 0 4 68
t1    8   19    13.559     2.697    78.866 12783354 0 0 4 69
t1 8 20 0.0 0.0 0.0 000000 0 0 4 70
t1 8 21 0.0 0.0 0.0 000000 0 0 4 71
t1 8 22 0.0 0.0 0.0 000000 0 0 4 72
t1 8 23 0.0 0.0 0.0 000000 0 0 4 73
t1 8 24 0.0 0.0 0.0 000000 0 0 4 74
t1 8 25 0.0 0.0 0.0 000000 0 0 4 75
t1 8 26 0.0 0.0 0.0 000000 0 0 4 76
t1 8 27 0.0 0.0 0.0 000000 0 0 4 77
t1 8 28 0.0 0.0 0.0 000000 0 0 4 78
t1 8 29 0.0 0.0 0.0 000000 0 0 4 79
t1    8   30    21.409     4.258    46.851 2893333 0 0 4 80
t1    8   31    22.122     4.400    43.941 5786923 0 0 4 81
t1    8   32    22.836     4.542    41.030 8745792 0 0 4 82
t1    8   33    23.550     4.684    38.120 11639382 0 0 4 83
t1    8   34    24.263     4.826    35.210 14532715 0 0 4 84
t1    8   35    24.977     4.968    32.299 7967026 0 0 4 85
t1    8   36    25.691     5.110    29.389 9942335 0 0 4 86
t1 8 37 0.0 0.0 0.0 000000 0 0 4 87
t1 8 38 0.0 0.0 0.0 000000 0 0 4 88
t1 8 39 0.0 0.0 0.0 000000 0 0 4 89
t1    8   40    28.545     5.678    17.747 2437131 0 0 4 90
t1    8   41    29.259     5.820    14.837 4874518 0 0 4 91
t1    8   42    29.972     5.962    11.926 7311649 0 0 4 92
t1    8   43    30.686     6.104     9.016 9749036 0 0 4 93
t1    8   44    31.400     6.246     6.105 12186167 0 0 4 94
t1    8   45    32.113     6.388     3.195 5647939 0 0 4 95
t1 8 46 0.0 0.0 0.0 000000 0 0 4 96
t1 8 47 0.0 0.0 0.0 000000 0 0 4 97
t1    8   48    34.254     6.814    -5.536 2889737 0 0 4 98
t1    8   49    34.968     6.956    -8.447 5714194 0 0 4 99
t1    8   50    35.681     7.097   -11.357 8603932 0 0 4 100
t1 9 1 0.0 0.0 0.0 000000 0 0 5 50
t1 9 2 0.0 0.0 0.0 000000 0 0 5 49
t1 9 3 0.0 0.0 0.0 000000 0 0 5 48
t1 9 4 0.0 0.0 0.0 000000 0 0 5 47
t1 9 5 0.0 0.0 0.0 000000 0 0 5 46
t1 9 6 0.0 0.0 0.0 000000 0 0 5 45
t1 9 7 0.0 0.0 0.0 000000 0 0 5 44
t1 9 8 0.0 0.0 0.0 000000 0 0 5 43
t1 9 9 0.0 0.0 0.0 000000 0 0 5 42
t1 9 10 0.0 0.0 0.0 000000 0 0 5 41
t1 9 11 0.0 0.0 0.0 000000 0 0 5 40
t1 9 12 0.0 0.0 0.0 000000 0 0 5 39
t1 9 13 0.0 0.0 0.0 000000 0 0 5 38
t1 9 14 0.0 0.0 0.0 000000 0 0 5 37
t1    9   15    10.914     0.000    90.508 1647384 0 0 5 36
t1    9   16    11.642     0.000    87.597 3294769 0 0 5 35
t1    9   17    12.369     0.000    84.687 5007689 0 0 5 34
t1    9   18    13.097     0.000    81.776 6655074 0 0 5 33
t1    9   19    13.825     0.000    78.866 8302458 0 0 5 32
t1 9 20 0.0 0.0 0.0 000000 0 0 5 31
t1 9 21 0.0 0.0 0.0 000000 0 0 5 30
t1 9 22 0.0 0.0 0.0 000000 0 0 5 29
t1 9 23 0.0 0.0 0.0 000000 0 0 5 28
t1 9 24 0.0 0.0 0.0 000000 0 0 5 27
t1 9 25 0.0 0.0 0.0 000000 0 0 5 26
t1 9 26 0.0 0.0 0.0 000000 0 0 5 25
t1 9 27 0.0 0.0 0.0 000000 0 0 5 24
t1 9 28 0.0 0.0 0.0 000000 0 0 5 23
t1 9 29 0.0 0.0 0.0 000000 0 0 5 22
t1 9 30 0.0 0.0 0.0 000000 0 0 5 21
t1 9 31 0.0 0.0 0.0 000000 0 0 5 20
t1 9 32 0.0 0.0 0.0 000000 0 0 5 19
t1 9 33 0.0 0.0 0.0 000000 0 0 5 18
t1 9 34 0.0 0.0 0.0 000000 0 0 5 17
t1 9 35 0.0 0.0 0.0 000000 0 0 5 16
t1    9   36    26.194     0.000    29.389 1846029 0 0 5 15
t1    9   37    26.921     0.000    26.478 3757593 0 0 5 14
t1    9   38    27.649     0.000    23.568 5603878 0 0 5 13
t1    9   39    28.377     0.000    20.657 7515442 0 0 5 12
t1    9   40    29.104     0.000    17.747 9361471 0 0 5 11
t1 9 41 0.0 0.0 0.0 000000 0 0 5 10
t1    9   42    30.559     0.000    11.926 1970706 0 0 5 9
t1    9   43    31.287     0.000     9.016 3876131 0 0 5 8
t1    9   44    32.015     0.000     6.105 5846837 0 0 5 7
t1    9   45    32.742     0.000     3.195 7752262 0 0 5 6
t1    9   46    33.470     0.000     0.284 9722968 0 0 5 5
t1 9 47 0.0 0.0 0.0 000000 0 0 5 4
t1    9   48    34.925     0.000    -5.536 1446434 0 0 5 3
t1    9   49    35.653     0.000    -8.447 2892612 0 0 5 2
t1    9   50    36.380     0.000   -11.357 4404581 0 0 5 1
t1 10 1 0.0 0.0 0.0 000000 0 0 5 51
t1 10 2 0.0 0.0 0.0 000000 0 0 5 52
t1 10 3 0.0 0.0 0.0 000000 0 0 5 53
t1 10 4 0.0 0.0 0.0 000000 0 0 5 54
t1 10 5 0.0 0.0 0.0 000000 0 0 5 55
t1 10 6 0.0 0.0 0.0 000000 0 0 5 56
t1 10 7 0.0 0.0 0.0 000000 0 0 5 57
t1 10 8 0.0 0.0 0.0 000000 0 0 5 58
t1 10 9 0.0 0.0 0.0 000000 0 0 5 59
t1 10 10 0.0 0.0 0.0 000000 0 0 5 60
t1   10   11     7.850    -1.561   102.149 1254168 0 0 5 61
t1   10   12     8.564    -1.703    99.239 2508336 0 0 5 62
t1   10   13     9.277    -1.845    96.329 3827783 0 0 5 63
t1   10   14     9.991    -1.987    93.418 5081951 0 0 5 64
t1   10   15    10.704    -2.129    90.508 6336119 0 0 5 65
t1 10 16 0.0 0.0 0.0 000000 0 0 5 66
t1 10 17 0.0 0.0 0.0 000000 0 0 5 67
t1 10 18 0.0 0.0 0.0 000000 0 0 5 68
t1 10 19 0.0 0.0 0.0 000000 0 0 5 69
t1   10   20    14.273    -2.839    75.956 2753555 0 0 5 70
t1   10   21    14.986    -2.981    73.045 5507110 0 0 5 71
t1   10   22    15.700    -3.123    70.135 8260409 0 0 5 72
t1   10   23    16.413    -3.265    67.224 11013964 0 0 5 73
t1   10   24    17.127    -3.407    64.314 13767519 0 0 5 74
t1 10 25 0.0 0.0 0.0 000000 0 0 5 75
t1 10 26 0.0 0.0 0.0 000000 0 0 5 76
t1 10 27 0.0 0.0 0.0 000000 0 0 5 77
t1 10 28 0.0 0.0 0.0 000000 0 0 5 78
t1 10 29 0.0 0.0 0.0 000000 0 0 5 79
t1   10   30    21.409    -4.258    46.851 1376290 0 0 5 80
t1   10   31    22.122    -4.400    43.941 2752580 0 0 5 81
t1   10   32    22.836    -4.542    41.030 4194661 0 0 5 82
t1   10   33    23.550    -4.684    38.120 5570951 0 0 5 83
t1   10   34    24.263    -4.826    35.210 6947241 0 0 5 84
t1 10 35 0.0 0.0 0.0 000000 0 0 5 85
t1 10 36 0.0 0.0 0.0 000000 0 0 5 86
t1 10 37 0.0 0.0 0.0 000000 0 0 5 87
t1 10 38 0.0 0.0 0.0 000000 0 0 5 88
t1 10 39 0.0 0.0 0.0 000000 0 0 5 89
t1 10 40 0.0 0.0 0.0 000000 0 0 5 90
t1 10 41 0.0 0.0 0.0 000000 0 0 5 91
t1 10 42 0.0 0.0 0.0 000000 0 0 5 92
t1 10 43 0.0 0.0 0.0 000000 0 0 5 93
t1 10 44 0.0 0.0 0.0 000000 0 0 5 94
t1 10 45 0.0 0.0 0.0 000000 0 0 5 95
t1 10 46 0.0 0.0 0.0 000000 0 0 5 96
t1 10 47 0.0 0.0 0.0 000000 0 0 5 97
t1 10 48 0.0 0.0 0.0 000000 0 0 5 98
t1 10 49 0.0 0.0 0.0 000000 0 0 5 99
t1 10 50 0.0 0.0 0.0 000000 0 0 5 100
t1 11 1 0.0 0.0 0.0 000000 0 0 6 50
t1 11 2 0.0 0.0 0.0 000000 0 0 6 49
t1 11 3 0.0 0.0 0.0 000000 0 0 6 48
t1 11 4 0.0 0.0 0.0 000000 0 0 6 47
t1 11 5 0.0 0.0 0.0 000000 0 0 6 46
t1 11 6 0.0 0.0 0.0 000000 0 0 6 45
t1 11 7 0.0 0.0 0.0 000000 0 0 6 44
t1 11 8 0.0 0.0 0.0 000000 0 0 6 43
t1 11 9 0.0 0.0 0.0 000000 0 0 6 42
t1 11 10 0.0 0.0 0.0 000000 0 0 6 41
t1 11 11 0.0 0.0 0.0 000000 0 0 6 40
t1 11 12 0.0 0.0 0.0 000000 0 0 6 39
t1 11 13 0.0 0.0 0.0 000000 0 0 6 38
t1 11 14 0.0 0.0 0.0 000000 0 0 6 37
t1 11 15 0.0 0.0 0.0 000000 0 0 6 36
t1 11 16 0.0 0.0 0.0 000000 0 0 6 35
t1 11 17 0.0 0.0 0.0 000000 0 0 6 34
t1 11 18 0.0 0.0 0.0 000000 0 0 6 33
t1 11 19 0.0 0.0 0.0 000000 0 0 6 32
t1 11 20 0.0 0.0 0.0 000000 0 0 6 31
t1 11 21 0.0 0.0 0.0 000000 0 0 6 30
t1   11   22    14.789    -6.126    70.135 1444896 0 0 6 29
t1 11 23 0.0 0.0 0.0 000000 0 0 6 28
t1   11   24    16.133    -6.683    64.314 3016736 0 0 6 27
t1   11   25    16.806    -6.961    61.403 6033216 0 0 6 26
t1   11   26    17.478    -7.240    58.493 8984416 0 0 6 25
t1   11   27    18.150    -7.518    55.583 12000896 0 0 6 24
t1   11   28    18.822    -7.796    52.672 15017632 0 0 6 23
t1 11 29 0.0 0.0 0.0 000000 0 0 6 22
t1 11 30 0.0 0.0 0.0 000000 0 0 6 21
t1 11 31 0.0 0.0 0.0 000000 0 0 6 20
t1 11 32 0.0 0.0 0.0 000000 0 0 6 19
t1 11 33 0.0 0.0 0.0 000000 0 0 6 18
t1 11 34 0.0 0.0 0.0 000000 0 0 6 17
t1 11 35 0.0 0.0 0.0 000000 0 0 6 16
t1 11 36 0.0 0.0 0.0 000000 0 0 6 15
t1 11 37 0.0 0.0 0.0 000000 0 0 6 14
t1 11 38 0.0 0.0 0.0 000000 0 0 6 13
t1 11 39 0.0 0.0 0.0 000000 0 0 6 12
t1 11 40 0.0 0.0 0.0 000000 0 0 6 11
t1 11 41 0.0 0.0 0.0 000000 0 0 6 10
t1 11 42 0.0 0.0 0.0 000000 0 0 6 9
t1   11   43    28.906   -11.973     9.016 2174497 0 0 6 8
t1 11 44 0.0 0.0 0.0 000000 0 0 6 7
t1   11   45    30.250   -12.530     3.195 2960660 0 0 6 6
t1   11   46    30.922   -12.808     0.284 5921319 0 0 6 5
t1   11   47    31.594   -13.087    -2.626 8881723 0 0 6 4
t1   11   48    32.267   -13.365    -5.536 11842382 0 0 6 3
t1   11   49    32.939   -13.644    -8.447 14803042 0 0 6 2
t1 11 50 0.0 0.0 0.0 000000 0 0 6 1
t1 12 1 0.0 0.0 0.0 000000 0 0 6 51
t1 12 2 0.0 0.0 0.0 000000 0 0 6 52
t1 12 3 0.0 0.0 0.0 000000 0 0 6 53
t1 12 4 0.0 0.0 0.0 000000 0 0 6 54
t1 12 5 0.0 0.0 0.0 000000 0 0 6 55
t1 12 6 0.0 0.0 0.0 000000 0 0 6 56
t1 12 7 0.0 0.0 0.0 000000 0 0 6 57
t1 12 8 0.0 0.0 0.0 000000 0 0 6 58
t1 12 9 0.0 0.0 0.0 000000 0 0 6 59
t1 12 10 0.0 0.0 0.0 000000 0 0 6 60
t1   12   11     6.655    -4.447   102.149 2032161 0 0 6 61
t1   12   12     7.260    -4.851    99.239 4064322 0 0 6 62
t1   12   13     7.865    -5.255    96.329 6162274 0 0 6 63
t1   12   14     8.470    -5.659    93.418 8194435 0 0 6 64
t1   12   15     9.075    -6.064    90.508 10226596 0 0 6 65
t1 12 16 0.0 0.0 0.0 000000 0 0 6 66
t1 12 17 0.0 0.0 0.0 000000 0 0 6 67
t1 12 18 0.0 0.0 0.0 000000 0 0 6 68
t1 12 19 0.0 0.0 0.0 000000 0 0 6 69
t1 12 20 0.0 0.0 0.0 000000 0 0 6 70
t1 12 21 0.0 0.0 0.0 000000 0 0 6 71
t1 12 22 0.0 0.0 0.0 000000 0 0 6 72
t1 12 23 0.0 0.0 0.0 000000 0 0 6 73
t1 12 24 0.0 0.0 0.0 000000 0 0 6 74
t1 12 25 0.0 0.0 0.0 000000 0 0 6 75
t1 12 26 0.0 0.0 0.0 000000 0 0 6 76
t1 12 27 0.0 0.0 0.0 000000 0 0 6 77
t1 12 28 0.0 0.0 0.0 000000 0 0 6 78
t1 12 29 0.0 0.0 0.0 000000 0 0 6 79
t1 12 30 0.0 0.0 0.0 000000 0 0 6 80
t1 12 31 0.0 0.0 0.0 000000 0 0 6 81
t1 12 32 0.0 0.0 0.0 000000 0 0 6 82
t1 12 33 0.0 0.0 0.0 000000 0 0 6 83
t1   12   34    20.569   -13.744    35.210 2302727 0 0 6 84
t1   12   35    21.174   -14.148    32.299 4605453 0 0 6 85
t1   12   36    21.779   -14.553    29.389 6973972 0 0 6 86
t1   12   37    22.384   -14.957    26.478 9276698 0 0 6 87
t1   12   38    22.989   -15.361    23.568 11579425 0 0 6 88
t1 12 39 0.0 0.0 0.0 000000 0 0 6 89
t1 12 40 0.0 0.0 0.0 000000 0 0 6 90
t1 12 41 0.0 0.0 0.0 000000 0 0 6 91
t1 12 42 0.0 0.0 0.0 000000 0 0 6 92
t1   12   43    26.014   -17.382     9.016 856351 0 0 6 93
t1   12   44    26.619   -17.786     6.105 1712446 0 0 6 94
t1   12   45    27.224   -18.191     3.195 2503260 0 0 6 95
t1   12   46    27.829   -18.595     0.284 3359355 0 0 6 96
t1   12   47    28.434   -18.999    -2.626 4215706 0 0 6 97
t1 12 48 0.0 0.0 0.0 000000 0 0 6 98
t1 12 49 0.0 0.0 0.0 000000 0 0 6 99
t1   12   50    30.249   -20.212   -11.357 3148072 0 0 6 100
t1 13 1 0.0 0.0 0.0 000000 0 0 7 50
t1 13 2 0.0 0.0 0.0 000000 0 0 7 49
t1 13 3 0.0 0.0 0.0 000000 0 0 7 48
t1 13 4 0.0 0.0 0.0 000000 0 0 7 47
t1 13 5 0.0 0.0 0.0 000000 0 0 7 46
t1 13 6 0.0 0.0 0.0 000000 0 0 7 45
t1 13 7 0.0 0.0 0.0 000000 0 0 7 44
t1 13 8 0.0 0.0 0.0 000000 0 0 7 43
t1 13 9 0.0 0.0 0.0 000000 0 0 7 42
t1 13 10 0.0 0.0 0.0 000000 0 0 7 41
t1 13 11 0.0 0.0 0.0 000000 0 0 7 40
t1 13 12 0.0 0.0 0.0 000000 0 0 7 39
t1 13 13 0.0 0.0 0.0 000000 0 0 7 38
t1 13 14 0.0 0.0 0.0 000000 0 0 7 37
t1 13 15 0.0 0.0 0.0 000000 0 0 7 36
t1 13 16 0.0 0.0 0.0 000000 0 0 7 35
t1 13 17 0.0 0.0 0.0 000000 0 0 7 34
t1 13 18 0.0 0.0 0.0 000000 0 0 7 33
t1 13 19 0.0 0.0 0.0 000000 0 0 7 32
t1 13 20 0.0 0.0 0.0 000000 0 0 7 31
t1 13 21 0.0 0.0 0.0 000000 0 0 7 30
t1 13 22 0.0 0.0 0.0 000000 0 0 7 29
t1 13 23 0.0 0.0 0.0 000000 0 0 7 28
t1 13 24 0.0 0.0 0.0 000000 0 0 7 27
t1 13 25 0.0 0.0 0.0 000000 0 0 7 26
t1 13 26 0.0 0.0 0.0 000000 0 0 7 25
t1 13 27 0.0 0.0 0.0 000000 0 0 7 24
t1 13 28 0.0 0.0 0.0 000000 0 0 7 23
t1 13 29 0.0 0.0 0.0 000000 0 0 7 22
t1 13 30 0.0 0.0 0.0 000000 0 0 7 21
t1 13 31 0.0 0.0 0.0 000000 0 0 7 20
t1 13 32 0.0 0.0 0.0 000000 0 0 7 19
t1 13 33 0.0 0.0 0.0 000000 0 0 7 18
t1   13   34    17.493   -17.493    35.210 2295822 0 0 7 17
t1   13   35    18.007   -18.007    32.299 4591644 0 0 7 16
t1   13   36    18.522   -18.522    29.389 6952746 0 0 7 15
t1 13 37 0.0 0.0 0.0 000000 0 0 7 14
t1   13   38    19.551   -19.551    23.568 1912340 0 0 7 13
t1   13   39    20.065   -20.065    20.657 3759401 0 0 7 12
t1   13   40    20.580   -20.580    17.747 5671741 0 0 7 11
t1   13   41    21.094   -21.094    14.837 7518802 0 0 7 10
t1   13   42    21.609   -21.609    11.926 9431142 0 0 7 9
t1 13 43 0.0 0.0 0.0 000000 0 0 7 8
t1 13 44 0.0 0.0 0.0 000000 0 0 7 7
t1 13 45 0.0 0.0 0.0 000000 0 0 7 6
t1 13 46 0.0 0.0 0.0 000000 0 0 7 5
t1 13 47 0.0 0.0 0.0 000000 0 0 7 4
t1 13 48 0.0 0.0 0.0 000000 0 0 7 3
t1 13 49 0.0 0.0 0.0 000000 0 0 7 2
t1 13 50 0.0 0.0 0.0 000000 0 0 7 1
t1 14 1 0.0 0.0 0.0 000000 0 0 7 51
t1 14 2 0.0 0.0 0.0 000000 0 0 7 52
t1 14 3 0.0 0.0 0.0 000000 0 0 7 53
t1 14 4 0.0 0.0 0.0 000000 0 0 7 54
t1 14 5 0.0 0.0 0.0 000000 0 0 7 55
t1 14 6 0.0 0.0 0.0 000000 0 0 7 56
t1 14 7 0.0 0.0 0.0 000000 0 0 7 57
t1 14 8 0.0 0.0 0.0 000000 0 0 7 58
t1 14 9 0.0 0.0 0.0 000000 0 0 7 59
t1 14 10 0.0 0.0 0.0 000000 0 0 7 60
t1 14 11 0.0 0.0 0.0 000000 0 0 7 61
t1 14 12 0.0 0.0 0.0 000000 0 0 7 62
t1 14 13 0.0 0.0 0.0 000000 0 0 7 63
t1 14 14 0.0 0.0 0.0 000000 0 0 7 64
t1 14 15 0.0 0.0 0.0 000000 0 0 7 65
t1 14 16 0.0 0.0 0.0 000000 0 0 7 66
t1 14 17 0.0 0.0 0.0 000000 0 0 7 67
t1 14 18 0.0 0.0 0.0 000000 0 0 7 68
t1 14 19 0.0 0.0 0.0 000000 0 0 7 69
t1 14 20 0.0 0.0 0.0 000000 0 0 7 70
t1 14 21 0.0 0.0 0.0 000000 0 0 7 71
t1 14 22 0.0 0.0 0.0 000000 0 0 7 72
t1 14 23 0.0 0.0 0.0 000000 0 0 7 73
t1 14 24 0.0 0.0 0.0 000000 0 0 7 74
t1 14 25 0.0 0.0 0.0 000000 0 0 7 75
t1   14   26    10.510   -15.730    58.493 2631956 0 0 7 76
t1   14   27    10.914   -16.335    55.583 5329703 0 0 7 77
t1   14   28    11.319   -16.940    52.672 7961659 0 0 7 78
t1   14   29    11.723   -17.545    49.762 10659406 0 0 7 79
t1   14   30    12.127   -18.149    46.851 13291362 0 0 7 80
t1   14   31    12.531   -18.754    43.941 4884954 0 0 7 81
t1 14 32 0.0 0.0 0.0 000000 0 0 7 82
t1 14 33 0.0 0.0 0.0 000000 0 0 7 83
t1 14 34 0.0 0.0 0.0 000000 0 0 7 84
t1 14 35 0.0 0.0 0.0 000000 0 0 7 85
t1   14   36    14.553   -21.779    29.389 2830370 0 0 7 86
t1   14   37    14.957   -22.384    26.478 5660741 0 0 7 87
t1 14 38 0.0 0.0 0.0 000000 0 0 7 88
t1   14   39    15.765   -23.594    20.657 2760480 0 0 7 89
t1   14   40    16.169   -24.199    17.747 5520960 0 0 7 90
t1   14   41    16.574   -24.804    14.837 8215904 0 0 7 91
t1   14   42    16.978   -25.409    11.926 10976384 0 0 7 92
t1   14   43    17.382   -26.014     9.016 13736864 0 0 7 93
t1 14 44 0.0 0.0 0.0 000000 0 0 7 94
t1 14 45 0.0 0.0 0.0 000000 0 0 7 95
t1 14 46 0.0 0.0 0.0 000000 0 0 7 96
t1   14   47    18.999   -28.434    -2.626 2625046 0 0 7 97
t1 14 48 0.0 0.0 0.0 000000 0 0 7 98
t1   14   49    19.808   -29.644    -8.447 2044417 0 0 7 99
t1   14   50    20.212   -30.249   -11.357 4088579 0 0 7 100
t1 15 1 0.0 0.0 0.0 000000 0 0 8 50
t1 15 2 0.0 0.0 0.0 000000 0 0 8 49
t1 15 3 0.0 0.0 0.0 000000 0 0 8 48
t1 15 4 0.0 0.0 0.0 000000 0 0 8 47
t1   15    5     1.392    -3.361   119.612 2109227 0 0 8 46
t1   15    6     1.671    -4.033   116.702 4218454 0 0 8 45
t1   15    7     1.949    -4.706   113.791 6262146 0 0 8 44
t1   15    8     2.228    -5.378   110.881 8371373 0 0 8 43
t1   15    9     2.506    -6.050   107.970 10480600 0 0 8 42
t1 15 10 0.0 0.0 0.0 000000 0 0 8 41
t1 15 11 0.0 0.0 0.0 000000 0 0 8 40
t1 15 12 0.0 0.0 0.0 000000 0 0 8 39
t1 15 13 0.0 0.0 0.0 000000 0 0 8 38
t1 15 14 0.0 0.0 0.0 000000 0 0 8 37
t1 15 15 0.0 0.0 0.0 000000 0 0 8 36
t1 15 16 0.0 0.0 0.0 000000 0 0 8 35
t1 15 17 0.0 0.0 0.0 000000 0 0 8 34
t1 15 18 0.0 0.0 0.0 000000 0 0 8 33
t1 15 19 0.0 0.0 0.0 000000 0 0 8 32
t1 15 20 0.0 0.0 0.0 000000 0 0 8 31
t1 15 21 0.0 0.0 0.0 000000 0 0 8 30
t1 15 22 0.0 0.0 0.0 000000 0 0 8 29
t1 15 23 0.0 0.0 0.0 000000 0 0 8 28
t1 15 24 0.0 0.0 0.0 000000 0 0 8 27
t1 15 25 0.0 0.0 0.0 000000 0 0 8 26
t1 15 26 0.0 0.0 0.0 000000 0 0 8 25
t1 15 27 0.0 0.0 0.0 000000 0 0 8 24
t1   15   28     7.796   -18.822    52.672 2298134 0 0 8 23
t1   15   29     8.075   -19.494    49.762 4661547 0 0 8 22
t1   15   30     8.353   -20.167    46.851 6959681 0 0 8 21
t1   15   31     8.632   -20.839    43.941 9323094 0 0 8 20
t1   15   32     8.910   -21.511    41.030 11621228 0 0 8 19
t1 15 33 0.0 0.0 0.0 000000 0 0 8 18
t1 15 34 0.0 0.0 0.0 000000 0 0 8 17
t1 15 35 0.0 0.0 0.0 000000 0 0 8 16
t1   15   36    10.024   -24.200    29.389 1977638 0 0 8 15
t1   15   37    10.302   -24.872    26.478 3955276 0 0 8 14
t1   15   38    10.581   -25.544    23.568 5932914 0 0 8 13
t1   15   39    10.859   -26.217    20.657 7910552 0 0 8 12
t1   15   40    11.138   -26.889    17.747 9888190 0 0 8 11
t1   15   41    11.416   -27.561    14.837 7513162 0 0 8 10
t1   15   42    11.695   -28.233    11.926 9358684 0 0 8 9
t1 15 43 0.0 0.0 0.0 000000 0 0 8 8
t1 15 44 0.0 0.0 0.0 000000 0 0 8 7
t1 15 45 0.0 0.0 0.0 000000 0 0 8 6
t1 15 46 0.0 0.0 0.0 000000 0 0 8 5
t1   15   47    13.087   -31.594    -2.626 2895663 0 0 8 4
t1   15   48    13.365   -32.267    -5.536 5791326 0 0 8 3
t1   15   49    13.644   -32.939    -8.447 8687244 0 0 8 2
t1   15   50    13.922   -33.611   -11.357 11582907 0 0 8 1
t1 16 1 0.0 0.0 0.0 000000 0 0 8 51
t1 16 2 0.0 0.0 0.0 000000 0 0 8 52
t1 16 3 0.0 0.0 0.0 000000 0 0 8 53
t1 16 4 0.0 0.0 0.0 000000 0 0 8 54
t1 16 5 0.0 0.0 0.0 000000 0 0 8 55
t1 16 6 0.0 0.0 0.0 000000 0 0 8 56
t1 16 7 0.0 0.0 0.0 000000 0 0 8 57
t1 16 8 0.0 0.0 0.0 000000 0 0 8 58
t1 16 9 0.0 0.0 0.0 000000 0 0 8 59
t1 16 10 0.0 0.0 0.0 000000 0 0 8 60
t1 16 11 0.0 0.0 0.0 000000 0 0 8 61
t1 16 12 0.0 0.0 0.0 000000 0 0 8 62
t1 16 13 0.0 0.0 0.0 000000 0 0 8 63
t1 16 14 0.0 0.0 0.0 000000 0 0 8 64
t1 16 15 0.0 0.0 0.0 000000 0 0 8 65
t1   16   16     2.271   -11.418    87.597 2432024 0 0 8 66
t1   16   17     2.413   -12.132    84.687 4798513 0 0 8 67
t1   16   18     2.555   -12.845    81.776 7230793 0 0 8 68
t1   16   19     2.697   -13.559    78.866 9597282 0 0 8 69
t1   16   20     2.839   -14.273    75.956 12029306 0 0 8 70
t1   16   21     2.981   -14.986    73.045 2502400 0 0 8 71
t1   16   22     3.123   -15.700    70.135 5070336 0 0 8 72
t1   16   23     3.265   -16.413    67.224 7572480 0 0 8 73
t1   16   24     3.407   -17.127    64.314 10140416 0 0 8 74
t1   16   25     3.549   -17.841    61.403 12642816 0 0 8 75
t1 16 26 0.0 0.0 0.0 000000 0 0 8 76
t1   16   27     3.833   -19.268    55.583 920110 0 0 8 77
t1   16   28     3.975   -19.982    52.672 1840220 0 0 8 78
t1   16   29     4.117   -20.695    49.762 2760074 0 0 8 79
t1   16   30     4.258   -21.409    46.851 3680184 0 0 8 80
t1   16   31     4.400   -22.122    43.941 4600294 0 0 8 81
t1 16 32 0.0 0.0 0.0 000000 0 0 8 82
t1 16 33 0.0 0.0 0.0 000000 0 0 8 83
t1 16 34 0.0 0.0 0.0 000000 0 0 8 84
t1 16 35 0.0 0.0 0.0 000000 0 0 8 85
t1 16 36 0.0 0.0 0.0 000000 0 0 8 86
t1   16   37     5.252   -26.404    26.478 2690061 0 0 8 87
t1   16   38     5.394   -27.118    23.568 5314585 0 0 8 88
t1   16   39     5.536   -27.831    20.657 8004646 0 0 8 89
t1   16   40     5.678   -28.545    17.747 10629170 0 0 8 90
t1   16   41     5.820   -29.259    14.837 13319231 0 0 8 91
t1   16   42     5.962   -29.972    11.926 8741261 0 0 8 92
t1   16   43     6.104   -30.686     9.016 11698620 0 0 8 93
t1   16   44     6.246   -31.400     6.105 14590443 0 0 8 94
t1   16   45     6.388   -32.113     3.195 8290959 0 0 8 95
t1   16   46     6.530   -32.827     0.284 10396595 0 0 8 96
t1 16 47 0.0 0.0 0.0 000000 0 0 8 97
t1   16   48     6.814   -34.254    -5.536 3350578 0 0 8 98
t1   16   49     6.956   -34.968    -8.447 6635620 0 0 8 99
t1 16 50 0.0 0.0 0.0 000000 0 0 8 100
t1 17 1 0.0 0.0 0.0 000000 0 0 9 50
t1 17 2 0.0 0.0 0.0 000000 0 0 9 49
t1 17 3 0.0 0.0 0.0 000000 0 0 9 48
t1 17 4 0.0 0.0 0.0 000000 0 0 9 47
t1 17 5 0.0 0.0 0.0 000000 0 0 9 46
t1 17 6 0.0 0.0 0.0 000000 0 0 9 45
t1 17 7 0.0 0.0 0.0 000000 0 0 9 44
t1 17 8 0.0 0.0 0.0 000000 0 0 9 43
t1 17 9 0.0 0.0 0.0 000000 0 0 9 42
t1 17 10 0.0 0.0 0.0 000000 0 0 9 41
t1 17 11 0.0 0.0 0.0 000000 0 0 9 40
t1 17 12 0.0 0.0 0.0 000000 0 0 9 39
t1 17 13 0.0 0.0 0.0 000000 0 0 9 38
t1 17 14 0.0 0.0 0.0 000000 0 0 9 37
t1 17 15 0.0 0.0 0.0 000000 0 0 9 36
t1 17 16 0.0 0.0 0.0 000000 0 0 9 35
t1 17 17 0.0 0.0 0.0 000000 0 0 9 34
t1 17 18 0.0 0.0 0.0 000000 0 0 9 33
t1 17 19 0.0 0.0 0.0 000000 0 0 9 32
t1 17 20 0.0 0.0 0.0 000000 0 0 9 31
t1 17 21 0.0 0.0 0.0 000000 0 0 9 30
t1 17 22 0.0 0.0 0.0 000000 0 0 9 29
t1 17 23 0.0 0.0 0.0 000000 0 0 9 28
t1 17 24 0.0 0.0 0.0 000000 0 0 9 27
t1 17 25 0.0 0.0 0.0 000000 0 0 9 26
t1 17 26 0.0 0.0 0.0 000000 0 0 9 25
t1 17 27 0.0 0.0 0.0 000000 0 0 9 24
t1 17 28 0.0 0.0 0.0 000000 0 0 9 23
t1 17 29 0.0 0.0 0.0 000000 0 0 9 22
t1 17 30 0.0 0.0 0.0 000000 0 0 9 21
t1 17 31 0.0 0.0 0.0 000000 0 0 9 20
t1   17   32     0.000   -23.283    41.030 3016985 0 0 9 19
t1 17 33 0.0 0.0 0.0 000000 0 0 9 18
t1   17   34     0.000   -24.739    35.210 2174473 0 0 9 17
t1   17   35     0.000   -25.466    32.299 4348947 0 0 9 16
t1   17   36     0.000   -26.194    29.389 6588700 0 0 9 15
t1   17   37     0.000   -26.921    26.478 8763174 0 0 9 14
t1   17   38     0.000   -27.649    23.568 10937647 0 0 9 13
t1   17   39     0.000   -28.377    20.657 11681743 0 0 9 12
t1 17 40 0.0 0.0 0.0 000000 0 0 9 11
t1 17 41 0.0 0.0 0.0 000000 0 0 9 10
t1   17   42     0.000   -30.559    11.926 1513751 0 0 9 9
t1   17   43     0.000   -31.287     9.016 3027758 0 0 9 8
t1   17   44     0.000   -32.015     6.105 4607045 0 0 9 7
t1   17   45     0.000   -32.742     3.195 6121052 0 0 9 6
t1   17   46     0.000   -33.470     0.284 7634803 0 0 9 5
t1 17 47 0.0 0.0 0.0 000000 0 0 9 4
t1 17 48 0.0 0.0 0.0 000000 0 0 9 3
t1 17 49 0.0 0.0 0.0 000000 0 0 9 2
t1   17   50     0.000   -36.380   -11.357 1582886 0 0 9 1
t1 18 1 0.0 0.0 0.0 000000 0 0 9 51
t1 18 2 0.0 0.0 0.0 000000 0 0 9 52
t1 18 3 0.0 0.0 0.0 000000 0 0 9 53
t1 18 4 0.0 0.0 0.0 000000 0 0 9 54
t1 18 5 0.0 0.0 0.0 000000 0 0 9 55
t1 18 6 0.0 0.0 0.0 000000 0 0 9 56
t1 18 7 0.0 0.0 0.0 000000 0 0 9 57
t1 18 8 0.0 0.0 0.0 000000 0 0 9 58
t1 18 9 0.0 0.0 0.0 000000 0 0 9 59
t1 18 10 0.0 0.0 0.0 000000 0 0 9 60
t1 18 11 0.0 0.0 0.0 000000 0 0 9 61
t1 18 12 0.0 0.0 0.0 000000 0 0 9 62
t1 18 13 0.0 0.0 0.0 000000 0 0 9 63
t1 18 14 0.0 0.0 0.0 000000 0 0 9 64
t1 18 15 0.0 0.0 0.0 000000 0 0 9 65
t1 18 16 0.0 0.0 0.0 000000 0 0 9 66
t1 18 17 0.0 0.0 0.0 000000 0 0 9 67
t1 18 18 0.0 0.0 0.0 000000 0 0 9 68
t1 18 19 0.0 0.0 0.0 000000 0 0 9 69
t1 18 20 0.0 0.0 0.0 000000 0 0 9 70
t1 18 21 0.0 0.0 0.0 000000 0 0 9 71
t1 18 22 0.0 0.0 0.0 000000 0 0 9 72
t1 18 23 0.0 0.0 0.0 000000 0 0 9 73
t1 18 24 0.0 0.0 0.0 000000 0 0 9 74
t1   18   25    -3.549   -17.841    61.403 1846542 0 0 9 75
t1   18   26    -3.691   -18.554    58.493 3627548 0 0 9 76
t1   18   27    -3.833   -19.268    55.583 5474345 0 0 9 77
t1 18 28 0.0 0.0 0.0 000000 0 0 9 78
t1 18 29 0.0 0.0 0.0 000000 0 0 9 79
t1   18   30    -4.258   -21.409    46.851 2163722 0 0 9 80
t1   18   31    -4.400   -22.122    43.941 4327443 0 0 9 81
t1   18   32    -4.542   -22.836    41.030 6491165 0 0 9 82
t1   18   33    -4.684   -23.550    38.120 8654886 0 0 9 83
t1   18   34    -4.826   -24.263    35.210 10818608 0 0 9 84
t1   18   35    -4.968   -24.977    32.299 3019297 0 0 9 85
t1   18   36    -5.110   -25.691    29.389 6103874 0 0 9 86
t1   18   37    -5.252   -26.404    26.478 9123171 0 0 9 87
t1   18   38    -5.394   -27.118    23.568 12207748 0 0 9 88
t1   18   39    -5.536   -27.831    20.657 15227045 0 0 9 89
t1 18 40 0.0 0.0 0.0 000000 0 0 9 90
t1 18 41 0.0 0.0 0.0 000000 0 0 9 91
t1   18   42    -5.962   -29.972    11.926 2038284 0 0 9 92
t1   18   43    -6.104   -30.686     9.016 4076568 0 0 9 93
t1   18   44    -6.246   -31.400     6.105 6114595 0 0 9 94
t1   18   45    -6.388   -32.113     3.195 8152879 0 0 9 95
t1   18   46    -6.530   -32.827     0.284 10191163 0 0 9 96
t1 18 47 0.0 0.0 0.0 000000 0 0 9 97
t1   18   48    -6.814   -34.254    -5.536 1120259 0 0 9 98
t1   18   49    -6.956   -34.968    -8.447 2240262 0 0 9 99
t1   18   50    -7.097   -35.681   -11.357 3360520 0 0 9 100
t1 19 1 0.0 0.0 0.0 000000 0 0 10 50
t1 19 2 0.0 0.0 0.0 000000 0 0 10 49
t1 19 3 0.0 0.0 0.0 000000 0 0 10 48
t1 19 4 0.0 0.0 0.0 000000 0 0 10 47
t1 19 5 0.0 0.0 0.0 000000 0 0 10 46
t1 19 6 0.0 0.0 0.0 000000 0 0 10 45
t1 19 7 0.0 0.0 0.0 000000 0 0 10 44
t1 19 8 0.0 0.0 0.0 000000 0 0 10 43
t1 19 9 0.0 0.0 0.0 000000 0 0 10 42
t1 19 10 0.0 0.0 0.0 000000 0 0 10 41
t1 19 11 0.0 0.0 0.0 000000 0 0 10 40
t1 19 12 0.0 0.0 0.0 000000 0 0 10 39
t1 19 13 0.0 0.0 0.0 000000 0 0 10 38
t1 19 14 0.0 0.0 0.0 000000 0 0 10 37
t1 19 15 0.0 0.0 0.0 000000 0 0 10 36
t1 19 16 0.0 0.0 0.0 000000 0 0 10 35
t1 19 17 0.0 0.0 0.0 000000 0 0 10 34
t1 19 18 0.0 0.0 0.0 000000 0 0 10 33
t1 19 19 0.0 0.0 0.0 000000 0 0 10 32
t1 19 20 0.0 0.0 0.0 000000 0 0 10 31
t1 19 21 0.0 0.0 0.0 000000 0 0 10 30
t1 19 22 0.0 0.0 0.0 000000 0 0 10 29
t1 19 23 0.0 0.0 0.0 000000 0 0 10 28
t1 19 24 0.0 0.0 0.0 000000 0 0 10 27
t1 19 25 0.0 0.0 0.0 000000 0 0 10 26
t1 19 26 0.0 0.0 0.0 000000 0 0 10 25
t1 19 27 0.0 0.0 0.0 000000 0 0 10 24
t1 19 28 0.0 0.0 0.0 000000 0 0 10 23
t1 19 29 0.0 0.0 0.0 000000 0 0 10 22
t1 19 30 0.0 0.0 0.0 000000 0 0 10 21
t1 19 31 0.0 0.0 0.0 000000 0 0 10 20
t1 19 32 0.0 0.0 0.0 000000 0 0 10 19
t1 19 33 0.0 0.0 0.0 000000 0 0 10 18
t1   19   34    -9.467   -22.856    35.210 1839389 0 0 10 17
t1   19   35    -9.746   -23.528    32.299 3678778 0 0 10 16
t1 19 36 0.0 0.0 0.0 000000 0 0 10 15
t1   19   37   -10.302   -24.872    26.478 2172709 0 0 10 14
t1   19   38   -10.581   -25.544    23.568 4279881 0 0 10 13
t1   19   39   -10.859   -26.217    20.657 6452334 0 0 10 12
t1 19 40 0.0 0.0 0.0 000000 0 0 10 11
t1   19   41   -11.416   -27.561    14.837 2499626 0 0 10 10
t1   19   42   -11.695   -28.233    11.926 4933716 0 0 10 9
t1   19   43   -11.973   -28.906     9.016 7433598 0 0 10 8
t1   19   44   -12.251   -29.578     6.105 9867688 0 0 10 7
t1   19   45   -12.530   -30.250     3.195 12367314 0 0 10 6
t1 19 46 0.0 0.0 0.0 000000 0 0 10 5
t1 19 47 0.0 0.0 0.0 000000 0 0 10 4
t1 19 48 0.0 0.0 0.0 000000 0 0 10 3
t1 19 49 0.0 0.0 0.0 000000 0 0 10 2
t1 19 50 0.0 0.0 0.0 000000 0 0 10 1
t1 20 1 0.0 0.0 0.0 000000 0 0 10 51
t1 20 2 0.0 0.0 0.0 000000 0 0 10 52
t1 20 3 0.0 0.0 0.0 000000 0 0 10 53
t1 20 4 0.0 0.0 0.0 000000 0 0 10 54
t1 20 5 0.0 0.0 0.0 000000 0 0 10 55
t1 20 6 0.0 0.0 0.0 000000 0 0 10 56
t1 20 7 0.0 0.0 0.0 000000 0 0 10 57
t1 20 8 0.0 0.0 0.0 000000 0 0 10 58
t1 20 9 0.0 0.0 0.0 000000 0 0 10 59
t1 20 10 0.0 0.0 0.0 000000 0 0 10 60
t1 20 11 0.0 0.0 0.0 000000 0 0 10 61
t1 20 12 0.0 0.0 0.0 000000 0 0 10 62
t1   20   13    -5.255    -7.865    96.329 1125679 0 0 10 63
t1   20   14    -5.659    -8.470    93.418 2251358 0 0 10 64
t1   20   15    -6.064    -9.075    90.508 3377293 0 0 10 65
t1   20   16    -6.468    -9.680    87.597 4502972 0 0 10 66
t1   20   17    -6.872   -10.285    84.687 5628651 0 0 10 67
t1 20 18 0.0 0.0 0.0 000000 0 0 10 68
t1 20 19 0.0 0.0 0.0 000000 0 0 10 69
t1 20 20 0.0 0.0 0.0 000000 0 0 10 70
t1 20 21 0.0 0.0 0.0 000000 0 0 10 71
t1 20 22 0.0 0.0 0.0 000000 0 0 10 72
t1 20 23 0.0 0.0 0.0 000000 0 0 10 73
t1 20 24 0.0 0.0 0.0 000000 0 0 10 74
t1 20 25 0.0 0.0 0.0 000000 0 0 10 75
t1   20   26   -10.510   -15.730    58.493 2958896 0 0 10 76
t1   20   27   -10.914   -16.335    55.583 5983584 0 0 10 77
t1   20   28   -11.319   -16.940    52.672 8942479 0 0 10 78
t1   20   29   -11.723   -17.545    49.762 11967167 0 0 10 79
t1   20   30   -12.127   -18.149    46.851 14926063 0 0 10 80
t1   20   31   -12.531   -18.754    43.941 10960738 0 0 10 81
t1   20   32   -12.936   -19.359    41.030 12315956 0 0 10 82
t1 20 33 0.0 0.0 0.0 000000 0 0 10 83
t1   20   34   -13.744   -20.569    35.210 1578244 0 0 10 84
t1   20   35   -14.148   -21.174    32.299 3221768 0 0 10 85
t1   20   36   -14.553   -21.779    29.389 4800012 0 0 10 86
t1   20   37   -14.957   -22.384    26.478 6443536 0 0 10 87
t1   20   38   -15.361   -22.989    23.568 8021780 0 0 10 88
t1 20 39 0.0 0.0 0.0 000000 0 0 10 89
t1 20 40 0.0 0.0 0.0 000000 0 0 10 90
t1 20 41 0.0 0.0 0.0 000000 0 0 10 91
t1 20 42 0.0 0.0 0.0 000000 0 0 10 92
t1 20 43 0.0 0.0 0.0 000000 0 0 10 93
t1   20   44   -17.786   -26.619     6.105 3024666 0 0 10 94
t1 20 45 0.0 0.0 0.0 000000 0 0 10 95
t1   20   46   -18.595   -27.829     0.284 2951937 0 0 10 96
t1   20   47   -18.999   -28.434    -2.626 5904131 0 0 10 97
t1   20   48   -19.403   -29.039    -5.536 8921604 0 0 10 98
t1   20   49   -19.808   -29.644    -8.447 11873798 0 0 10 99
t1   20   50   -20.212   -30.249   -11.357 14825735 0 0 10 100
t1 21 1 0.0 0.0 0.0 000000 0 0 11 50
t1 21 2 0.0 0.0 0.0 000000 0 0 11 49
t1 21 3 0.0 0.0 0.0 000000 0 0 11 48
t1 21 4 0.0 0.0 0.0 000000 0 0 11 47
t1 21 5 0.0 0.0 0.0 000000 0 0 11 46
t1 21 6 0.0 0.0 0.0 000000 0 0 11 45
t1 21 7 0.0 0.0 0.0 000000 0 0 11 44
t1 21 8 0.0 0.0 0.0 000000 0 0 11 43
t1 21 9 0.0 0.0 0.0 000000 0 0 11 42
t1 21 10 0.0 0.0 0.0 000000 0 0 11 41
t1 21 11 0.0 0.0 0.0 000000 0 0 11 40
t1 21 12 0.0 0.0 0.0 000000 0 0 11 39
t1 21 13 0.0 0.0 0.0 000000 0 0 11 38
t1 21 14 0.0 0.0 0.0 000000 0 0 11 37
t1 21 15 0.0 0.0 0.0 000000 0 0 11 36
t1 21 16 0.0 0.0 0.0 000000 0 0 11 35
t1 21 17 0.0 0.0 0.0 000000 0 0 11 34
t1 21 18 0.0 0.0 0.0 000000 0 0 11 33
t1 21 19 0.0 0.0 0.0 000000 0 0 11 32
t1 21 20 0.0 0.0 0.0 000000 0 0 11 31
t1 21 21 0.0 0.0 0.0 000000 0 0 11 30
t1   21   22   -11.319   -11.319    70.135 2829340 0 0 11 29
t1   21   23   -11.833   -11.833    67.224 5724216 0 0 11 28
t1   21   24   -12.348   -12.348    64.314 8553301 0 0 11 27
t1   21   25   -12.862   -12.862    61.403 11448177 0 0 11 26
t1   21   26   -13.377   -13.377    58.493 14277517 0 0 11 25
t1 21 27 0.0 0.0 0.0 000000 0 0 11 24
t1 21 28 0.0 0.0 0.0 000000 0 0 11 23
t1 21 29 0.0 0.0 0.0 000000 0 0 11 22
t1 21 30 0.0 0.0 0.0 000000 0 0 11 21
t1 21 31 0.0 0.0 0.0 000000 0 0 11 20
t1 21 32 0.0 0.0 0.0 000000 0 0 11 19
t1 21 33 0.0 0.0 0.0 000000 0 0 11 18
t1 21 34 0.0 0.0 0.0 000000 0 0 11 17
t1 21 35 0.0 0.0 0.0 000000 0 0 11 16
t1 21 36 0.0 0.0 0.0 000000 0 0 11 15
t1 21 37 0.0 0.0 0.0 000000 0 0 11 14
t1 21 38 0.0 0.0 0.0 000000 0 0 11 13
t1 21 39 0.0 0.0 0.0 000000 0 0 11 12
t1 21 40 0.0 0.0 0.0 000000 0 0 11 11
t1 21 41 0.0 0.0 0.0 000000 0 0 11 10
t1 21 42 0.0 0.0 0.0 000000 0 0 11 9
t1 21 43 0.0 0.0 0.0 000000 0 0 11 8
t1 21 44 0.0 0.0 0.0 000000 0 0 11 7
t1 21 45 0.0 0.0 0.0 000000 0 0 11 6
t1 21 46 0.0 0.0 0.0 000000 0 0 11 5
t1 21 47 0.0 0.0 0.0 000000 0 0 11 4
t1 21 48 0.0 0.0 0.0 000000 0 0 11 3
t1   21   49   -25.210   -25.210    -8.447 3152386 0 0 11 2
t1   21   50   -25.725   -25.725   -11.357 6238980 0 0 11 1
t1   22    1    -0.605    -0.404   131.254 787761 0 0 11 51
t1   22    2    -1.210    -0.808   128.343 1641314 0 0 11 52
t1   22    3    -1.815    -1.213   125.433 2429076 0 0 11 53
t1   22    4    -2.420    -1.617   122.522 3282629 0 0 11 54
t1   22    5    -3.025    -2.021   119.612 4070390 0 0 11 55
t1 22 6 0.0 0.0 0.0 000000 0 0 11 56
t1 22 7 0.0 0.0 0.0 000000 0 0 11 57
t1 22 8 0.0 0.0 0.0 000000 0 0 11 58
t1 22 9 0.0 0.0 0.0 000000 0 0 11 59
t1 22 10 0.0 0.0 0.0 000000 0 0 11 60
t1 22 11 0.0 0.0 0.0 000000 0 0 11 61
t1 22 12 0.0 0.0 0.0 000000 0 0 11 62
t1 22 13 0.0 0.0 0.0 000000 0 0 11 63
t1 22 14 0.0 0.0 0.0 000000 0 0 11 64
t1 22 15 0.0 0.0 0.0 000000 0 0 11 65
t1 22 16 0.0 0.0 0.0 000000 0 0 11 66
t1 22 17 0.0 0.0 0.0 000000 0 0 11 67
t1 22 18 0.0 0.0 0.0 000000 0 0 11 68
t1   22   19   -11.495    -7.680    78.866 2953488 0 0 11 69
t1   22   20   -12.100    -8.085    75.956 5841441 0 0 11 70
t1   22   21   -12.705    -8.489    73.045 8795185 0 0 11 71
t1   22   22   -13.310    -8.893    70.135 11683138 0 0 11 72
t1   22   23   -13.915    -9.297    67.224 14636626 0 0 11 73
t1 22 24 0.0 0.0 0.0 000000 0 0 11 74
t1 22 25 0.0 0.0 0.0 000000 0 0 11 75
t1 22 26 0.0 0.0 0.0 000000 0 0 11 76
t1 22 27 0.0 0.0 0.0 000000 0 0 11 77
t1 22 28 0.0 0.0 0.0 000000 0 0 11 78
t1 22 29 0.0 0.0 0.0 000000 0 0 11 79
t1   22   30   -18.149   -12.127    46.851 2564397 0 0 11 80
t1   22   31   -18.754   -12.531    43.941 5128794 0 0 11 81
t1   22   32   -19.359   -12.936    41.030 7758471 0 0 11 82
t1 22 33 0.0 0.0 0.0 000000 0 0 11 83
t1   22   34   -20.569   -13.744    35.210 992001 0 0 11 84
t1   22   35   -21.174   -14.148    32.299 1918210 0 0 11 85
t1   22   36   -21.779   -14.553    29.389 2910210 0 0 11 86
t1   22   37   -22.384   -14.957    26.478 3836419 0 0 11 87
t1   22   38   -22.989   -15.361    23.568 4828420 0 0 11 88
t1 22 39 0.0 0.0 0.0 000000 0 0 11 89
t1 22 40 0.0 0.0 0.0 000000 0 0 11 90
t1 22 41 0.0 0.0 0.0 000000 0 0 11 91
t1 22 42 0.0 0.0 0.0 000000 0 0 11 92
t1 22 43 0.0 0.0 0.0 000000 0 0 11 93
t1 22 44 0.0 0.0 0.0 000000 0 0 11 94
t1 22 45 0.0 0.0 0.0 000000 0 0 11 95
t1   22   46   -27.829   -18.595     0.284 2362664 0 0 11 96
t1   22   47   -28.434   -18.999    -2.626 4791120 0 0 11 97
t1 22 48 0.0 0.0 0.0 000000 0 0 11 98
t1   22   49   -29.644   -19.808    -8.447 3215121 0 0 11 99
t1   22   50   -30.249   -20.212   -11.357 6430242 0 0 11 100
t1 23 1 0.0 0.0 0.0 000000 0 0 12 50
t1 23 2 0.0 0.0 0.0 000000 0 0 12 49
t1 23 3 0.0 0.0 0.0 000000 0 0 12 48
t1 23 4 0.0 0.0 0.0 000000 0 0 12 47
t1 23 5 0.0 0.0 0.0 000000 0 0 12 46
t1 23 6 0.0 0.0 0.0 000000 0 0 12 45
t1 23 7 0.0 0.0 0.0 000000 0 0 12 44
t1 23 8 0.0 0.0 0.0 000000 0 0 12 43
t1 23 9 0.0 0.0 0.0 000000 0 0 12 42
t1 23 10 0.0 0.0 0.0 000000 0 0 12 41
t1 23 11 0.0 0.0 0.0 000000 0 0 12 40
t1 23 12 0.0 0.0 0.0 000000 0 0 12 39
t1 23 13 0.0 0.0 0.0 000000 0 0 12 38
t1 23 14 0.0 0.0 0.0 000000 0 0 12 37
t1 23 15 0.0 0.0 0.0 000000 0 0 12 36
t1   23   16   -10.756    -4.455    87.597 1583135 0 0 12 35
t1   23   17   -11.428    -4.734    84.687 3232062 0 0 12 34
t1   23   18   -12.100    -5.012    81.776 4815198 0 0 12 33
t1   23   19   -12.772    -5.290    78.866 6464125 0 0 12 32
t1   23   20   -13.444    -5.569    75.956 8047260 0 0 12 31
t1 23 21 0.0 0.0 0.0 000000 0 0 12 30
t1 23 22 0.0 0.0 0.0 000000 0 0 12 29
t1 23 23 0.0 0.0 0.0 000000 0 0 12 28
t1 23 24 0.0 0.0 0.0 000000 0 0 12 27
t1 23 25 0.0 0.0 0.0 000000 0 0 12 26
t1 23 26 0.0 0.0 0.0 000000 0 0 12 25
t1 23 27 0.0 0.0 0.0 000000 0 0 12 24
t1 23 28 0.0 0.0 0.0 000000 0 0 12 23
t1 23 29 0.0 0.0 0.0 000000 0 0 12 22
t1 23 30 0.0 0.0 0.0 000000 0 0 12 21
t1 23 31 0.0 0.0 0.0 000000 0 0 12 20
t1 23 32 0.0 0.0 0.0 000000 0 0 12 19
t1 23 33 0.0 0.0 0.0 000000 0 0 12 18
t1 23 34 0.0 0.0 0.0 000000 0 0 12 17
t1 23 35 0.0 0.0 0.0 000000 0 0 12 16
t1 23 36 0.0 0.0 0.0 000000 0 0 12 15
t1 23 37 0.0 0.0 0.0 000000 0 0 12 14
t1 23 38 0.0 0.0 0.0 000000 0 0 12 13
t1 23 39 0.0 0.0 0.0 000000 0 0 12 12
t1   23   40   -26.889   -11.138    17.747 3148066 0 0 12 11
t1   23   41   -27.561   -11.416    14.837 6296132 0 0 12 10
t1 23 42 0.0 0.0 0.0 000000 0 0 12 9
t1   23   43   -28.906   -11.973     9.016 922391 0 0 12 8
t1   23   44   -29.578   -12.251     6.105 1844526 0 0 12 7
t1   23   45   -30.250   -12.530     3.195 2766916 0 0 12 6
t1   23   46   -30.922   -12.808     0.284 3689051 0 0 12 5
t1   23   47   -31.594   -13.087    -2.626 4611442 0 0 12 4
t1   23   48   -32.267   -13.365    -5.536 7150660 0 0 12 3
t1   23   49   -32.939   -13.644    -8.447 8921941 0 0 12 2
t1 23 50 0.0 0.0 0.0 000000 0 0 12 1
t1 24 1 0.0 0.0 0.0 000000 0 0 12 51
t1 24 2 0.0 0.0 0.0 000000 0 0 12 52
t1 24 3 0.0 0.0 0.0 000000 0 0 12 53
t1 24 4 0.0 0.0 0.0 000000 0 0 12 54
t1 24 5 0.0 0.0 0.0 000000 0 0 12 55
t1 24 6 0.0 0.0 0.0 000000 0 0 12 56
t1 24 7 0.0 0.0 0.0 000000 0 0 12 57
t1 24 8 0.0 0.0 0.0 000000 0 0 12 58
t1 24 9 0.0 0.0 0.0 000000 0 0 12 59
t1 24 10 0.0 0.0 0.0 000000 0 0 12 60
t1 24 11 0.0 0.0 0.0 000000 0 0 12 61
t1 24 12 0.0 0.0 0.0 000000 0 0 12 62
t1 24 13 0.0 0.0 0.0 000000 0 0 12 63
t1 24 14 0.0 0.0 0.0 000000 0 0 12 64
t1 24 15 0.0 0.0 0.0 000000 0 0 12 65
t1 24 16 0.0 0.0 0.0 000000 0 0 12 66
t1 24 17 0.0 0.0 0.0 000000 0 0 12 67
t1 24 18 0.0 0.0 0.0 000000 0 0 12 68
t1 24 19 0.0 0.0 0.0 000000 0 0 12 69
t1 24 20 0.0 0.0 0.0 000000 0 0 12 70
t1 24 21 0.0 0.0 0.0 000000 0 0 12 71
t1 24 22 0.0 0.0 0.0 000000 0 0 12 72
t1 24 23 0.0 0.0 0.0 000000 0 0 12 73
t1 24 24 0.0 0.0 0.0 000000 0 0 12 74
t1 24 25 0.0 0.0 0.0 000000 0 0 12 75
t1   24   26   -18.554    -3.691    58.493 1843203 0 0 12 76
t1   24   27   -19.268    -3.833    55.583 3686405 0 0 12 77
t1   24   28   -19.982    -3.975    52.672 5529352 0 0 12 78
t1   24   29   -20.695    -4.117    49.762 7372554 0 0 12 79
t1   24   30   -21.409    -4.258    46.851 9215757 0 0 12 80
t1 24 31 0.0 0.0 0.0 000000 0 0 12 81
t1 24 32 0.0 0.0 0.0 000000 0 0 12 82
t1 24 33 0.0 0.0 0.0 000000 0 0 12 83
t1 24 34 0.0 0.0 0.0 000000 0 0 12 84
t1 24 35 0.0 0.0 0.0 000000 0 0 12 85
t1 24 36 0.0 0.0 0.0 000000 0 0 12 86
t1 24 37 0.0 0.0 0.0 000000 0 0 12 87
t1 24 38 0.0 0.0 0.0 000000 0 0 12 88
t1 24 39 0.0 0.0 0.0 000000 0 0 12 89
t1 24 40 0.0 0.0 0.0 000000 0 0 12 90
t1 24 41 0.0 0.0 0.0 000000 0 0 12 91
t1 24 42 0.0 0.0 0.0 000000 0 0 12 92
t1   24   43   -30.686    -6.104     9.016 2437424 0 0 12 93
t1   24   44   -31.400    -6.246     6.105 4874847 0 0 12 94
t1 24 45 0.0 0.0 0.0 000000 0 0 12 95
t1   24   46   -32.827    -6.530     0.284 2757909 0 0 12 96
t1   24   47   -33.540    -6.672    -2.626 5516074 0 0 12 97
t1   24   48   -34.254    -6.814    -5.536 8208448 0 0 12 98
t1   24   49   -34.968    -6.956    -8.447 10966613 0 0 12 99
t1   24   50   -35.681    -7.097   -11.357 13724522 0 0 12 100
t1 25 1 0.0 0.0 0.0 000000 0 0 13 50
t1 25 2 0.0 0.0 0.0 000000 0 0 13 49
t1 25 3 0.0 0.0 0.0 000000 0 0 13 48
t1 25 4 0.0 0.0 0.0 000000 0 0 13 47
t1 25 5 0.0 0.0 0.0 000000 0 0 13 46
t1 25 6 0.0 0.0 0.0 000000 0 0 13 45
t1 25 7 0.0 0.0 0.0 000000 0 0 13 44
t1 25 8 0.0 0.0 0.0 000000 0 0 13 43
t1 25 9 0.0 0.0 0.0 000000 0 0 13 42
t1 25 10 0.0 0.0 0.0 000000 0 0 13 41
t1 25 11 0.0 0.0 0.0 000000 0 0 13 40
t1 25 12 0.0 0.0 0.0 000000 0 0 13 39
t1 25 13 0.0 0.0 0.0 000000 0 0 13 38
t1 25 14 0.0 0.0 0.0 000000 0 0 13 37
t1 25 15 0.0 0.0 0.0 000000 0 0 13 36
t1 25 16 0.0 0.0 0.0 000000 0 0 13 35
t1 25 17 0.0 0.0 0.0 000000 0 0 13 34
t1 25 18 0.0 0.0 0.0 000000 0 0 13 33
t1 25 19 0.0 0.0 0.0 000000 0 0 13 32
t1 25 20 0.0 0.0 0.0 000000 0 0 13 31
t1 25 21 0.0 0.0 0.0 000000 0 0 13 30
t1 25 22 0.0 0.0 0.0 000000 0 0 13 29
t1 25 23 0.0 0.0 0.0 000000 0 0 13 28
t1 25 24 0.0 0.0 0.0 000000 0 0 13 27
t1 25 25 0.0 0.0 0.0 000000 0 0 13 26
t1 25 26 0.0 0.0 0.0 000000 0 0 13 25
t1 25 27 0.0 0.0 0.0 000000 0 0 13 24
t1 25 28 0.0 0.0 0.0 000000 0 0 13 23
t1 25 29 0.0 0.0 0.0 000000 0 0 13 22
t1   25   30   -21.828     0.000    46.851 3146530 0 0 13 21
t1   25   31   -22.556     0.000    43.941 6293060 0 0 13 20
t1   25   32   -23.283     0.000    41.030 9374311 0 0 13 19
t1   25   33   -24.011     0.000    38.120 12520841 0 0 13 18
t1   25   34   -24.739     0.000    35.210 15667371 0 0 13 17
t1   25   35   -25.466     0.000    32.299 5282506 0 0 13 16
t1   25   36   -26.194     0.000    29.389 6603261 0 0 13 15
t1 25 37 0.0 0.0 0.0 000000 0 0 13 14
t1 25 38 0.0 0.0 0.0 000000 0 0 13 13
t1 25 39 0.0 0.0 0.0 000000 0 0 13 12
t1 25 40 0.0 0.0 0.0 000000 0 0 13 11
t1 25 41 0.0 0.0 0.0 000000 0 0 13 10
t1 25 42 0.0 0.0 0.0 000000 0 0 13 9
t1 25 43 0.0 0.0 0.0 000000 0 0 13 8
t1 25 44 0.0 0.0 0.0 000000 0 0 13 7
t1 25 45 0.0 0.0 0.0 000000 0 0 13 6
t1 25 46 0.0 0.0 0.0 000000 0 0 13 5
t1   25   47   -34.198     0.000    -2.626 2823687 0 0 13 4
t1   25   48   -34.925     0.000    -5.536 5712910 0 0 13 3
t1   25   49   -35.653     0.000    -8.447 8536340 0 0 13 2
t1   25   50   -36.380     0.000   -11.357 11425563 0 0 13 1
t1 26 1 0.0 0.0 0.0 000000 0 0 13 51
t1 26 2 0.0 0.0 0.0 000000 0 0 13 52
t1 26 3 0.0 0.0 0.0 000000 0 0 13 53
t1 26 4 0.0 0.0 0.0 000000 0 0 13 54
t1 26 5 0.0 0.0 0.0 000000 0 0 13 55
t1 26 6 0.0 0.0 0.0 000000 0 0 13 56
t1 26 7 0.0 0.0 0.0 000000 0 0 13 57
t1 26 8 0.0 0.0 0.0 000000 0 0 13 58
t1 26 9 0.0 0.0 0.0 000000 0 0 13 59
t1 26 10 0.0 0.0 0.0 000000 0 0 13 60
t1 26 11 0.0 0.0 0.0 000000 0 0 13 61
t1 26 12 0.0 0.0 0.0 000000 0 0 13 62
t1 26 13 0.0 0.0 0.0 000000 0 0 13 63
t1 26 14 0.0 0.0 0.0 000000 0 0 13 64
t1 26 15 0.0 0.0 0.0 000000 0 0 13 65
t1 26 16 0.0 0.0 0.0 000000 0 0 13 66
t1 26 17 0.0 0.0 0.0 000000 0 0 13 67
t1 26 18 0.0 0.0 0.0 000000 0 0 13 68
t1 26 19 0.0 0.0 0.0 000000 0 0 13 69
t1 26 20 0.0 0.0 0.0 000000 0 0 13 70
t1 26 21 0.0 0.0 0.0 000000 0 0 13 71
t1 26 22 0.0 0.0 0.0 000000 0 0 13 72
t1 26 23 0.0 0.0 0.0 000000 0 0 13 73
t1 26 24 0.0 0.0 0.0 000000 0 0 13 74
t1 26 25 0.0 0.0 0.0 000000 0 0 13 75
t1 26 26 0.0 0.0 0.0 000000 0 0 13 76
t1 26 27 0.0 0.0 0.0 000000 0 0 13 77
t1 26 28 0.0 0.0 0.0 000000 0 0 13 78
t1   26   29   -20.695     4.117    49.762 2958109 0 0 13 79
t1   26   30   -21.409     4.258    46.851 5916218 0 0 13 80
t1   26   31   -22.122     4.400    43.941 8808792 0 0 13 81
t1   26   32   -22.836     4.542    41.030 11766901 0 0 13 82
t1   26   33   -23.550     4.684    38.120 14725010 0 0 13 83
t1 26 34 0.0 0.0 0.0 000000 0 0 13 84
t1 26 35 0.0 0.0 0.0 000000 0 0 13 85
t1 26 36 0.0 0.0 0.0 000000 0 0 13 86
t1 26 37 0.0 0.0 0.0 000000 0 0 13 87
t1 26 38 0.0 0.0 0.0 000000 0 0 13 88
t1 26 39 0.0 0.0 0.0 000000 0 0 13 89
t1 26 40 0.0 0.0 0.0 000000 0 0 13 90
t1 26 41 0.0 0.0 0.0 000000 0 0 13 91
t1 26 42 0.0 0.0 0.0 000000 0 0 13 92
t1 26 43 0.0 0.0 0.0 000000 0 0 13 93
t1   26   44   -31.400     6.246     6.105 1845036 0 0 13 94
t1   26   45   -32.113     6.388     3.195 3689817 0 0 13 95
t1   26   46   -32.827     6.530     0.284 5600389 0 0 13 96
t1   26   47   -33.540     6.672    -2.626 7445170 0 0 13 97
t1   26   48   -34.254     6.814    -5.536 9290206 0 0 13 98
t1   26   49   -34.968     6.956    -8.447 8434238 0 0 13 99
t1   26   50   -35.681     7.097   -11.357 2954518 0 0 13 100
t1 27 1 0.0 0.0 0.0 000000 0 0 14 50
t1   27    2    -1.344     0.557   128.343 3281189 0 0 14 49
t1   27    3    -2.017     0.835   125.433 6627914 0 0 14 48
t1   27    4    -2.689     1.114   122.522 9909360 0 0 14 47
t1   27    5    -3.361     1.392   119.612 13256085 0 0 14 46
t1   27    6    -4.033     1.671   116.702 16537274 0 0 14 45
t1 27 7 0.0 0.0 0.0 000000 0 0 14 44
t1   27    8    -5.378     2.228   110.881 3288350 0 0 14 43
t1   27    9    -6.050     2.506   107.970 6641980 0 0 14 42
t1   27   10    -6.722     2.784   105.060 9930329 0 0 14 41
t1   27   11    -7.394     3.063   102.149 13283959 0 0 14 40
t1   27   12    -8.067     3.341    99.239 16572309 0 0 14 39
t1 27 13 0.0 0.0 0.0 000000 0 0 14 38
t1 27 14 0.0 0.0 0.0 000000 0 0 14 37
t1 27 15 0.0 0.0 0.0 000000 0 0 14 36
t1 27 16 0.0 0.0 0.0 000000 0 0 14 35
t1 27 17 0.0 0.0 0.0 000000 0 0 14 34
t1 27 18 0.0 0.0 0.0 000000 0 0 14 33
t1 27 19 0.0 0.0 0.0 000000 0 0 14 32
t1 27 20 0.0 0.0 0.0 000000 0 0 14 31
t1 27 21 0.0 0.0 0.0 000000 0 0 14 30
t1 27 22 0.0 0.0 0.0 000000 0 0 14 29
t1 27 23 0.0 0.0 0.0 000000 0 0 14 28
t1 27 24 0.0 0.0 0.0 000000 0 0 14 27
t1 27 25 0.0 0.0 0.0 000000 0 0 14 26
t1 27 26 0.0 0.0 0.0 000000 0 0 14 25
t1 27 27 0.0 0.0 0.0 000000 0 0 14 24
t1 27 28 0.0 0.0 0.0 000000 0 0 14 23
t1 27 29 0.0 0.0 0.0 000000 0 0 14 22
t1 27 30 0.0 0.0 0.0 000000 0 0 14 21
t1 27 31 0.0 0.0 0.0 000000 0 0 14 20
t1   27   32   -21.511     8.910    41.030 1640192 0 0 14 19
t1   27   33   -22.183     9.189    38.120 3345664 0 0 14 18
t1   27   34   -22.856     9.467    35.210 4985857 0 0 14 17
t1   27   35   -23.528     9.746    32.299 6691329 0 0 14 16
t1   27   36   -24.200    10.024    29.389 8331521 0 0 14 15
t1   27   37   -24.872    10.302    26.478 12265137 0 0 14 14
t1   27   38   -25.544    10.581    23.568 15347677 0 0 14 13
t1 27 39 0.0 0.0 0.0 000000 0 0 14 12
t1 27 40 0.0 0.0 0.0 000000 0 0 14 11
t1 27 41 0.0 0.0 0.0 000000 0 0 14 10
t1 27 42 0.0 0.0 0.0 000000 0 0 14 9
t1 27 43 0.0 0.0 0.0 000000 0 0 14 8
t1 27 44 0.0 0.0 0.0 000000 0 0 14 7
t1 27 45 0.0 0.0 0.0 000000 0 0 14 6
t1 27 46 0.0 0.0 0.0 000000 0 0 14 5
t1 27 47 0.0 0.0 0.0 000000 0 0 14 4
t1 27 48 0.0 0.0 0.0 000000 0 0 14 3
t1 27 49 0.0 0.0 0.0 000000 0 0 14 2
t1 27 50 0.0 0.0 0.0 000000 0 0 14 1
t1 28 1 0.0 0.0 0.0 000000 0 0 14 51
t1 28 2 0.0 0.0 0.0 000000 0 0 14 52
t1 28 3 0.0 0.0 0.0 000000 0 0 14 53
t1 28 4 0.0 0.0 0.0 000000 0 0 14 54
t1 28 5 0.0 0.0 0.0 000000 0 0 14 55
t1 28 6 0.0 0.0 0.0 000000 0 0 14 56
t1 28 7 0.0 0.0 0.0 000000 0 0 14 57
t1 28 8 0.0 0.0 0.0 000000 0 0 14 58
t1 28 9 0.0 0.0 0.0 000000 0 0 14 59
t1 28 10 0.0 0.0 0.0 000000 0 0 14 60
t1 28 11 0.0 0.0 0.0 000000 0 0 14 61
t1 28 12 0.0 0.0 0.0 000000 0 0 14 62
t1 28 13 0.0 0.0 0.0 000000 0 0 14 63
t1 28 14 0.0 0.0 0.0 000000 0 0 14 64
t1 28 15 0.0 0.0 0.0 000000 0 0 14 65
t1 28 16 0.0 0.0 0.0 000000 0 0 14 66
t1 28 17 0.0 0.0 0.0 000000 0 0 14 67
t1 28 18 0.0 0.0 0.0 000000 0 0 14 68
t1 28 19 0.0 0.0 0.0 000000 0 0 14 69
t1 28 20 0.0 0.0 0.0 000000 0 0 14 70
t1 28 21 0.0 0.0 0.0 000000 0 0 14 71
t1 28 22 0.0 0.0 0.0 000000 0 0 14 72
t1 28 23 0.0 0.0 0.0 000000 0 0 14 73
t1 28 24 0.0 0.0 0.0 000000 0 0 14 74
t1 28 25 0.0 0.0 0.0 000000 0 0 14 75
t1 28 26 0.0 0.0 0.0 000000 0 0 14 76
t1 28 27 0.0 0.0 0.0 000000 0 0 14 77
t1 28 28 0.0 0.0 0.0 000000 0 0 14 78
t1 28 29 0.0 0.0 0.0 000000 0 0 14 79
t1 28 30 0.0 0.0 0.0 000000 0 0 14 80
t1 28 31 0.0 0.0 0.0 000000 0 0 14 81
t1 28 32 0.0 0.0 0.0 000000 0 0 14 82
t1 28 33 0.0 0.0 0.0 000000 0 0 14 83
t1 28 34 0.0 0.0 0.0 000000 0 0 14 84
t1 28 35 0.0 0.0 0.0 000000 0 0 14 85
t1   28   36   -21.779    14.553    29.389 2891008 0 0 14 86
t1   28   37   -22.384    14.957    26.478 5781760 0 0 14 87
t1   28   38   -22.989    15.361    23.568 8607232 0 0 14 88
t1   28   39   -23.594    15.765    20.657 11497984 0 0 14 89
t1   28   40   -24.199    16.169    17.747 14388992 0 0 14 90
t1   28   41   -24.804    16.574    14.837 8266620 0 0 14 91
t1   28   42   -25.409    16.978    11.926 11022245 0 0 14 92
t1   28   43   -26.014    17.382     9.016 13777870 0 0 14 93
t1 28 44 0.0 0.0 0.0 000000 0 0 14 94
t1 28 45 0.0 0.0 0.0 000000 0 0 14 95
t1 28 46 0.0 0.0 0.0 000000 0 0 14 96
t1 28 47 0.0 0.0 0.0 000000 0 0 14 97
t1 28 48 0.0 0.0 0.0 000000 0 0 14 98
t1 28 49 0.0 0.0 0.0 000000 0 0 14 99
t1 28 50 0.0 0.0 0.0 000000 0 0 14 100
t1 29 1 0.0 0.0 0.0 000000 0 0 15 50
t1 29 2 0.0 0.0 0.0 000000 0 0 15 49
t1 29 3 0.0 0.0 0.0 000000 0 0 15 48
t1 29 4 0.0 0.0 0.0 000000 0 0 15 47
t1 29 5 0.0 0.0 0.0 000000 0 0 15 46
t1 29 6 0.0 0.0 0.0 000000 0 0 15 45
t1 29 7 0.0 0.0 0.0 000000 0 0 15 44
t1 29 8 0.0 0.0 0.0 000000 0 0 15 43
t1 29 9 0.0 0.0 0.0 000000 0 0 15 42
t1 29 10 0.0 0.0 0.0 000000 0 0 15 41
t1 29 11 0.0 0.0 0.0 000000 0 0 15 40
t1 29 12 0.0 0.0 0.0 000000 0 0 15 39
t1 29 13 0.0 0.0 0.0 000000 0 0 15 38
t1 29 14 0.0 0.0 0.0 000000 0 0 15 37
t1 29 15 0.0 0.0 0.0 000000 0 0 15 36
t1 29 16 0.0 0.0 0.0 000000 0 0 15 35
t1 29 17 0.0 0.0 0.0 000000 0 0 15 34
t1 29 18 0.0 0.0 0.0 000000 0 0 15 33
t1 29 19 0.0 0.0 0.0 000000 0 0 15 32
t1 29 20 0.0 0.0 0.0 000000 0 0 15 31
t1 29 21 0.0 0.0 0.0 000000 0 0 15 30
t1 29 22 0.0 0.0 0.0 000000 0 0 15 29
t1 29 23 0.0 0.0 0.0 000000 0 0 15 28
t1 29 24 0.0 0.0 0.0 000000 0 0 15 27
t1 29 25 0.0 0.0 0.0 000000 0 0 15 26
t1 29 26 0.0 0.0 0.0 000000 0 0 15 25
t1 29 27 0.0 0.0 0.0 000000 0 0 15 24
t1 29 28 0.0 0.0 0.0 000000 0 0 15 23
t1   29   29   -14.920    14.920    49.762 921882 0 0 15 22
t1   29   30   -15.435    15.435    46.851 1843508 0 0 15 21
t1   29   31   -15.949    15.949    43.941 2699854 0 0 15 20
t1   29   32   -16.464    16.464    41.030 3621480 0 0 15 19
t1   29   33   -16.978    16.978    38.120 4543362 0 0 15 18
t1   29   34   -17.493    17.493    35.210 6689431 0 0 15 17
t1   29   35   -18.007    18.007    32.299 8919241 0 0 15 16
t1   29   36   -18.522    18.522    29.389 11149051 0 0 15 15
t1 29 37 0.0 0.0 0.0 000000 0 0 15 14
t1 29 38 0.0 0.0 0.0 000000 0 0 15 13
t1 29 39 0.0 0.0 0.0 000000 0 0 15 12
t1 29 40 0.0 0.0 0.0 000000 0 0 15 11
t1 29 41 0.0 0.0 0.0 000000 0 0 15 10
t1 29 42 0.0 0.0 0.0 000000 0 0 15 9
t1 29 43 0.0 0.0 0.0 000000 0 0 15 8
t1   29   44   -22.638    22.638     6.105 1780512 0 0 15 7
t1   29   45   -23.152    23.152     3.195 3561281 0 0 15 6
t1   29   46   -23.667    23.667     0.284 5276257 0 0 15 5
t1   29   47   -24.181    24.181    -2.626 7057026 0 0 15 4
t1   29   48   -24.696    24.696    -5.536 8837538 0 0 15 3
t1   29   49   -25.210    25.210    -8.447 12420264 0 0 15 2
t1 29 50 0.0 0.0 0.0 000000 0 0 15 1
t1 30 1 0.0 0.0 0.0 000000 0 0 15 51
t1 30 2 0.0 0.0 0.0 000000 0 0 15 52
t1 30 3 0.0 0.0 0.0 000000 0 0 15 53
t1 30 4 0.0 0.0 0.0 000000 0 0 15 54
t1 30 5 0.0 0.0 0.0 000000 0 0 15 55
t1 30 6 0.0 0.0 0.0 000000 0 0 15 56
t1 30 7 0.0 0.0 0.0 000000 0 0 15 57
t1 30 8 0.0 0.0 0.0 000000 0 0 15 58
t1 30 9 0.0 0.0 0.0 000000 0 0 15 59
t1 30 10 0.0 0.0 0.0 000000 0 0 15 60
t1 30 11 0.0 0.0 0.0 000000 0 0 15 61
t1   30   12    -4.851     7.260    99.239 1776395 0 0 15 62
t1   30   13    -5.255     7.865    96.329 3552789 0 0 15 63
t1   30   14    -5.659     8.470    93.418 5263648 0 0 15 64
t1   30   15    -6.064     9.075    90.508 7040042 0 0 15 65
t1   30   16    -6.468     9.680    87.597 8816437 0 0 15 66
t1 30 17 0.0 0.0 0.0 000000 0 0 15 67
t1 30 18 0.0 0.0 0.0 000000 0 0 15 68
t1 30 19 0.0 0.0 0.0 000000 0 0 15 69
t1 30 20 0.0 0.0 0.0 000000 0 0 15 70
t1 30 21 0.0 0.0 0.0 000000 0 0 15 71
t1 30 22 0.0 0.0 0.0 000000 0 0 15 72
t1 30 23 0.0 0.0 0.0 000000 0 0 15 73
t1 30 24 0.0 0.0 0.0 000000 0 0 15 74
t1 30 25 0.0 0.0 0.0 000000 0 0 15 75
t1 30 26 0.0 0.0 0.0 000000 0 0 15 76
t1 30 27 0.0 0.0 0.0 000000 0 0 15 77
t1 30 28 0.0 0.0 0.0 000000 0 0 15 78
t1 30 29 0.0 0.0 0.0 000000 0 0 15 79
t1 30 30 0.0 0.0 0.0 000000 0 0 15 80
t1 30 31 0.0 0.0 0.0 000000 0 0 15 81
t1 30 32 0.0 0.0 0.0 000000 0 0 15 82
t1 30 33 0.0 0.0 0.0 000000 0 0 15 83
t1 30 34 0.0 0.0 0.0 000000 0 0 15 84
t1 30 35 0.0 0.0 0.0 000000 0 0 15 85
t1 30 36 0.0 0.0 0.0 000000 0 0 15 86
t1 30 37 0.0 0.0 0.0 000000 0 0 15 87
t1 30 38 0.0 0.0 0.0 000000 0 0 15 88
t1 30 39 0.0 0.0 0.0 000000 0 0 15 89
t1   30   40   -16.169    24.199    17.747 1248273 0 0 15 90
t1   30   41   -16.574    24.804    14.837 2496546 0 0 15 91
t1   30   42   -16.978    25.409    11.926 3744819 0 0 15 92
t1   30   43   -17.382    26.014     9.016 4993092 0 0 15 93
t1   30   44   -17.786    26.619     6.105 6241365 0 0 15 94
t1 30 45 0.0 0.0 0.0 000000 0 0 15 95
t1 30 46 0.0 0.0 0.0 000000 0 0 15 96
t1   30   47   -18.999    28.434    -2.626 2298370 0 0 15 97
t1   30   48   -19.403    29.039    -5.536 4596740 0 0 15 98
t1   30   49   -19.808    29.644    -8.447 6960390 0 0 15 99
t1   30   50   -20.212    30.249   -11.357 9258760 0 0 15 100
t1 31 1 0.0 0.0 0.0 000000 0 0 16 50
t1 31 2 0.0 0.0 0.0 000000 0 0 16 49
t1 31 3 0.0 0.0 0.0 000000 0 0 16 48
t1 31 4 0.0 0.0 0.0 000000 0 0 16 47
t1 31 5 0.0 0.0 0.0 000000 0 0 16 46
t1 31 6 0.0 0.0 0.0 000000 0 0 16 45
t1 31 7 0.0 0.0 0.0 000000 0 0 16 44
t1 31 8 0.0 0.0 0.0 000000 0 0 16 43
t1 31 9 0.0 0.0 0.0 000000 0 0 16 42
t1 31 10 0.0 0.0 0.0 000000 0 0 16 41
t1 31 11 0.0 0.0 0.0 000000 0 0 16 40
t1 31 12 0.0 0.0 0.0 000000 0 0 16 39
t1 31 13 0.0 0.0 0.0 000000 0 0 16 38
t1 31 14 0.0 0.0 0.0 000000 0 0 16 37
t1 31 15 0.0 0.0 0.0 000000 0 0 16 36
t1 31 16 0.0 0.0 0.0 000000 0 0 16 35
t1 31 17 0.0 0.0 0.0 000000 0 0 16 34
t1 31 18 0.0 0.0 0.0 000000 0 0 16 33
t1 31 19 0.0 0.0 0.0 000000 0 0 16 32
t1 31 20 0.0 0.0 0.0 000000 0 0 16 31
t1 31 21 0.0 0.0 0.0 000000 0 0 16 30
t1   31   22    -6.126    14.789    70.135 3021064 0 0 16 29
t1   31   23    -6.404    15.461    67.224 6042128 0 0 16 28
t1   31   24    -6.683    16.133    64.314 8997400 0 0 16 27
t1 31 25 0.0 0.0 0.0 000000 0 0 16 26
t1   31   26    -7.240    17.478    58.493 1191722 0 0 16 25
t1 31 27 0.0 0.0 0.0 000000 0 0 16 24
t1   31   28    -7.796    18.822    52.672 2892308 0 0 16 23
t1   31   29    -8.075    19.494    49.762 5719080 0 0 16 22
t1   31   30    -8.353    20.167    46.851 8611388 0 0 16 21
t1   31   31    -8.632    20.839    43.941 11438160 0 0 16 20
t1   31   32    -8.910    21.511    41.030 14330468 0 0 16 19
t1 31 33 0.0 0.0 0.0 000000 0 0 16 18
t1 31 34 0.0 0.0 0.0 000000 0 0 16 17
t1 31 35 0.0 0.0 0.0 000000 0 0 16 16
t1 31 36 0.0 0.0 0.0 000000 0 0 16 15
t1 31 37 0.0 0.0 0.0 000000 0 0 16 14
t1 31 38 0.0 0.0 0.0 000000 0 0 16 13
t1 31 39 0.0 0.0 0.0 000000 0 0 16 12
t1 31 40 0.0 0.0 0.0 000000 0 0 16 11
t1 31 41 0.0 0.0 0.0 000000 0 0 16 10
t1 31 42 0.0 0.0 0.0 000000 0 0 16 9
t1 31 43 0.0 0.0 0.0 000000 0 0 16 8
t1 31 44 0.0 0.0 0.0 000000 0 0 16 7
t1   31   45   -12.530    30.250     3.195 788226 0 0 16 6
t1   31   46   -12.808    30.922     0.284 1576708 0 0 16 5
t1   31   47   -13.087    31.594    -2.626 2299397 0 0 16 4
t1   31   48   -13.365    32.267    -5.536 3087879 0 0 16 3
t1   31   49   -13.644    32.939    -8.447 3876105 0 0 16 2
t1 31 50 0.0 0.0 0.0 000000 0 0 16 1
t1 32 1 0.0 0.0 0.0 000000 0 0 16 51
t1 32 2 0.0 0.0 0.0 000000 0 0 16 52
t1 32 3 0.0 0.0 0.0 000000 0 0 16 53
t1 32 4 0.0 0.0 0.0 000000 0 0 16 54
t1 32 5 0.0 0.0 0.0 000000 0 0 16 55
t1 32 6 0.0 0.0 0.0 000000 0 0 16 56
t1 32 7 0.0 0.0 0.0 000000 0 0 16 57
t1 32 8 0.0 0.0 0.0 000000 0 0 16 58
t1 32 9 0.0 0.0 0.0 000000 0 0 16 59
t1 32 10 0.0 0.0 0.0 000000 0 0 16 60
t1 32 11 0.0 0.0 0.0 000000 0 0 16 61
t1 32 12 0.0 0.0 0.0 000000 0 0 16 62
t1   32   13    -1.845     9.277    96.329 2032898 0 0 16 63
t1 32 14 0.0 0.0 0.0 000000 0 0 16 64
t1   32   15    -2.129    10.704    90.508 2950923 0 0 16 65
t1   32   16    -2.271    11.418    87.597 5901845 0 0 16 66
t1   32   17    -2.413    12.132    84.687 8853024 0 0 16 67
t1   32   18    -2.555    12.845    81.776 11803946 0 0 16 68
t1   32   19    -2.697    13.559    78.866 14754869 0 0 16 69
t1 32 20 0.0 0.0 0.0 000000 0 0 16 70
t1 32 21 0.0 0.0 0.0 000000 0 0 16 71
t1 32 22 0.0 0.0 0.0 000000 0 0 16 72
t1 32 23 0.0 0.0 0.0 000000 0 0 16 73
t1 32 24 0.0 0.0 0.0 000000 0 0 16 74
t1 32 25 0.0 0.0 0.0 000000 0 0 16 75
t1 32 26 0.0 0.0 0.0 000000 0 0 16 76
t1   32   27    -3.833    19.268    55.583 853518 0 0 16 77
t1   32   28    -3.975    19.982    52.672 1707293 0 0 16 78
t1   32   29    -4.117    20.695    49.762 2495275 0 0 16 79
t1 32 30 0.0 0.0 0.0 000000 0 0 16 80
t1   32   31    -4.400    22.122    43.941 2492416 0 0 16 81
t1   32   32    -4.542    22.836    41.030 4984832 0 0 16 82
t1   32   33    -4.684    23.550    38.120 7542528 0 0 16 83
t1   32   34    -4.826    24.263    35.210 10034944 0 0 16 84
t1   32   35    -4.968    24.977    32.299 12527360 0 0 16 85
t1 32 36 0.0 0.0 0.0 000000 0 0 16 86
t1 32 37 0.0 0.0 0.0 000000 0 0 16 87
t1 32 38 0.0 0.0 0.0 000000 0 0 16 88
t1   32   39    -5.536    27.831    20.657 1573908 0 0 16 89
t1   32   40    -5.678    28.545    17.747 3147817 0 0 16 90
t1   32   41    -5.820    29.259    14.837 4656189 0 0 16 91
t1   32   42    -5.962    29.972    11.926 6230098 0 0 16 92
t1   32   43    -6.104    30.686     9.016 7804006 0 0 16 93
t1   32   44    -6.246    31.400     6.105 5028279 0 0 16 94
t1 32 45 0.0 0.0 0.0 000000 0 0 16 95
t1 32 46 0.0 0.0 0.0 000000 0 0 16 96
t1   32   47    -6.672    33.540    -2.626 986117 0 0 16 97
t1   32   48    -6.814    34.254    -5.536 1972233 0 0 16 98
t1   32   49    -6.956    34.968    -8.447 2892814 0 0 16 99
t1 32 50 0.0 0.0 0.0 000000 0 0 16 100
