#    workspaces/2/AA+SEAN33_d_7.dat
t1    2    1     0.714     0.142   136.620 16713046 0 0 4 53
t1    4    1     0.714    -0.142   136.620 16713046 0 0 5 53
t1    7    1     0.514    -0.514   136.620 16713046 0 0 7 52
t1   10    1     0.142    -0.714   136.620 16713046 0 0 8 53
t1   28    1     0.142     0.714   136.620 16713046 0 0 1 53
t1   31    1     0.514     0.514   136.620 16713046 0 0 3 52
t1    2    1     0.714     0.142   136.620 16713046 0 0 4 53
t1    4    1     0.714    -0.142   136.620 16777215 0 0 5 53
t1    7    1     0.514    -0.514   136.620 16713046 0 0 7 52
t1   10    1     0.142    -0.714   136.620 16713046 0 0 8 53
t1   28    1     0.142     0.714   136.620 16713046 0 0 1 53
t1   31    1     0.514     0.514   136.620 16777215 0 0 3 52
t1    2    1     0.714     0.142   136.620 16713046 0 0 4 53
t1    4    1     0.714    -0.142   136.620 16713046 0 0 5 53
t1    7    1     0.514    -0.514   136.620 16713046 0 0 7 52
t1   10    1     0.142    -0.714   136.620 16713046 0 0 8 53
t1   28    1     0.142     0.714   136.620 16713046 0 0 1 53
t1   31    1     0.514     0.514   136.620 16713046 0 0 3 52
t1    2    1     0.714     0.142   136.620 16713046 0 0 4 53
t1    4    1     0.714    -0.142   136.620 16713046 0 0 5 53
t1    7    1     0.514    -0.514   136.620 16713046 0 0 7 52
t1   10    1     0.142    -0.714   136.620 16713046 0 0 8 53
t1   28    1     0.142     0.714   136.620 16713046 0 0 1 53
t1   31    1     0.514     0.514   136.620 16713046 0 0 3 52
t1    2    1     0.714     0.142   136.620 16713046 0 0 4 53
t1    4    1     0.714    -0.142   136.620 16713046 0 0 5 53
t1    7    1     0.514    -0.514   136.620 16777215 0 0 7 52
t1   10    1     0.142    -0.714   136.620 16713046 0 0 8 53
t1   28    1     0.142     0.714   136.620 16713046 0 0 1 53
t1   31    1     0.514     0.514   136.620 16713046 0 0 3 52
t1    2    1     0.714     0.142   136.620 16713046 0 0 4 53
t1    4    1     0.714    -0.142   136.620 16713046 0 0 5 53
t1    7    1     0.514    -0.514   136.620 16777215 0 0 7 52
t1   10    1     0.142    -0.714   136.620 16713046 0 0 8 53
t1   28    1     0.142     0.714   136.620 16777215 0 0 1 53
t1   31    1     0.514     0.514   136.620 16713046 0 0 3 52
t1    3    2     1.455     0.000   133.710 16713068 0 0 5 51
t1    5    2     1.344    -0.557   133.710 16713068 0 0 6 51
t1    8    2     0.808    -1.210   133.710 16713068 0 0 7 54
t1   29    2     0.557     1.344   133.710 16713068 0 0 2 51
t1   32    2     1.210     0.808   133.710 16713068 0 0 3 54
t1    3    2     1.455     0.000   133.710 16713068 0 0 5 51
t1    5    2     1.344    -0.557   133.710 16713068 0 0 6 51
t1    8    2     0.808    -1.210   133.710 16713068 0 0 7 54
t1   29    2     0.557     1.344   133.710 16713068 0 0 2 51
t1   32    2     1.210     0.808   133.710 16713068 0 0 3 54
t1    3    2     1.455     0.000   133.710 16713068 0 0 5 51
t1    5    2     1.344    -0.557   133.710 16713068 0 0 6 51
t1    8    2     0.808    -1.210   133.710 16713068 0 0 7 54
t1   29    2     0.557     1.344   133.710 16713068 0 0 2 51
t1   32    2     1.210     0.808   133.710 16777215 0 0 3 54
t1    3    2     1.455     0.000   133.710 16713068 0 0 5 51
t1    5    2     1.344    -0.557   133.710 16713068 0 0 6 51
t1    8    2     0.808    -1.210   133.710 16713068 0 0 7 54
t1   29    2     0.557     1.344   133.710 16713068 0 0 2 51
t1   32    2     1.210     0.808   133.710 16713068 0 0 3 54
t1    3    2     1.455     0.000   133.710 16713068 0 0 5 51
t1    5    2     1.344    -0.557   133.710 16713068 0 0 6 51
t1    8    2     0.808    -1.210   133.710 16713068 0 0 7 54
t1   29    2     0.557     1.344   133.710 16777215 0 0 2 51
t1   32    2     1.210     0.808   133.710 16713068 0 0 3 54
t1    3    2     1.455     0.000   133.710 16713068 0 0 5 51
t1    5    2     1.344    -0.557   133.710 16713068 0 0 6 51
t1    8    2     0.808    -1.210   133.710 16713068 0 0 7 54
t1   29    2     0.557     1.344   133.710 16713068 0 0 2 51
t1   32    2     1.210     0.808   133.710 16713068 0 0 3 54
t1    4    3     2.141    -0.426   130.799 16713091 0 0 5 55
t1    6    3     1.815    -1.213   130.799 16713091 0 0 6 55
t1    9    3     0.835    -2.017   130.799 16713091 0 0 8 50
t1   27    3     0.000     2.183   130.799 16713091 0 0 1 50
t1   30    3     1.213     1.815   130.799 16713091 0 0 2 55
t1    1    3     2.017     0.835   130.799 16713091 0 0 4 50
t1    4    3     2.141    -0.426   130.799 16713091 0 0 5 55
t1    6    3     1.815    -1.213   130.799 16713091 0 0 6 55
t1    9    3     0.835    -2.017   130.799 16713091 0 0 8 50
t1   27    3     0.000     2.183   130.799 16713091 0 0 1 50
t1   30    3     1.213     1.815   130.799 16713091 0 0 2 55
t1    1    3     2.017     0.835   130.799 16713091 0 0 4 50
t1    4    3     2.141    -0.426   130.799 16713091 0 0 5 55
t1    6    3     1.815    -1.213   130.799 16777215 0 0 6 55
t1    9    3     0.835    -2.017   130.799 16713091 0 0 8 50
t1   27    3     0.000     2.183   130.799 16713091 0 0 1 50
t1   30    3     1.213     1.815   130.799 16713091 0 0 2 55
t1    1    3     2.017     0.835   130.799 16713091 0 0 4 50
t1    4    3     2.141    -0.426   130.799 16713091 0 0 5 55
t1    6    3     1.815    -1.213   130.799 16713091 0 0 6 55
t1    9    3     0.835    -2.017   130.799 16713091 0 0 8 50
t1   27    3     0.000     2.183   130.799 16713091 0 0 1 50
t1   30    3     1.213     1.815   130.799 16713091 0 0 2 55
t1    1    3     2.017     0.835   130.799 16713091 0 0 4 50
t1    4    3     2.141    -0.426   130.799 16713091 0 0 5 55
t1    6    3     1.815    -1.213   130.799 16713091 0 0 6 55
t1    9    3     0.835    -2.017   130.799 16713091 0 0 8 50
t1   27    3     0.000     2.183   130.799 16713091 0 0 1 50
t1   30    3     1.213     1.815   130.799 16713091 0 0 2 55
t1    1    3     2.017     0.835   130.799 16713091 0 0 4 50
t1    5    4     2.689    -1.114   127.889 16713114 0 0 6 49
t1    7    4     2.058    -2.058   127.889 16777215 0 0 7 49
t1   10    4     0.568    -2.855   127.889 16713114 0 0 8 56
t1   28    4     0.568     2.855   127.889 16713114 0 0 1 56
t1   31    4     2.058     2.058   127.889 16713114 0 0 3 49
t1    2    4     2.855     0.568   127.889 16713114 0 0 4 56
t1    5    4     2.689    -1.114   127.889 16713114 0 0 6 49
t1    7    4     2.058    -2.058   127.889 16713114 0 0 7 49
t1   10    4     0.568    -2.855   127.889 16713114 0 0 8 56
t1   28    4     0.568     2.855   127.889 16713114 0 0 1 56
t1   31    4     2.058     2.058   127.889 16713114 0 0 3 49
t1    2    4     2.855     0.568   127.889 16713114 0 0 4 56
t1    5    4     2.689    -1.114   127.889 16713114 0 0 6 49
t1    7    4     2.058    -2.058   127.889 16713114 0 0 7 49
t1   10    4     0.568    -2.855   127.889 16713114 0 0 8 56
t1   28    4     0.568     2.855   127.889 16713114 0 0 1 56
t1   31    4     2.058     2.058   127.889 16713114 0 0 3 49
t1    2    4     2.855     0.568   127.889 16713114 0 0 4 56
t1    5    4     2.689    -1.114   127.889 16713114 0 0 6 49
t1    7    4     2.058    -2.058   127.889 16713114 0 0 7 49
t1   10    4     0.568    -2.855   127.889 16777215 0 0 8 56
t1   28    4     0.568     2.855   127.889 16713114 0 0 1 56
t1   31    4     2.058     2.058   127.889 16713114 0 0 3 49
t1    2    4     2.855     0.568   127.889 16713114 0 0 4 56
t1    5    4     2.689    -1.114   127.889 16713114 0 0 6 49
t1    7    4     2.058    -2.058   127.889 16713114 0 0 7 49
t1   10    4     0.568    -2.855   127.889 16777215 0 0 8 56
t1   28    4     0.568     2.855   127.889 16713114 0 0 1 56
t1   31    4     2.058     2.058   127.889 16777215 0 0 3 49
t1    2    4     2.855     0.568   127.889 16713114 0 0 4 56
t1    5    4     2.689    -1.114   127.889 16777215 0 0 6 49
t1    7    4     2.058    -2.058   127.889 16713114 0 0 7 49
t1   10    4     0.568    -2.855   127.889 16713114 0 0 8 56
t1   28    4     0.568     2.855   127.889 16713114 0 0 1 56
t1   31    4     2.058     2.058   127.889 16713114 0 0 3 49
t1    2    4     2.855     0.568   127.889 16713114 0 0 4 56
t1    6    5     3.025    -2.021   124.979 16713136 0 0 6 57
t1    8    5     2.021    -3.025   124.979 16713136 0 0 7 57
t1   29    5     1.392     3.361   124.979 16713136 0 0 2 48
t1   32    5     3.025     2.021   124.979 16713136 0 0 3 57
t1    3    5     3.638     0.000   124.979 16713136 0 0 5 48
t1    6    5     3.025    -2.021   124.979 16713136 0 0 6 57
t1    8    5     2.021    -3.025   124.979 16713136 0 0 7 57
t1   29    5     1.392     3.361   124.979 16713136 0 0 2 48
t1   32    5     3.025     2.021   124.979 16713136 0 0 3 57
t1    3    5     3.638     0.000   124.979 16713136 0 0 5 48
t1    6    5     3.025    -2.021   124.979 16713136 0 0 6 57
t1    8    5     2.021    -3.025   124.979 16713136 0 0 7 57
t1   29    5     1.392     3.361   124.979 16713136 0 0 2 48
t1   32    5     3.025     2.021   124.979 16713136 0 0 3 57
t1    3    5     3.638     0.000   124.979 16713136 0 0 5 48
t1    6    5     3.025    -2.021   124.979 16713136 0 0 6 57
t1    8    5     2.021    -3.025   124.979 16713136 0 0 7 57
t1   29    5     1.392     3.361   124.979 16777215 0 0 2 48
t1   32    5     3.025     2.021   124.979 16777215 0 0 3 57
t1    3    5     3.638     0.000   124.979 16713136 0 0 5 48
t1    6    5     3.025    -2.021   124.979 16713136 0 0 6 57
t1    8    5     2.021    -3.025   124.979 16713136 0 0 7 57
t1   29    5     1.392     3.361   124.979 16777215 0 0 2 48
t1   32    5     3.025     2.021   124.979 16713136 0 0 3 57
t1    3    5     3.638     0.000   124.979 16713136 0 0 5 48
t1    7    6     3.087    -3.087   122.068 16713159 0 0 7 47
t1    9    6     1.671    -4.033   122.068 16713159 0 0 8 47
t1   27    6     0.000     4.366   122.068 16713159 0 0 1 47
t1   30    6     2.425     3.630   122.068 16713159 0 0 2 58
t1    1    6     4.033     1.671   122.068 16713159 0 0 4 47
t1    4    6     4.282    -0.852   122.068 16713159 0 0 5 58
t1    7    6     3.087    -3.087   122.068 16713159 0 0 7 47
t1    9    6     1.671    -4.033   122.068 16713159 0 0 8 47
t1   27    6     0.000     4.366   122.068 16713159 0 0 1 47
t1   30    6     2.425     3.630   122.068 16713159 0 0 2 58
t1    1    6     4.033     1.671   122.068 16713159 0 0 4 47
t1    4    6     4.282    -0.852   122.068 16713159 0 0 5 58
t1    7    6     3.087    -3.087   122.068 16713159 0 0 7 47
t1    9    6     1.671    -4.033   122.068 16777215 0 0 8 47
t1   27    6     0.000     4.366   122.068 16713159 0 0 1 47
t1   30    6     2.425     3.630   122.068 16713159 0 0 2 58
t1    1    6     4.033     1.671   122.068 16713159 0 0 4 47
t1    4    6     4.282    -0.852   122.068 16713159 0 0 5 58
t1    7    6     3.087    -3.087   122.068 16777215 0 0 7 47
t1    9    6     1.671    -4.033   122.068 16713159 0 0 8 47
t1   27    6     0.000     4.366   122.068 16713159 0 0 1 47
t1   30    6     2.425     3.630   122.068 16713159 0 0 2 58
t1    1    6     4.033     1.671   122.068 16713159 0 0 4 47
t1    4    6     4.282    -0.852   122.068 16713159 0 0 5 58
t1    7    6     3.087    -3.087   122.068 16713159 0 0 7 47
t1    9    6     1.671    -4.033   122.068 16713159 0 0 8 47
t1   27    6     0.000     4.366   122.068 16713159 0 0 1 47
t1   30    6     2.425     3.630   122.068 16713159 0 0 2 58
t1    1    6     4.033     1.671   122.068 16713159 0 0 4 47
t1    4    6     4.282    -0.852   122.068 16713159 0 0 5 58
t1    7    6     3.087    -3.087   122.068 16713159 0 0 7 47
t1    9    6     1.671    -4.033   122.068 16777215 0 0 8 47
t1   27    6     0.000     4.366   122.068 16713159 0 0 1 47
t1   30    6     2.425     3.630   122.068 16713159 0 0 2 58
t1    1    6     4.033     1.671   122.068 16713159 0 0 4 47
t1    4    6     4.282    -0.852   122.068 16713159 0 0 5 58
t1    8    7     2.830    -4.235   119.158 16713181 0 0 7 59
t1   10    7     0.994    -4.995   119.158 16713181 0 0 8 59
t1   28    7     0.994     4.995   119.158 16713181 0 0 1 59
t1   31    7     3.601     3.601   119.158 16713181 0 0 3 46
t1    2    7     4.995     0.994   119.158 16713181 0 0 4 59
t1    5    7     4.706    -1.949   119.158 16713181 0 0 6 46
t1    8    7     2.830    -4.235   119.158 16713181 0 0 7 59
t1   10    7     0.994    -4.995   119.158 16713181 0 0 8 59
t1   28    7     0.994     4.995   119.158 16713181 0 0 1 59
t1   31    7     3.601     3.601   119.158 16713181 0 0 3 46
t1    2    7     4.995     0.994   119.158 16713181 0 0 4 59
t1    5    7     4.706    -1.949   119.158 16713181 0 0 6 46
t1    8    7     2.830    -4.235   119.158 16713181 0 0 7 59
t1   10    7     0.994    -4.995   119.158 16713181 0 0 8 59
t1   28    7     0.994     4.995   119.158 16777215 0 0 1 59
t1   31    7     3.601     3.601   119.158 16713181 0 0 3 46
t1    2    7     4.995     0.994   119.158 16713181 0 0 4 59
t1    5    7     4.706    -1.949   119.158 16713181 0 0 6 46
t1    8    7     2.830    -4.235   119.158 16713181 0 0 7 59
t1   10    7     0.994    -4.995   119.158 16713181 0 0 8 59
t1   28    7     0.994     4.995   119.158 16713181 0 0 1 59
t1   31    7     3.601     3.601   119.158 16713181 0 0 3 46
t1    2    7     4.995     0.994   119.158 16777215 0 0 4 59
t1    5    7     4.706    -1.949   119.158 16713181 0 0 6 46
t1    8    7     2.830    -4.235   119.158 16777215 0 0 7 59
t1   10    7     0.994    -4.995   119.158 16713181 0 0 8 59
t1   28    7     0.994     4.995   119.158 16713181 0 0 1 59
t1   31    7     3.601     3.601   119.158 16713181 0 0 3 46
t1    2    7     4.995     0.994   119.158 16713181 0 0 4 59
t1    5    7     4.706    -1.949   119.158 16713181 0 0 6 46
t1    9    8     2.228    -5.378   116.247 16713204 0 0 8 45
t1   29    8     2.228     5.378   116.247 16777215 0 0 2 45
t1   32    8     4.840     3.234   116.247 16713204 0 0 3 60
t1    3    8     5.821     0.000   116.247 16713204 0 0 5 45
t1    6    8     4.840    -3.234   116.247 16713204 0 0 6 60
t1    9    8     2.228    -5.378   116.247 16713204 0 0 8 45
t1   29    8     2.228     5.378   116.247 16713204 0 0 2 45
t1   32    8     4.840     3.234   116.247 16713204 0 0 3 60
t1    3    8     5.821     0.000   116.247 16713204 0 0 5 45
t1    6    8     4.840    -3.234   116.247 16713204 0 0 6 60
t1    9    8     2.228    -5.378   116.247 16713204 0 0 8 45
t1   29    8     2.228     5.378   116.247 16713204 0 0 2 45
t1   32    8     4.840     3.234   116.247 16713204 0 0 3 60
t1    3    8     5.821     0.000   116.247 16713204 0 0 5 45
t1    6    8     4.840    -3.234   116.247 16713204 0 0 6 60
t1    9    8     2.228    -5.378   116.247 16713204 0 0 8 45
t1   29    8     2.228     5.378   116.247 16713204 0 0 2 45
t1   32    8     4.840     3.234   116.247 16777215 0 0 3 60
t1    3    8     5.821     0.000   116.247 16777215 0 0 5 45
t1    6    8     4.840    -3.234   116.247 16713204 0 0 6 60
t1    9    8     2.228    -5.378   116.247 16713204 0 0 8 45
t1   29    8     2.228     5.378   116.247 16713204 0 0 2 45
t1   32    8     4.840     3.234   116.247 16777215 0 0 3 60
t1    3    8     5.821     0.000   116.247 16713204 0 0 5 45
t1    6    8     4.840    -3.234   116.247 16713204 0 0 6 60
t1    9    8     2.228    -5.378   116.247 16713204 0 0 8 45
t1   29    8     2.228     5.378   116.247 16713204 0 0 2 45
t1   32    8     4.840     3.234   116.247 16713204 0 0 3 60
t1    3    8     5.821     0.000   116.247 16713204 0 0 5 45
t1    6    8     4.840    -3.234   116.247 16713204 0 0 6 60
t1   10    9     1.278    -6.423   113.337 15992575 0 0 8 61
t1   27    9     0.000     6.548   113.337 15992575 0 0 1 44
t1   30    9     3.638     5.445   113.337 15992575 0 0 2 61
t1    1    9     6.050     2.506   113.337 15992575 0 0 4 44
t1    4    9     6.423    -1.278   113.337 15992575 0 0 5 61
t1    7    9     4.630    -4.630   113.337 15992575 0 0 7 44
t1   10    9     1.278    -6.423   113.337 15992575 0 0 8 61
t1   27    9     0.000     6.548   113.337 15992575 0 0 1 44
t1   30    9     3.638     5.445   113.337 15992575 0 0 2 61
t1    1    9     6.050     2.506   113.337 15992575 0 0 4 44
t1    4    9     6.423    -1.278   113.337 15992575 0 0 5 61
t1    7    9     4.630    -4.630   113.337 15992575 0 0 7 44
t1   10    9     1.278    -6.423   113.337 16777215 0 0 8 61
t1   27    9     0.000     6.548   113.337 15992575 0 0 1 44
t1   30    9     3.638     5.445   113.337 15992575 0 0 2 61
t1    1    9     6.050     2.506   113.337 15992575 0 0 4 44
t1    4    9     6.423    -1.278   113.337 15992575 0 0 5 61
t1    7    9     4.630    -4.630   113.337 15992575 0 0 7 44
t1   10    9     1.278    -6.423   113.337 15992575 0 0 8 61
t1   27    9     0.000     6.548   113.337 15992575 0 0 1 44
t1   30    9     3.638     5.445   113.337 15992575 0 0 2 61
t1    1    9     6.050     2.506   113.337 15992575 0 0 4 44
t1    4    9     6.423    -1.278   113.337 15992575 0 0 5 61
t1    7    9     4.630    -4.630   113.337 15992575 0 0 7 44
t1   10    9     1.278    -6.423   113.337 15992575 0 0 8 61
t1   27    9     0.000     6.548   113.337 15992575 0 0 1 44
t1   30    9     3.638     5.445   113.337 15992575 0 0 2 61
t1    1    9     6.050     2.506   113.337 15992575 0 0 4 44
t1    4    9     6.423    -1.278   113.337 15992575 0 0 5 61
t1    7    9     4.630    -4.630   113.337 15992575 0 0 7 44
t1   28   10     1.419     7.136   110.426 14485247 0 0 1 62
t1   31   10     5.145     5.145   110.426 14485247 0 0 3 43
t1    2   10     7.136     1.419   110.426 14485247 0 0 4 62
t1    5   10     6.722    -2.784   110.426 14485247 0 0 6 43
t1    8   10     4.042    -6.050   110.426 14485247 0 0 7 62
t1   28   10     1.419     7.136   110.426 14485247 0 0 1 62
t1   31   10     5.145     5.145   110.426 14485247 0 0 3 43
t1    2   10     7.136     1.419   110.426 14485247 0 0 4 62
t1    5   10     6.722    -2.784   110.426 14485247 0 0 6 43
t1    8   10     4.042    -6.050   110.426 14485247 0 0 7 62
t1   28   10     1.419     7.136   110.426 14485247 0 0 1 62
t1   31   10     5.145     5.145   110.426 16777215 0 0 3 43
t1    2   10     7.136     1.419   110.426 14485247 0 0 4 62
t1    5   10     6.722    -2.784   110.426 14485247 0 0 6 43
t1    8   10     4.042    -6.050   110.426 14485247 0 0 7 62
t1   28   10     1.419     7.136   110.426 14485247 0 0 1 62
t1   31   10     5.145     5.145   110.426 14485247 0 0 3 43
t1    2   10     7.136     1.419   110.426 14485247 0 0 4 62
t1    5   10     6.722    -2.784   110.426 14485247 0 0 6 43
t1    8   10     4.042    -6.050   110.426 14485247 0 0 7 62
t1   28   10     1.419     7.136   110.426 14485247 0 0 1 62
t1   31   10     5.145     5.145   110.426 14485247 0 0 3 43
t1    2   10     7.136     1.419   110.426 14485247 0 0 4 62
t1    5   10     6.722    -2.784   110.426 14485247 0 0 6 43
t1    8   10     4.042    -6.050   110.426 14485247 0 0 7 62
t1   28   10     1.419     7.136   110.426 14485247 0 0 1 62
t1   31   10     5.145     5.145   110.426 16777215 0 0 3 43
t1    2   10     7.136     1.419   110.426 14485247 0 0 4 62
t1    5   10     6.722    -2.784   110.426 14485247 0 0 6 43
t1    8   10     4.042    -6.050   110.426 16777215 0 0 7 62
t1   29   11     3.063     7.394   107.516 12977919 0 0 2 42
t1   32   11     6.655     4.447   107.516 12977919 0 0 3 63
t1    3   11     8.004     0.000   107.516 12977919 0 0 5 42
t1    6   11     6.655    -4.447   107.516 12977919 0 0 6 63
t1    9   11     3.063    -7.394   107.516 12977919 0 0 8 42
t1   29   11     3.063     7.394   107.516 12977919 0 0 2 42
t1   32   11     6.655     4.447   107.516 12977919 0 0 3 63
t1    3   11     8.004     0.000   107.516 12977919 0 0 5 42
t1    6   11     6.655    -4.447   107.516 12977919 0 0 6 63
t1    9   11     3.063    -7.394   107.516 12977919 0 0 8 42
t1   29   11     3.063     7.394   107.516 12977919 0 0 2 42
t1   32   11     6.655     4.447   107.516 12977919 0 0 3 63
t1    3   11     8.004     0.000   107.516 16777215 0 0 5 42
t1    6   11     6.655    -4.447   107.516 12977919 0 0 6 63
t1    9   11     3.063    -7.394   107.516 12977919 0 0 8 42
t1   29   11     3.063     7.394   107.516 12977919 0 0 2 42
t1   32   11     6.655     4.447   107.516 12977919 0 0 3 63
t1    3   11     8.004     0.000   107.516 16777215 0 0 5 42
t1    6   11     6.655    -4.447   107.516 12977919 0 0 6 63
t1    9   11     3.063    -7.394   107.516 12977919 0 0 8 42
t1   29   11     3.063     7.394   107.516 12977919 0 0 2 42
t1   32   11     6.655     4.447   107.516 12977919 0 0 3 63
t1    3   11     8.004     0.000   107.516 12977919 0 0 5 42
t1    6   11     6.655    -4.447   107.516 12977919 0 0 6 63
t1    9   11     3.063    -7.394   107.516 12977919 0 0 8 42
t1   27   12     0.000     8.731   104.606 11536127 0 0 1 41
t1   30   12     4.851     7.260   104.606 11536127 0 0 2 64
t1    1   12     8.067     3.341   104.606 11536127 0 0 4 41
t1    4   12     8.564    -1.703   104.606 11536127 0 0 5 64
t1    7   12     6.174    -6.174   104.606 11536127 0 0 7 41
t1   10   12     1.703    -8.564   104.606 11536127 0 0 8 64
t1   27   12     0.000     8.731   104.606 11536127 0 0 1 41
t1   30   12     4.851     7.260   104.606 11536127 0 0 2 64
t1    1   12     8.067     3.341   104.606 11536127 0 0 4 41
t1    4   12     8.564    -1.703   104.606 11536127 0 0 5 64
t1    7   12     6.174    -6.174   104.606 11536127 0 0 7 41
t1   10   12     1.703    -8.564   104.606 11536127 0 0 8 64
t1   27   12     0.000     8.731   104.606 11536127 0 0 1 41
t1   30   12     4.851     7.260   104.606 11536127 0 0 2 64
t1    1   12     8.067     3.341   104.606 11536127 0 0 4 41
t1    4   12     8.564    -1.703   104.606 11536127 0 0 5 64
t1    7   12     6.174    -6.174   104.606 11536127 0 0 7 41
t1   10   12     1.703    -8.564   104.606 11536127 0 0 8 64
t1   27   12     0.000     8.731   104.606 11536127 0 0 1 41
t1   30   12     4.851     7.260   104.606 11536127 0 0 2 64
t1    1   12     8.067     3.341   104.606 11536127 0 0 4 41
t1    4   12     8.564    -1.703   104.606 11536127 0 0 5 64
t1    7   12     6.174    -6.174   104.606 11536127 0 0 7 41
t1   10   12     1.703    -8.564   104.606 11536127 0 0 8 64
t1   27   12     0.000     8.731   104.606 11536127 0 0 1 41
t1   30   12     4.851     7.260   104.606 11536127 0 0 2 64
t1    1   12     8.067     3.341   104.606 11536127 0 0 4 41
t1    4   12     8.564    -1.703   104.606 11536127 0 0 5 64
t1    7   12     6.174    -6.174   104.606 11536127 0 0 7 41
t1   10   12     1.703    -8.564   104.606 11536127 0 0 8 64
t1   27   12     0.000     8.731   104.606 11536127 0 0 1 41
t1   30   12     4.851     7.260   104.606 11536127 0 0 2 64
t1    1   12     8.067     3.341   104.606 11536127 0 0 4 41
t1    4   12     8.564    -1.703   104.606 11536127 0 0 5 64
t1    7   12     6.174    -6.174   104.606 11536127 0 0 7 41
t1   10   12     1.703    -8.564   104.606 16777215 0 0 8 64
t1   28   13     1.845     9.277   101.695 10028799 0 0 1 65
t1   31   13     6.688     6.688   101.695 10028799 0 0 3 40
t1    2   13     9.277     1.845   101.695 10028799 0 0 4 65
t1    5   13     8.739    -3.620   101.695 10028799 0 0 6 40
t1    8   13     5.255    -7.865   101.695 10028799 0 0 7 65
t1   28   13     1.845     9.277   101.695 10028799 0 0 1 65
t1   31   13     6.688     6.688   101.695 10028799 0 0 3 40
t1    2   13     9.277     1.845   101.695 16777215 0 0 4 65
t1    5   13     8.739    -3.620   101.695 10028799 0 0 6 40
t1    8   13     5.255    -7.865   101.695 10028799 0 0 7 65
t1   28   13     1.845     9.277   101.695 10028799 0 0 1 65
t1   31   13     6.688     6.688   101.695 16777215 0 0 3 40
t1    2   13     9.277     1.845   101.695 10028799 0 0 4 65
t1    5   13     8.739    -3.620   101.695 10028799 0 0 6 40
t1    8   13     5.255    -7.865   101.695 10028799 0 0 7 65
t1   28   13     1.845     9.277   101.695 10028799 0 0 1 65
t1   31   13     6.688     6.688   101.695 10028799 0 0 3 40
t1    2   13     9.277     1.845   101.695 10028799 0 0 4 65
t1    5   13     8.739    -3.620   101.695 10028799 0 0 6 40
t1    8   13     5.255    -7.865   101.695 10028799 0 0 7 65
t1   28   13     1.845     9.277   101.695 10028799 0 0 1 65
t1   31   13     6.688     6.688   101.695 10028799 0 0 3 40
t1    2   13     9.277     1.845   101.695 16777215 0 0 4 65
t1    5   13     8.739    -3.620   101.695 10028799 0 0 6 40
t1    8   13     5.255    -7.865   101.695 10028799 0 0 7 65
t1   29   14     3.898     9.411    98.785 8587007 0 0 2 39
t1   32   14     8.470     5.659    98.785 8587007 0 0 3 66
t1    3   14    10.186     0.000    98.785 8587007 0 0 5 39
t1    6   14     8.470    -5.659    98.785 8587007 0 0 6 66
t1    9   14     3.898    -9.411    98.785 8587007 0 0 8 39
t1   29   14     3.898     9.411    98.785 8587007 0 0 2 39
t1   32   14     8.470     5.659    98.785 8587007 0 0 3 66
t1    3   14    10.186     0.000    98.785 8587007 0 0 5 39
t1    6   14     8.470    -5.659    98.785 8587007 0 0 6 66
t1    9   14     3.898    -9.411    98.785 8587007 0 0 8 39
t1   29   14     3.898     9.411    98.785 8587007 0 0 2 39
t1   32   14     8.470     5.659    98.785 8587007 0 0 3 66
t1    3   14    10.186     0.000    98.785 8587007 0 0 5 39
t1    6   14     8.470    -5.659    98.785 16777215 0 0 6 66
t1    9   14     3.898    -9.411    98.785 8587007 0 0 8 39
t1   29   14     3.898     9.411    98.785 8587007 0 0 2 39
t1   32   14     8.470     5.659    98.785 8587007 0 0 3 66
t1    3   14    10.186     0.000    98.785 8587007 0 0 5 39
t1    6   14     8.470    -5.659    98.785 16777215 0 0 6 66
t1    9   14     3.898    -9.411    98.785 8587007 0 0 8 39
t1   29   14     3.898     9.411    98.785 8587007 0 0 2 39
t1   32   14     8.470     5.659    98.785 16777215 0 0 3 66
t1    3   14    10.186     0.000    98.785 8587007 0 0 5 39
t1    6   14     8.470    -5.659    98.785 8587007 0 0 6 66
t1    9   14     3.898    -9.411    98.785 8587007 0 0 8 39
t1   29   14     3.898     9.411    98.785 8587007 0 0 2 39
t1   32   14     8.470     5.659    98.785 8587007 0 0 3 66
t1    3   14    10.186     0.000    98.785 8587007 0 0 5 39
t1    6   14     8.470    -5.659    98.785 8587007 0 0 6 66
t1    9   14     3.898    -9.411    98.785 8587007 0 0 8 39
t1   27   15     0.000    10.914    95.874 7079679 0 0 1 38
t1   30   15     6.064     9.075    95.874 7079679 0 0 2 67
t1    1   15    10.083     4.177    95.874 7079679 0 0 4 38
t1    4   15    10.704    -2.129    95.874 7079679 0 0 5 67
t1    7   15     7.717    -7.717    95.874 7079679 0 0 7 38
t1   10   15     2.129   -10.704    95.874 7079679 0 0 8 67
t1   27   15     0.000    10.914    95.874 7079679 0 0 1 38
t1   30   15     6.064     9.075    95.874 7079679 0 0 2 67
t1    1   15    10.083     4.177    95.874 7079679 0 0 4 38
t1    4   15    10.704    -2.129    95.874 7079679 0 0 5 67
t1    7   15     7.717    -7.717    95.874 7079679 0 0 7 38
t1   10   15     2.129   -10.704    95.874 7079679 0 0 8 67
t1   27   15     0.000    10.914    95.874 7079679 0 0 1 38
t1   30   15     6.064     9.075    95.874 7079679 0 0 2 67
t1    1   15    10.083     4.177    95.874 7079679 0 0 4 38
t1    4   15    10.704    -2.129    95.874 7079679 0 0 5 67
t1    7   15     7.717    -7.717    95.874 7079679 0 0 7 38
t1   10   15     2.129   -10.704    95.874 7079679 0 0 8 67
t1   27   15     0.000    10.914    95.874 16777215 0 0 1 38
t1   30   15     6.064     9.075    95.874 7079679 0 0 2 67
t1    1   15    10.083     4.177    95.874 7079679 0 0 4 38
t1    4   15    10.704    -2.129    95.874 7079679 0 0 5 67
t1    7   15     7.717    -7.717    95.874 7079679 0 0 7 38
t1   10   15     2.129   -10.704    95.874 7079679 0 0 8 67
t1   27   15     0.000    10.914    95.874 7079679 0 0 1 38
t1   30   15     6.064     9.075    95.874 7079679 0 0 2 67
t1    1   15    10.083     4.177    95.874 7079679 0 0 4 38
t1    4   15    10.704    -2.129    95.874 7079679 0 0 5 67
t1    7   15     7.717    -7.717    95.874 7079679 0 0 7 38
t1   10   15     2.129   -10.704    95.874 7079679 0 0 8 67
t1   27   15     0.000    10.914    95.874 7079679 0 0 1 38
t1   30   15     6.064     9.075    95.874 7079679 0 0 2 67
t1    1   15    10.083     4.177    95.874 7079679 0 0 4 38
t1    4   15    10.704    -2.129    95.874 7079679 0 0 5 67
t1    7   15     7.717    -7.717    95.874 7079679 0 0 7 38
t1   10   15     2.129   -10.704    95.874 7079679 0 0 8 67
t1   28   16     2.271    11.418    92.964 5637887 0 0 1 68
t1   31   16     8.232     8.232    92.964 5637887 0 0 3 37
t1    2   16    11.418     2.271    92.964 5637887 0 0 4 68
t1    5   16    10.756    -4.455    92.964 16777215 0 0 6 37
t1    8   16     6.468    -9.680    92.964 5637887 0 0 7 68
t1   28   16     2.271    11.418    92.964 5637887 0 0 1 68
t1   31   16     8.232     8.232    92.964 5637887 0 0 3 37
t1    2   16    11.418     2.271    92.964 16777215 0 0 4 68
t1    5   16    10.756    -4.455    92.964 5637887 0 0 6 37
t1    8   16     6.468    -9.680    92.964 5637887 0 0 7 68
t1   28   16     2.271    11.418    92.964 5637887 0 0 1 68
t1   31   16     8.232     8.232    92.964 5637887 0 0 3 37
t1    2   16    11.418     2.271    92.964 5637887 0 0 4 68
t1    5   16    10.756    -4.455    92.964 5637887 0 0 6 37
t1    8   16     6.468    -9.680    92.964 5637887 0 0 7 68
t1   28   16     2.271    11.418    92.964 5637887 0 0 1 68
t1   31   16     8.232     8.232    92.964 5637887 0 0 3 37
t1    2   16    11.418     2.271    92.964 5637887 0 0 4 68
t1    5   16    10.756    -4.455    92.964 16777215 0 0 6 37
t1    8   16     6.468    -9.680    92.964 5637887 0 0 7 68
t1   28   16     2.271    11.418    92.964 5637887 0 0 1 68
t1   31   16     8.232     8.232    92.964 5637887 0 0 3 37
t1    2   16    11.418     2.271    92.964 5637887 0 0 4 68
t1    5   16    10.756    -4.455    92.964 5637887 0 0 6 37
t1    8   16     6.468    -9.680    92.964 5637887 0 0 7 68
t1   29   17     4.734    11.428    90.053 4130559 0 0 2 36
t1   32   17    10.285     6.872    90.053 4130559 0 0 3 69
t1    3   17    12.369     0.000    90.053 4130559 0 0 5 36
t1    6   17    10.285    -6.872    90.053 4130559 0 0 6 69
t1    9   17     4.734   -11.428    90.053 4130559 0 0 8 36
t1   29   17     4.734    11.428    90.053 4130559 0 0 2 36
t1   32   17    10.285     6.872    90.053 4130559 0 0 3 69
t1    3   17    12.369     0.000    90.053 4130559 0 0 5 36
t1    6   17    10.285    -6.872    90.053 4130559 0 0 6 69
t1    9   17     4.734   -11.428    90.053 4130559 0 0 8 36
t1   29   17     4.734    11.428    90.053 4130559 0 0 2 36
t1   32   17    10.285     6.872    90.053 4130559 0 0 3 69
t1    3   17    12.369     0.000    90.053 4130559 0 0 5 36
t1    6   17    10.285    -6.872    90.053 4130559 0 0 6 69
t1    9   17     4.734   -11.428    90.053 4130559 0 0 8 36
t1   29   17     4.734    11.428    90.053 16777215 0 0 2 36
t1   32   17    10.285     6.872    90.053 4130559 0 0 3 69
t1    3   17    12.369     0.000    90.053 16777215 0 0 5 36
t1    6   17    10.285    -6.872    90.053 4130559 0 0 6 69
t1    9   17     4.734   -11.428    90.053 4130559 0 0 8 36
t1   29   17     4.734    11.428    90.053 4130559 0 0 2 36
t1   32   17    10.285     6.872    90.053 4130559 0 0 3 69
t1    3   17    12.369     0.000    90.053 4130559 0 0 5 36
t1    6   17    10.285    -6.872    90.053 4130559 0 0 6 69
t1    9   17     4.734   -11.428    90.053 4130559 0 0 8 36
t1   29   17     4.734    11.428    90.053 4130559 0 0 2 36
t1   32   17    10.285     6.872    90.053 4130559 0 0 3 69
t1    3   17    12.369     0.000    90.053 4130559 0 0 5 36
t1    6   17    10.285    -6.872    90.053 4130559 0 0 6 69
t1    9   17     4.734   -11.428    90.053 4130559 0 0 8 36
t1   27   18     0.000    13.097    87.143 2688767 0 0 1 35
t1   30   18     7.276    10.890    87.143 2688767 0 0 2 70
t1    1   18    12.100     5.012    87.143 2688767 0 0 4 35
t1    4   18    12.845    -2.555    87.143 2688767 0 0 5 70
t1    7   18     9.261    -9.261    87.143 2688767 0 0 7 35
t1   10   18     2.555   -12.845    87.143 2688767 0 0 8 70
t1   27   18     0.000    13.097    87.143 2688767 0 0 1 35
t1   30   18     7.276    10.890    87.143 2688767 0 0 2 70
t1    1   18    12.100     5.012    87.143 2688767 0 0 4 35
t1    4   18    12.845    -2.555    87.143 2688767 0 0 5 70
t1    7   18     9.261    -9.261    87.143 2688767 0 0 7 35
t1   10   18     2.555   -12.845    87.143 2688767 0 0 8 70
t1   27   18     0.000    13.097    87.143 16777215 0 0 1 35
t1   30   18     7.276    10.890    87.143 2688767 0 0 2 70
t1    1   18    12.100     5.012    87.143 2688767 0 0 4 35
t1    4   18    12.845    -2.555    87.143 2688767 0 0 5 70
t1    7   18     9.261    -9.261    87.143 2688767 0 0 7 35
t1   10   18     2.555   -12.845    87.143 2688767 0 0 8 70
t1   27   18     0.000    13.097    87.143 16777215 0 0 1 35
t1   30   18     7.276    10.890    87.143 2688767 0 0 2 70
t1    1   18    12.100     5.012    87.143 2688767 0 0 4 35
t1    4   18    12.845    -2.555    87.143 2688767 0 0 5 70
t1    7   18     9.261    -9.261    87.143 2688767 0 0 7 35
t1   10   18     2.555   -12.845    87.143 2688767 0 0 8 70
t1   27   18     0.000    13.097    87.143 2688767 0 0 1 35
t1   30   18     7.276    10.890    87.143 2688767 0 0 2 70
t1    1   18    12.100     5.012    87.143 2688767 0 0 4 35
t1    4   18    12.845    -2.555    87.143 2688767 0 0 5 70
t1    7   18     9.261    -9.261    87.143 2688767 0 0 7 35
t1   10   18     2.555   -12.845    87.143 2688767 0 0 8 70
t1   28   19     2.697    13.559    84.233 1181439 0 0 1 71
t1   31   19     9.775     9.775    84.233 1181439 0 0 3 34
t1    2   19    13.559     2.697    84.233 1181439 0 0 4 71
t1    5   19    12.772    -5.290    84.233 1181439 0 0 6 34
t1    8   19     7.680   -11.495    84.233 16777215 0 0 7 71
t1   28   19     2.697    13.559    84.233 1181439 0 0 1 71
t1   31   19     9.775     9.775    84.233 1181439 0 0 3 34
t1    2   19    13.559     2.697    84.233 1181439 0 0 4 71
t1    5   19    12.772    -5.290    84.233 16777215 0 0 6 34
t1    8   19     7.680   -11.495    84.233 1181439 0 0 7 71
t1   28   19     2.697    13.559    84.233 1181439 0 0 1 71
t1   31   19     9.775     9.775    84.233 1181439 0 0 3 34
t1    2   19    13.559     2.697    84.233 1181439 0 0 4 71
t1    5   19    12.772    -5.290    84.233 1181439 0 0 6 34
t1    8   19     7.680   -11.495    84.233 1181439 0 0 7 71
t1   28   19     2.697    13.559    84.233 1181439 0 0 1 71
t1   31   19     9.775     9.775    84.233 1181439 0 0 3 34
t1    2   19    13.559     2.697    84.233 1181439 0 0 4 71
t1    5   19    12.772    -5.290    84.233 1181439 0 0 6 34
t1    8   19     7.680   -11.495    84.233 16777215 0 0 7 71
t1   28   19     2.697    13.559    84.233 1181439 0 0 1 71
t1   31   19     9.775     9.775    84.233 1181439 0 0 3 34
t1    2   19    13.559     2.697    84.233 1181439 0 0 4 71
t1    5   19    12.772    -5.290    84.233 1181439 0 0 6 34
t1    8   19     7.680   -11.495    84.233 1181439 0 0 7 71
t1   28   19     2.697    13.559    84.233 1181439 0 0 1 71
t1   31   19     9.775     9.775    84.233 1181439 0 0 3 34
t1    2   19    13.559     2.697    84.233 16777215 0 0 4 71
t1    5   19    12.772    -5.290    84.233 1181439 0 0 6 34
t1    8   19     7.680   -11.495    84.233 1181439 0 0 7 71
t1   29   20     5.569    13.444    81.322 397567 0 0 2 33
t1   32   20    12.100     8.085    81.322 397567 0 0 3 72
t1    3   20    14.552     0.000    81.322 397567 0 0 5 33
t1    6   20    12.100    -8.085    81.322 397567 0 0 6 72
t1    9   20     5.569   -13.444    81.322 397567 0 0 8 33
t1   29   20     5.569    13.444    81.322 397567 0 0 2 33
t1   32   20    12.100     8.085    81.322 397567 0 0 3 72
t1    3   20    14.552     0.000    81.322 397567 0 0 5 33
t1    6   20    12.100    -8.085    81.322 397567 0 0 6 72
t1    9   20     5.569   -13.444    81.322 397567 0 0 8 33
t1   29   20     5.569    13.444    81.322 397567 0 0 2 33
t1   32   20    12.100     8.085    81.322 397567 0 0 3 72
t1    3   20    14.552     0.000    81.322 397567 0 0 5 33
t1    6   20    12.100    -8.085    81.322 16777215 0 0 6 72
t1    9   20     5.569   -13.444    81.322 397567 0 0 8 33
t1   29   20     5.569    13.444    81.322 397567 0 0 2 33
t1   32   20    12.100     8.085    81.322 397567 0 0 3 72
t1    3   20    14.552     0.000    81.322 397567 0 0 5 33
t1    6   20    12.100    -8.085    81.322 397567 0 0 6 72
t1    9   20     5.569   -13.444    81.322 397567 0 0 8 33
t1   29   20     5.569    13.444    81.322 397567 0 0 2 33
t1   32   20    12.100     8.085    81.322 397567 0 0 3 72
t1    3   20    14.552     0.000    81.322 16777215 0 0 5 33
t1    6   20    12.100    -8.085    81.322 397567 0 0 6 72
t1    9   20     5.569   -13.444    81.322 397567 0 0 8 33
t1   27   21     0.000    15.280    78.412 403455 0 0 1 32
t1   30   21     8.489    12.705    78.412 403455 0 0 2 73
t1    1   21    14.117     5.847    78.412 403455 0 0 4 32
t1    4   21    14.986    -2.981    78.412 403455 0 0 5 73
t1    7   21    10.804   -10.804    78.412 403455 0 0 7 32
t1   10   21     2.981   -14.986    78.412 403455 0 0 8 73
t1   27   21     0.000    15.280    78.412 403455 0 0 1 32
t1   30   21     8.489    12.705    78.412 403455 0 0 2 73
t1    1   21    14.117     5.847    78.412 403455 0 0 4 32
t1    4   21    14.986    -2.981    78.412 403455 0 0 5 73
t1    7   21    10.804   -10.804    78.412 403455 0 0 7 32
t1   10   21     2.981   -14.986    78.412 403455 0 0 8 73
t1   27   21     0.000    15.280    78.412 403455 0 0 1 32
t1   30   21     8.489    12.705    78.412 16777215 0 0 2 73
t1    1   21    14.117     5.847    78.412 403455 0 0 4 32
t1    4   21    14.986    -2.981    78.412 403455 0 0 5 73
t1    7   21    10.804   -10.804    78.412 403455 0 0 7 32
t1   10   21     2.981   -14.986    78.412 403455 0 0 8 73
t1   27   21     0.000    15.280    78.412 403455 0 0 1 32
t1   30   21     8.489    12.705    78.412 16777215 0 0 2 73
t1    1   21    14.117     5.847    78.412 403455 0 0 4 32
t1    4   21    14.986    -2.981    78.412 403455 0 0 5 73
t1    7   21    10.804   -10.804    78.412 403455 0 0 7 32
t1   10   21     2.981   -14.986    78.412 403455 0 0 8 73
t1   27   21     0.000    15.280    78.412 403455 0 0 1 32
t1   30   21     8.489    12.705    78.412 403455 0 0 2 73
t1    1   21    14.117     5.847    78.412 403455 0 0 4 32
t1    4   21    14.986    -2.981    78.412 403455 0 0 5 73
t1    7   21    10.804   -10.804    78.412 403455 0 0 7 32
t1   10   21     2.981   -14.986    78.412 403455 0 0 8 73
t1   27   21     0.000    15.280    78.412 403455 0 0 1 32
t1   30   21     8.489    12.705    78.412 403455 0 0 2 73
t1    1   21    14.117     5.847    78.412 403455 0 0 4 32
t1    4   21    14.986    -2.981    78.412 403455 0 0 5 73
t1    7   21    10.804   -10.804    78.412 403455 0 0 7 32
t1   10   21     2.981   -14.986    78.412 16777215 0 0 8 73
t1   28   22     3.123    15.700    75.501 409087 0 0 1 74
t1   31   22    11.319    11.319    75.501 409087 0 0 3 31
t1    2   22    15.700     3.123    75.501 409087 0 0 4 74
t1    5   22    14.789    -6.126    75.501 409087 0 0 6 31
t1    8   22     8.893   -13.310    75.501 16777215 0 0 7 74
t1   28   22     3.123    15.700    75.501 409087 0 0 1 74
t1   31   22    11.319    11.319    75.501 409087 0 0 3 31
t1    2   22    15.700     3.123    75.501 409087 0 0 4 74
t1    5   22    14.789    -6.126    75.501 409087 0 0 6 31
t1    8   22     8.893   -13.310    75.501 409087 0 0 7 74
t1   28   22     3.123    15.700    75.501 409087 0 0 1 74
t1   31   22    11.319    11.319    75.501 409087 0 0 3 31
t1    2   22    15.700     3.123    75.501 409087 0 0 4 74
t1    5   22    14.789    -6.126    75.501 409087 0 0 6 31
t1    8   22     8.893   -13.310    75.501 409087 0 0 7 74
t1   28   22     3.123    15.700    75.501 409087 0 0 1 74
t1   31   22    11.319    11.319    75.501 409087 0 0 3 31
t1    2   22    15.700     3.123    75.501 409087 0 0 4 74
t1    5   22    14.789    -6.126    75.501 409087 0 0 6 31
t1    8   22     8.893   -13.310    75.501 409087 0 0 7 74
t1   28   22     3.123    15.700    75.501 409087 0 0 1 74
t1   31   22    11.319    11.319    75.501 409087 0 0 3 31
t1    2   22    15.700     3.123    75.501 409087 0 0 4 74
t1    5   22    14.789    -6.126    75.501 16777215 0 0 6 31
t1    8   22     8.893   -13.310    75.501 409087 0 0 7 74
t1   29   23     6.404    15.461    72.591 414975 0 0 2 30
t1   32   23    13.915     9.297    72.591 414975 0 0 3 75
t1    3   23    16.735     0.000    72.591 414975 0 0 5 30
t1    6   23    13.915    -9.297    72.591 414975 0 0 6 75
t1    9   23     6.404   -15.461    72.591 414975 0 0 8 30
t1   29   23     6.404    15.461    72.591 16777215 0 0 2 30
t1   32   23    13.915     9.297    72.591 414975 0 0 3 75
t1    3   23    16.735     0.000    72.591 414975 0 0 5 30
t1    6   23    13.915    -9.297    72.591 414975 0 0 6 75
t1    9   23     6.404   -15.461    72.591 414975 0 0 8 30
t1   29   23     6.404    15.461    72.591 414975 0 0 2 30
t1   32   23    13.915     9.297    72.591 414975 0 0 3 75
t1    3   23    16.735     0.000    72.591 414975 0 0 5 30
t1    6   23    13.915    -9.297    72.591 414975 0 0 6 75
t1    9   23     6.404   -15.461    72.591 16777215 0 0 8 30
t1   29   23     6.404    15.461    72.591 414975 0 0 2 30
t1   32   23    13.915     9.297    72.591 414975 0 0 3 75
t1    3   23    16.735     0.000    72.591 414975 0 0 5 30
t1    6   23    13.915    -9.297    72.591 414975 0 0 6 75
t1    9   23     6.404   -15.461    72.591 414975 0 0 8 30
t1   29   23     6.404    15.461    72.591 16777215 0 0 2 30
t1   32   23    13.915     9.297    72.591 414975 0 0 3 75
t1    3   23    16.735     0.000    72.591 414975 0 0 5 30
t1    6   23    13.915    -9.297    72.591 16777215 0 0 6 75
t1    9   23     6.404   -15.461    72.591 414975 0 0 8 30
t1   29   23     6.404    15.461    72.591 414975 0 0 2 30
t1   32   23    13.915     9.297    72.591 414975 0 0 3 75
t1    3   23    16.735     0.000    72.591 414975 0 0 5 30
t1    6   23    13.915    -9.297    72.591 414975 0 0 6 75
t1    9   23     6.404   -15.461    72.591 414975 0 0 8 30
t1   27   24     0.000    17.463    69.680 420863 0 0 1 29
t1   30   24     9.702    14.520    69.680 420863 0 0 2 76
t1    1   24    16.133     6.683    69.680 420863 0 0 4 29
t1    4   24    17.127    -3.407    69.680 420863 0 0 5 76
t1    7   24    12.348   -12.348    69.680 420863 0 0 7 29
t1   10   24     3.407   -17.127    69.680 420863 0 0 8 76
t1   27   24     0.000    17.463    69.680 420863 0 0 1 29
t1   30   24     9.702    14.520    69.680 420863 0 0 2 76
t1    1   24    16.133     6.683    69.680 16777215 0 0 4 29
t1    4   24    17.127    -3.407    69.680 420863 0 0 5 76
t1    7   24    12.348   -12.348    69.680 420863 0 0 7 29
t1   10   24     3.407   -17.127    69.680 420863 0 0 8 76
t1   27   24     0.000    17.463    69.680 420863 0 0 1 29
t1   30   24     9.702    14.520    69.680 420863 0 0 2 76
t1    1   24    16.133     6.683    69.680 16777215 0 0 4 29
t1    4   24    17.127    -3.407    69.680 420863 0 0 5 76
t1    7   24    12.348   -12.348    69.680 420863 0 0 7 29
t1   10   24     3.407   -17.127    69.680 420863 0 0 8 76
t1   27   24     0.000    17.463    69.680 16777215 0 0 1 29
t1   30   24     9.702    14.520    69.680 420863 0 0 2 76
t1    1   24    16.133     6.683    69.680 420863 0 0 4 29
t1    4   24    17.127    -3.407    69.680 420863 0 0 5 76
t1    7   24    12.348   -12.348    69.680 420863 0 0 7 29
t1   10   24     3.407   -17.127    69.680 420863 0 0 8 76
t1   27   24     0.000    17.463    69.680 420863 0 0 1 29
t1   30   24     9.702    14.520    69.680 420863 0 0 2 76
t1    1   24    16.133     6.683    69.680 420863 0 0 4 29
t1    4   24    17.127    -3.407    69.680 420863 0 0 5 76
t1    7   24    12.348   -12.348    69.680 420863 0 0 7 29
t1   10   24     3.407   -17.127    69.680 420863 0 0 8 76
t1   28   25     3.549    17.841    66.770 426495 0 0 1 77
t1   31   25    12.862    12.862    66.770 426495 0 0 3 28
t1    2   25    17.841     3.549    66.770 426495 0 0 4 77
t1    5   25    16.806    -6.961    66.770 426495 0 0 6 28
t1    8   25    10.106   -15.125    66.770 426495 0 0 7 77
t1   28   25     3.549    17.841    66.770 426495 0 0 1 77
t1   31   25    12.862    12.862    66.770 426495 0 0 3 28
t1    2   25    17.841     3.549    66.770 426495 0 0 4 77
t1    5   25    16.806    -6.961    66.770 426495 0 0 6 28
t1    8   25    10.106   -15.125    66.770 426495 0 0 7 77
t1   28   25     3.549    17.841    66.770 426495 0 0 1 77
t1   31   25    12.862    12.862    66.770 426495 0 0 3 28
t1    2   25    17.841     3.549    66.770 426495 0 0 4 77
t1    5   25    16.806    -6.961    66.770 426495 0 0 6 28
t1    8   25    10.106   -15.125    66.770 426495 0 0 7 77
t1   28   25     3.549    17.841    66.770 426495 0 0 1 77
t1   31   25    12.862    12.862    66.770 426495 0 0 3 28
t1    2   25    17.841     3.549    66.770 426495 0 0 4 77
t1    5   25    16.806    -6.961    66.770 426495 0 0 6 28
t1    8   25    10.106   -15.125    66.770 426495 0 0 7 77
t1   28   25     3.549    17.841    66.770 426495 0 0 1 77
t1   31   25    12.862    12.862    66.770 426495 0 0 3 28
t1    2   25    17.841     3.549    66.770 426495 0 0 4 77
t1    5   25    16.806    -6.961    66.770 426495 0 0 6 28
t1    8   25    10.106   -15.125    66.770 16777215 0 0 7 77
t1   28   25     3.549    17.841    66.770 426495 0 0 1 77
t1   31   25    12.862    12.862    66.770 426495 0 0 3 28
t1    2   25    17.841     3.549    66.770 426495 0 0 4 77
t1    5   25    16.806    -6.961    66.770 426495 0 0 6 28
t1    8   25    10.106   -15.125    66.770 426495 0 0 7 77
t1   27   26     0.000    18.918    63.860 497919 0 0 1 27
t1   29   26     7.240    17.478    63.860 497919 0 0 2 27
t1   32   26    15.730    10.510    63.860 16777215 0 0 3 78
t1    3   26    18.918     0.000    63.860 497919 0 0 5 27
t1    6   26    15.730   -10.510    63.860 497919 0 0 6 78
t1    9   26     7.240   -17.478    63.860 497919 0 0 8 27
t1   27   26     0.000    18.918    63.860 497919 0 0 1 27
t1   29   26     7.240    17.478    63.860 16777215 0 0 2 27
t1   32   26    15.730    10.510    63.860 497919 0 0 3 78
t1    3   26    18.918     0.000    63.860 497919 0 0 5 27
t1    6   26    15.730   -10.510    63.860 497919 0 0 6 78
t1    9   26     7.240   -17.478    63.860 497919 0 0 8 27
t1   27   26     0.000    18.918    63.860 497919 0 0 1 27
t1   29   26     7.240    17.478    63.860 497919 0 0 2 27
t1   32   26    15.730    10.510    63.860 497919 0 0 3 78
t1    3   26    18.918     0.000    63.860 497919 0 0 5 27
t1    6   26    15.730   -10.510    63.860 497919 0 0 6 78
t1    9   26     7.240   -17.478    63.860 497919 0 0 8 27
t1   27   26     0.000    18.918    63.860 497919 0 0 1 27
t1   29   26     7.240    17.478    63.860 497919 0 0 2 27
t1   32   26    15.730    10.510    63.860 16777215 0 0 3 78
t1    3   26    18.918     0.000    63.860 497919 0 0 5 27
t1    6   26    15.730   -10.510    63.860 16777215 0 0 6 78
t1    9   26     7.240   -17.478    63.860 16777215 0 0 8 27
t1   27   26     0.000    18.918    63.860 497919 0 0 1 27
t1   29   26     7.240    17.478    63.860 497919 0 0 2 27
t1   32   26    15.730    10.510    63.860 497919 0 0 3 78
t1    3   26    18.918     0.000    63.860 497919 0 0 5 27
t1    6   26    15.730   -10.510    63.860 16777215 0 0 6 78
t1    9   26     7.240   -17.478    63.860 497919 0 0 8 27
t1   28   27     3.833    19.268    60.949 503551 0 0 1 79
t1   30   27    10.914    16.335    60.949 503551 0 0 2 79
t1    1   27    18.150     7.518    60.949 503551 0 0 4 26
t1    4   27    19.268    -3.833    60.949 503551 0 0 5 79
t1    7   27    13.891   -13.891    60.949 503551 0 0 7 26
t1   10   27     3.833   -19.268    60.949 503551 0 0 8 79
t1   28   27     3.833    19.268    60.949 503551 0 0 1 79
t1   30   27    10.914    16.335    60.949 503551 0 0 2 79
t1    1   27    18.150     7.518    60.949 503551 0 0 4 26
t1    4   27    19.268    -3.833    60.949 503551 0 0 5 79
t1    7   27    13.891   -13.891    60.949 503551 0 0 7 26
t1   10   27     3.833   -19.268    60.949 503551 0 0 8 79
t1   28   27     3.833    19.268    60.949 503551 0 0 1 79
t1   30   27    10.914    16.335    60.949 503551 0 0 2 79
t1    1   27    18.150     7.518    60.949 503551 0 0 4 26
t1    4   27    19.268    -3.833    60.949 503551 0 0 5 79
t1    7   27    13.891   -13.891    60.949 503551 0 0 7 26
t1   10   27     3.833   -19.268    60.949 503551 0 0 8 79
t1   28   27     3.833    19.268    60.949 503551 0 0 1 79
t1   30   27    10.914    16.335    60.949 16777215 0 0 2 79
t1    1   27    18.150     7.518    60.949 503551 0 0 4 26
t1    4   27    19.268    -3.833    60.949 503551 0 0 5 79
t1    7   27    13.891   -13.891    60.949 503551 0 0 7 26
t1   10   27     3.833   -19.268    60.949 503551 0 0 8 79
t1   28   27     3.833    19.268    60.949 503551 0 0 1 79
t1   30   27    10.914    16.335    60.949 503551 0 0 2 79
t1    1   27    18.150     7.518    60.949 503551 0 0 4 26
t1    4   27    19.268    -3.833    60.949 503551 0 0 5 79
t1    7   27    13.891   -13.891    60.949 503551 0 0 7 26
t1   10   27     3.833   -19.268    60.949 503551 0 0 8 79
t1   28   27     3.833    19.268    60.949 16777215 0 0 1 79
t1   30   27    10.914    16.335    60.949 503551 0 0 2 79
t1    1   27    18.150     7.518    60.949 503551 0 0 4 26
t1    4   27    19.268    -3.833    60.949 503551 0 0 5 79
t1    7   27    13.891   -13.891    60.949 503551 0 0 7 26
t1   10   27     3.833   -19.268    60.949 503551 0 0 8 79
t1   29   28     7.796    18.822    58.039 509439 0 0 2 25
t1   31   28    14.406    14.406    58.039 509439 0 0 3 25
t1    2   28    19.982     3.975    58.039 509439 0 0 4 80
t1    5   28    18.822    -7.796    58.039 509439 0 0 6 25
t1    8   28    11.319   -16.940    58.039 509439 0 0 7 80
t1   29   28     7.796    18.822    58.039 509439 0 0 2 25
t1   31   28    14.406    14.406    58.039 509439 0 0 3 25
t1    2   28    19.982     3.975    58.039 509439 0 0 4 80
t1    5   28    18.822    -7.796    58.039 509439 0 0 6 25
t1    8   28    11.319   -16.940    58.039 509439 0 0 7 80
t1   29   28     7.796    18.822    58.039 509439 0 0 2 25
t1   31   28    14.406    14.406    58.039 509439 0 0 3 25
t1    2   28    19.982     3.975    58.039 509439 0 0 4 80
t1    5   28    18.822    -7.796    58.039 509439 0 0 6 25
t1    8   28    11.319   -16.940    58.039 509439 0 0 7 80
t1   29   28     7.796    18.822    58.039 509439 0 0 2 25
t1   31   28    14.406    14.406    58.039 509439 0 0 3 25
t1    2   28    19.982     3.975    58.039 509439 0 0 4 80
t1    5   28    18.822    -7.796    58.039 509439 0 0 6 25
t1    8   28    11.319   -16.940    58.039 509439 0 0 7 80
t1   29   28     7.796    18.822    58.039 509439 0 0 2 25
t1   31   28    14.406    14.406    58.039 509439 0 0 3 25
t1    2   28    19.982     3.975    58.039 509439 0 0 4 80
t1    5   28    18.822    -7.796    58.039 509439 0 0 6 25
t1    8   28    11.319   -16.940    58.039 509439 0 0 7 80
t1   29   28     7.796    18.822    58.039 509439 0 0 2 25
t1   31   28    14.406    14.406    58.039 509439 0 0 3 25
t1    2   28    19.982     3.975    58.039 16777215 0 0 4 80
t1    5   28    18.822    -7.796    58.039 509439 0 0 6 25
t1    8   28    11.319   -16.940    58.039 509439 0 0 7 80
t1   30   29    11.723    17.545    55.128 515071 0 0 2 81
t1   32   29    17.545    11.723    55.128 16777215 0 0 3 81
t1    3   29    21.101     0.000    55.128 515071 0 0 5 24
t1    6   29    17.545   -11.723    55.128 515071 0 0 6 81
t1    9   29     8.075   -19.494    55.128 515071 0 0 8 24
t1   27   29     0.000    21.101    55.128 515071 0 0 1 24
t1   30   29    11.723    17.545    55.128 515071 0 0 2 81
t1   32   29    17.545    11.723    55.128 515071 0 0 3 81
t1    3   29    21.101     0.000    55.128 515071 0 0 5 24
t1    6   29    17.545   -11.723    55.128 515071 0 0 6 81
t1    9   29     8.075   -19.494    55.128 515071 0 0 8 24
t1   27   29     0.000    21.101    55.128 515071 0 0 1 24
t1   30   29    11.723    17.545    55.128 515071 0 0 2 81
t1   32   29    17.545    11.723    55.128 515071 0 0 3 81
t1    3   29    21.101     0.000    55.128 16777215 0 0 5 24
t1    6   29    17.545   -11.723    55.128 515071 0 0 6 81
t1    9   29     8.075   -19.494    55.128 16777215 0 0 8 24
t1   27   29     0.000    21.101    55.128 515071 0 0 1 24
t1   30   29    11.723    17.545    55.128 515071 0 0 2 81
t1   32   29    17.545    11.723    55.128 515071 0 0 3 81
t1    3   29    21.101     0.000    55.128 515071 0 0 5 24
t1    6   29    17.545   -11.723    55.128 515071 0 0 6 81
t1    9   29     8.075   -19.494    55.128 16777215 0 0 8 24
t1   27   29     0.000    21.101    55.128 515071 0 0 1 24
t1   30   29    11.723    17.545    55.128 16777215 0 0 2 81
t1   32   29    17.545    11.723    55.128 515071 0 0 3 81
t1    3   29    21.101     0.000    55.128 515071 0 0 5 24
t1    6   29    17.545   -11.723    55.128 515071 0 0 6 81
t1    9   29     8.075   -19.494    55.128 515071 0 0 8 24
t1   27   29     0.000    21.101    55.128 515071 0 0 1 24
t1   31   30    15.435    15.435    52.218 520703 0 0 3 23
t1    1   30    20.167     8.353    52.218 520703 0 0 4 23
t1    4   30    21.409    -4.258    52.218 520703 0 0 5 82
t1    7   30    15.435   -15.435    52.218 520703 0 0 7 23
t1   10   30     4.258   -21.409    52.218 520703 0 0 8 82
t1   28   30     4.258    21.409    52.218 520703 0 0 1 82
t1   31   30    15.435    15.435    52.218 520703 0 0 3 23
t1    1   30    20.167     8.353    52.218 520703 0 0 4 23
t1    4   30    21.409    -4.258    52.218 520703 0 0 5 82
t1    7   30    15.435   -15.435    52.218 520703 0 0 7 23
t1   10   30     4.258   -21.409    52.218 520703 0 0 8 82
t1   28   30     4.258    21.409    52.218 520703 0 0 1 82
t1   31   30    15.435    15.435    52.218 520703 0 0 3 23
t1    1   30    20.167     8.353    52.218 16777215 0 0 4 23
t1    4   30    21.409    -4.258    52.218 520703 0 0 5 82
t1    7   30    15.435   -15.435    52.218 520703 0 0 7 23
t1   10   30     4.258   -21.409    52.218 520703 0 0 8 82
t1   28   30     4.258    21.409    52.218 520703 0 0 1 82
t1   31   30    15.435    15.435    52.218 520703 0 0 3 23
t1    1   30    20.167     8.353    52.218 520703 0 0 4 23
t1    4   30    21.409    -4.258    52.218 520703 0 0 5 82
t1    7   30    15.435   -15.435    52.218 520703 0 0 7 23
t1   10   30     4.258   -21.409    52.218 520703 0 0 8 82
t1   28   30     4.258    21.409    52.218 520703 0 0 1 82
t1   31   30    15.435    15.435    52.218 16777215 0 0 3 23
t1    1   30    20.167     8.353    52.218 520703 0 0 4 23
t1    4   30    21.409    -4.258    52.218 520703 0 0 5 82
t1    7   30    15.435   -15.435    52.218 520703 0 0 7 23
t1   10   30     4.258   -21.409    52.218 520703 0 0 8 82
t1   28   30     4.258    21.409    52.218 520703 0 0 1 82
t1   31   30    15.435    15.435    52.218 520703 0 0 3 23
t1    1   30    20.167     8.353    52.218 520703 0 0 4 23
t1    4   30    21.409    -4.258    52.218 520703 0 0 5 82
t1    7   30    15.435   -15.435    52.218 520703 0 0 7 23
t1   10   30     4.258   -21.409    52.218 520703 0 0 8 82
t1   28   30     4.258    21.409    52.218 520703 0 0 1 82
t1   32   31    18.754    12.531    49.307 524278 0 0 3 83
t1    2   31    22.122     4.400    49.307 524278 0 0 4 83
t1    5   31    20.839    -8.632    49.307 524278 0 0 6 22
t1    8   31    12.531   -18.754    49.307 524278 0 0 7 83
t1   29   31     8.632    20.839    49.307 524278 0 0 2 22
t1   32   31    18.754    12.531    49.307 524278 0 0 3 83
t1    2   31    22.122     4.400    49.307 524278 0 0 4 83
t1    5   31    20.839    -8.632    49.307 524278 0 0 6 22
t1    8   31    12.531   -18.754    49.307 16777215 0 0 7 83
t1   29   31     8.632    20.839    49.307 524278 0 0 2 22
t1   32   31    18.754    12.531    49.307 524278 0 0 3 83
t1    2   31    22.122     4.400    49.307 524278 0 0 4 83
t1    5   31    20.839    -8.632    49.307 524278 0 0 6 22
t1    8   31    12.531   -18.754    49.307 524278 0 0 7 83
t1   29   31     8.632    20.839    49.307 524278 0 0 2 22
t1   32   31    18.754    12.531    49.307 524278 0 0 3 83
t1    2   31    22.122     4.400    49.307 524278 0 0 4 83
t1    5   31    20.839    -8.632    49.307 524278 0 0 6 22
t1    8   31    12.531   -18.754    49.307 524278 0 0 7 83
t1   29   31     8.632    20.839    49.307 524278 0 0 2 22
t1   32   31    18.754    12.531    49.307 524278 0 0 3 83
t1    2   31    22.122     4.400    49.307 524278 0 0 4 83
t1    5   31    20.839    -8.632    49.307 524278 0 0 6 22
t1    8   31    12.531   -18.754    49.307 16777215 0 0 7 83
t1   29   31     8.632    20.839    49.307 524278 0 0 2 22
t1    1   32    21.511     8.910    46.397 524256 0 0 4 21
t1    3   32    23.283     0.000    46.397 16777215 0 0 5 21
t1    6   32    19.359   -12.936    46.397 524256 0 0 6 84
t1    9   32     8.910   -21.511    46.397 524256 0 0 8 21
t1   27   32     0.000    23.283    46.397 524256 0 0 1 21
t1   30   32    12.936    19.359    46.397 524256 0 0 2 84
t1    1   32    21.511     8.910    46.397 524256 0 0 4 21
t1    3   32    23.283     0.000    46.397 524256 0 0 5 21
t1    6   32    19.359   -12.936    46.397 524256 0 0 6 84
t1    9   32     8.910   -21.511    46.397 524256 0 0 8 21
t1   27   32     0.000    23.283    46.397 524256 0 0 1 21
t1   30   32    12.936    19.359    46.397 524256 0 0 2 84
t1    1   32    21.511     8.910    46.397 524256 0 0 4 21
t1    3   32    23.283     0.000    46.397 524256 0 0 5 21
t1    6   32    19.359   -12.936    46.397 524256 0 0 6 84
t1    9   32     8.910   -21.511    46.397 524256 0 0 8 21
t1   27   32     0.000    23.283    46.397 524256 0 0 1 21
t1   30   32    12.936    19.359    46.397 524256 0 0 2 84
t1    1   32    21.511     8.910    46.397 524256 0 0 4 21
t1    3   32    23.283     0.000    46.397 524256 0 0 5 21
t1    6   32    19.359   -12.936    46.397 524256 0 0 6 84
t1    9   32     8.910   -21.511    46.397 524256 0 0 8 21
t1   27   32     0.000    23.283    46.397 524256 0 0 1 21
t1   30   32    12.936    19.359    46.397 524256 0 0 2 84
t1    1   32    21.511     8.910    46.397 16777215 0 0 4 21
t1    3   32    23.283     0.000    46.397 524256 0 0 5 21
t1    6   32    19.359   -12.936    46.397 524256 0 0 6 84
t1    9   32     8.910   -21.511    46.397 524256 0 0 8 21
t1   27   32     0.000    23.283    46.397 524256 0 0 1 21
t1   30   32    12.936    19.359    46.397 524256 0 0 2 84
t1    1   32    21.511     8.910    46.397 524256 0 0 4 21
t1    3   32    23.283     0.000    46.397 524256 0 0 5 21
t1    6   32    19.359   -12.936    46.397 524256 0 0 6 84
t1    9   32     8.910   -21.511    46.397 524256 0 0 8 21
t1   27   32     0.000    23.283    46.397 524256 0 0 1 21
t1   30   32    12.936    19.359    46.397 524256 0 0 2 84
t1    2   33    23.550     4.684    43.487 524233 0 0 4 85
t1    4   33    23.550    -4.684    43.487 524233 0 0 5 85
t1    7   33    16.978   -16.978    43.487 524233 0 0 7 20
t1   10   33     4.684   -23.550    43.487 524233 0 0 8 85
t1   28   33     4.684    23.550    43.487 524233 0 0 1 85
t1   31   33    16.978    16.978    43.487 524233 0 0 3 20
t1    2   33    23.550     4.684    43.487 524233 0 0 4 85
t1    4   33    23.550    -4.684    43.487 16777215 0 0 5 85
t1    7   33    16.978   -16.978    43.487 524233 0 0 7 20
t1   10   33     4.684   -23.550    43.487 524233 0 0 8 85
t1   28   33     4.684    23.550    43.487 524233 0 0 1 85
t1   31   33    16.978    16.978    43.487 524233 0 0 3 20
t1    2   33    23.550     4.684    43.487 524233 0 0 4 85
t1    4   33    23.550    -4.684    43.487 524233 0 0 5 85
t1    7   33    16.978   -16.978    43.487 524233 0 0 7 20
t1   10   33     4.684   -23.550    43.487 524233 0 0 8 85
t1   28   33     4.684    23.550    43.487 524233 0 0 1 85
t1   31   33    16.978    16.978    43.487 16777215 0 0 3 20
t1    2   33    23.550     4.684    43.487 16777215 0 0 4 85
t1    4   33    23.550    -4.684    43.487 524233 0 0 5 85
t1    7   33    16.978   -16.978    43.487 524233 0 0 7 20
t1   10   33     4.684   -23.550    43.487 524233 0 0 8 85
t1   28   33     4.684    23.550    43.487 524233 0 0 1 85
t1   31   33    16.978    16.978    43.487 16777215 0 0 3 20
t1    2   33    23.550     4.684    43.487 524233 0 0 4 85
t1    4   33    23.550    -4.684    43.487 524233 0 0 5 85
t1    7   33    16.978   -16.978    43.487 524233 0 0 7 20
t1   10   33     4.684   -23.550    43.487 524233 0 0 8 85
t1   28   33     4.684    23.550    43.487 524233 0 0 1 85
t1   31   33    16.978    16.978    43.487 524233 0 0 3 20
t1    3   34    24.739     0.000    40.576 524211 0 0 5 19
t1    5   34    22.856    -9.467    40.576 524211 0 0 6 19
t1    8   34    13.744   -20.569    40.576 524211 0 0 7 86
t1   29   34     9.467    22.856    40.576 524211 0 0 2 19
t1   32   34    20.569    13.744    40.576 524211 0 0 3 86
t1    3   34    24.739     0.000    40.576 524211 0 0 5 19
t1    5   34    22.856    -9.467    40.576 524211 0 0 6 19
t1    8   34    13.744   -20.569    40.576 524211 0 0 7 86
t1   29   34     9.467    22.856    40.576 524211 0 0 2 19
t1   32   34    20.569    13.744    40.576 524211 0 0 3 86
t1    3   34    24.739     0.000    40.576 524211 0 0 5 19
t1    5   34    22.856    -9.467    40.576 524211 0 0 6 19
t1    8   34    13.744   -20.569    40.576 524211 0 0 7 86
t1   29   34     9.467    22.856    40.576 524211 0 0 2 19
t1   32   34    20.569    13.744    40.576 524211 0 0 3 86
t1    3   34    24.739     0.000    40.576 524211 0 0 5 19
t1    5   34    22.856    -9.467    40.576 524211 0 0 6 19
t1    8   34    13.744   -20.569    40.576 524211 0 0 7 86
t1   29   34     9.467    22.856    40.576 524211 0 0 2 19
t1   32   34    20.569    13.744    40.576 524211 0 0 3 86
t1    3   34    24.739     0.000    40.576 524211 0 0 5 19
t1    5   34    22.856    -9.467    40.576 524211 0 0 6 19
t1    8   34    13.744   -20.569    40.576 524211 0 0 7 86
t1   29   34     9.467    22.856    40.576 524211 0 0 2 19
t1   32   34    20.569    13.744    40.576 524211 0 0 3 86
t1    3   34    24.739     0.000    40.576 524211 0 0 5 19
t1    5   34    22.856    -9.467    40.576 16777215 0 0 6 19
t1    8   34    13.744   -20.569    40.576 524211 0 0 7 86
t1   29   34     9.467    22.856    40.576 524211 0 0 2 19
t1   32   34    20.569    13.744    40.576 524211 0 0 3 86
t1    4   35    24.977    -4.968    37.666 524188 0 0 5 87
t1    6   35    21.174   -14.148    37.666 524188 0 0 6 87
t1    9   35     9.746   -23.528    37.666 524188 0 0 8 18
t1   27   35     0.000    25.466    37.666 524188 0 0 1 18
t1   30   35    14.148    21.174    37.666 524188 0 0 2 87
t1    1   35    23.528     9.746    37.666 524188 0 0 4 18
t1    4   35    24.977    -4.968    37.666 524188 0 0 5 87
t1    6   35    21.174   -14.148    37.666 524188 0 0 6 87
t1    9   35     9.746   -23.528    37.666 524188 0 0 8 18
t1   27   35     0.000    25.466    37.666 524188 0 0 1 18
t1   30   35    14.148    21.174    37.666 524188 0 0 2 87
t1    1   35    23.528     9.746    37.666 524188 0 0 4 18
t1    4   35    24.977    -4.968    37.666 524188 0 0 5 87
t1    6   35    21.174   -14.148    37.666 524188 0 0 6 87
t1    9   35     9.746   -23.528    37.666 524188 0 0 8 18
t1   27   35     0.000    25.466    37.666 524188 0 0 1 18
t1   30   35    14.148    21.174    37.666 524188 0 0 2 87
t1    1   35    23.528     9.746    37.666 524188 0 0 4 18
t1    4   35    24.977    -4.968    37.666 16777215 0 0 5 87
t1    6   35    21.174   -14.148    37.666 524188 0 0 6 87
t1    9   35     9.746   -23.528    37.666 524188 0 0 8 18
t1   27   35     0.000    25.466    37.666 524188 0 0 1 18
t1   30   35    14.148    21.174    37.666 524188 0 0 2 87
t1    1   35    23.528     9.746    37.666 524188 0 0 4 18
t1    4   35    24.977    -4.968    37.666 524188 0 0 5 87
t1    6   35    21.174   -14.148    37.666 524188 0 0 6 87
t1    9   35     9.746   -23.528    37.666 524188 0 0 8 18
t1   27   35     0.000    25.466    37.666 16777215 0 0 1 18
t1   30   35    14.148    21.174    37.666 524188 0 0 2 87
t1    1   35    23.528     9.746    37.666 524188 0 0 4 18
t1    5   36    24.200   -10.024    34.755 524166 0 0 6 17
t1    7   36    18.522   -18.522    34.755 524166 0 0 7 17
t1   10   36     5.110   -25.691    34.755 524166 0 0 8 88
t1   28   36     5.110    25.691    34.755 524166 0 0 1 88
t1   31   36    18.522    18.522    34.755 524166 0 0 3 17
t1    2   36    25.691     5.110    34.755 524166 0 0 4 88
t1    5   36    24.200   -10.024    34.755 524166 0 0 6 17
t1    7   36    18.522   -18.522    34.755 16777215 0 0 7 17
t1   10   36     5.110   -25.691    34.755 524166 0 0 8 88
t1   28   36     5.110    25.691    34.755 524166 0 0 1 88
t1   31   36    18.522    18.522    34.755 524166 0 0 3 17
t1    2   36    25.691     5.110    34.755 524166 0 0 4 88
t1    5   36    24.200   -10.024    34.755 524166 0 0 6 17
t1    7   36    18.522   -18.522    34.755 524166 0 0 7 17
t1   10   36     5.110   -25.691    34.755 524166 0 0 8 88
t1   28   36     5.110    25.691    34.755 16777215 0 0 1 88
t1   31   36    18.522    18.522    34.755 524166 0 0 3 17
t1    2   36    25.691     5.110    34.755 16777215 0 0 4 88
t1    5   36    24.200   -10.024    34.755 16777215 0 0 6 17
t1    7   36    18.522   -18.522    34.755 524166 0 0 7 17
t1   10   36     5.110   -25.691    34.755 524166 0 0 8 88
t1   28   36     5.110    25.691    34.755 524166 0 0 1 88
t1   31   36    18.522    18.522    34.755 524166 0 0 3 17
t1    2   36    25.691     5.110    34.755 16777215 0 0 4 88
t1    5   36    24.200   -10.024    34.755 524166 0 0 6 17
t1    7   36    18.522   -18.522    34.755 524166 0 0 7 17
t1   10   36     5.110   -25.691    34.755 524166 0 0 8 88
t1   28   36     5.110    25.691    34.755 524166 0 0 1 88
t1   31   36    18.522    18.522    34.755 524166 0 0 3 17
t1    2   36    25.691     5.110    34.755 524166 0 0 4 88
t1    5   36    24.200   -10.024    34.755 524166 0 0 6 17
t1    7   36    18.522   -18.522    34.755 524166 0 0 7 17
t1   10   36     5.110   -25.691    34.755 524166 0 0 8 88
t1   28   36     5.110    25.691    34.755 524166 0 0 1 88
t1   31   36    18.522    18.522    34.755 524166 0 0 3 17
t1    2   36    25.691     5.110    34.755 524166 0 0 4 88
t1    6   37    22.384   -14.957    31.845 524144 0 0 6 89
t1    8   37    14.957   -22.384    31.845 524144 0 0 7 89
t1   29   37    10.302    24.872    31.845 524144 0 0 2 16
t1   32   37    22.384    14.957    31.845 524144 0 0 3 89
t1    3   37    26.921     0.000    31.845 524144 0 0 5 16
t1    6   37    22.384   -14.957    31.845 524144 0 0 6 89
t1    8   37    14.957   -22.384    31.845 524144 0 0 7 89
t1   29   37    10.302    24.872    31.845 524144 0 0 2 16
t1   32   37    22.384    14.957    31.845 524144 0 0 3 89
t1    3   37    26.921     0.000    31.845 524144 0 0 5 16
t1    6   37    22.384   -14.957    31.845 524144 0 0 6 89
t1    8   37    14.957   -22.384    31.845 524144 0 0 7 89
t1   29   37    10.302    24.872    31.845 524144 0 0 2 16
t1   32   37    22.384    14.957    31.845 524144 0 0 3 89
t1    3   37    26.921     0.000    31.845 524144 0 0 5 16
t1    6   37    22.384   -14.957    31.845 524144 0 0 6 89
t1    8   37    14.957   -22.384    31.845 524144 0 0 7 89
t1   29   37    10.302    24.872    31.845 524144 0 0 2 16
t1   32   37    22.384    14.957    31.845 524144 0 0 3 89
t1    3   37    26.921     0.000    31.845 524144 0 0 5 16
t1    6   37    22.384   -14.957    31.845 524144 0 0 6 89
t1    8   37    14.957   -22.384    31.845 524144 0 0 7 89
t1   29   37    10.302    24.872    31.845 524144 0 0 2 16
t1   32   37    22.384    14.957    31.845 524144 0 0 3 89
t1    3   37    26.921     0.000    31.845 524144 0 0 5 16
t1    7   38    19.551   -19.551    28.934 524121 0 0 7 15
t1    9   38    10.581   -25.544    28.934 524121 0 0 8 15
t1   27   38     0.000    27.649    28.934 524121 0 0 1 15
t1   30   38    15.361    22.989    28.934 524121 0 0 2 90
t1    1   38    25.544    10.581    28.934 524121 0 0 4 15
t1    4   38    27.118    -5.394    28.934 524121 0 0 5 90
t1    7   38    19.551   -19.551    28.934 524121 0 0 7 15
t1    9   38    10.581   -25.544    28.934 524121 0 0 8 15
t1   27   38     0.000    27.649    28.934 524121 0 0 1 15
t1   30   38    15.361    22.989    28.934 524121 0 0 2 90
t1    1   38    25.544    10.581    28.934 524121 0 0 4 15
t1    4   38    27.118    -5.394    28.934 524121 0 0 5 90
t1    7   38    19.551   -19.551    28.934 524121 0 0 7 15
t1    9   38    10.581   -25.544    28.934 524121 0 0 8 15
t1   27   38     0.000    27.649    28.934 524121 0 0 1 15
t1   30   38    15.361    22.989    28.934 524121 0 0 2 90
t1    1   38    25.544    10.581    28.934 524121 0 0 4 15
t1    4   38    27.118    -5.394    28.934 524121 0 0 5 90
t1    7   38    19.551   -19.551    28.934 16777215 0 0 7 15
t1    9   38    10.581   -25.544    28.934 524121 0 0 8 15
t1   27   38     0.000    27.649    28.934 524121 0 0 1 15
t1   30   38    15.361    22.989    28.934 524121 0 0 2 90
t1    1   38    25.544    10.581    28.934 524121 0 0 4 15
t1    4   38    27.118    -5.394    28.934 524121 0 0 5 90
t1    7   38    19.551   -19.551    28.934 524121 0 0 7 15
t1    9   38    10.581   -25.544    28.934 524121 0 0 8 15
t1   27   38     0.000    27.649    28.934 524121 0 0 1 15
t1   30   38    15.361    22.989    28.934 16777215 0 0 2 90
t1    1   38    25.544    10.581    28.934 524121 0 0 4 15
t1    4   38    27.118    -5.394    28.934 524121 0 0 5 90
t1    7   38    19.551   -19.551    28.934 524121 0 0 7 15
t1    9   38    10.581   -25.544    28.934 524121 0 0 8 15
t1   27   38     0.000    27.649    28.934 16777215 0 0 1 15
t1   30   38    15.361    22.989    28.934 524121 0 0 2 90
t1    1   38    25.544    10.581    28.934 524121 0 0 4 15
t1    4   38    27.118    -5.394    28.934 524121 0 0 5 90
t1    8   39    15.765   -23.594    26.024 524099 0 0 7 91
t1   10   39     5.536   -27.831    26.024 524099 0 0 8 91
t1   28   39     5.536    27.831    26.024 524099 0 0 1 91
t1   31   39    20.065    20.065    26.024 524099 0 0 3 14
t1    2   39    27.831     5.536    26.024 524099 0 0 4 91
t1    5   39    26.217   -10.859    26.024 524099 0 0 6 14
t1    8   39    15.765   -23.594    26.024 524099 0 0 7 91
t1   10   39     5.536   -27.831    26.024 524099 0 0 8 91
t1   28   39     5.536    27.831    26.024 524099 0 0 1 91
t1   31   39    20.065    20.065    26.024 16777215 0 0 3 14
t1    2   39    27.831     5.536    26.024 524099 0 0 4 91
t1    5   39    26.217   -10.859    26.024 16777215 0 0 6 14
t1    8   39    15.765   -23.594    26.024 16777215 0 0 7 91
t1   10   39     5.536   -27.831    26.024 524099 0 0 8 91
t1   28   39     5.536    27.831    26.024 524099 0 0 1 91
t1   31   39    20.065    20.065    26.024 524099 0 0 3 14
t1    2   39    27.831     5.536    26.024 524099 0 0 4 91
t1    5   39    26.217   -10.859    26.024 16777215 0 0 6 14
t1    8   39    15.765   -23.594    26.024 524099 0 0 7 91
t1   10   39     5.536   -27.831    26.024 524099 0 0 8 91
t1   28   39     5.536    27.831    26.024 524099 0 0 1 91
t1   31   39    20.065    20.065    26.024 524099 0 0 3 14
t1    2   39    27.831     5.536    26.024 524099 0 0 4 91
t1    5   39    26.217   -10.859    26.024 524099 0 0 6 14
t1    8   39    15.765   -23.594    26.024 524099 0 0 7 91
t1   10   39     5.536   -27.831    26.024 524099 0 0 8 91
t1   28   39     5.536    27.831    26.024 524099 0 0 1 91
t1   31   39    20.065    20.065    26.024 524099 0 0 3 14
t1    2   39    27.831     5.536    26.024 524099 0 0 4 91
t1    5   39    26.217   -10.859    26.024 524099 0 0 6 14
t1    9   40    11.138   -26.889    23.114 524076 0 0 8 13
t1   29   40    11.138    26.889    23.114 524076 0 0 2 13
t1   32   40    24.199    16.169    23.114 524076 0 0 3 92
t1    3   40    29.104     0.000    23.114 524076 0 0 5 13
t1    6   40    24.199   -16.169    23.114 524076 0 0 6 92
t1    9   40    11.138   -26.889    23.114 524076 0 0 8 13
t1   29   40    11.138    26.889    23.114 16777215 0 0 2 13
t1   32   40    24.199    16.169    23.114 524076 0 0 3 92
t1    3   40    29.104     0.000    23.114 524076 0 0 5 13
t1    6   40    24.199   -16.169    23.114 524076 0 0 6 92
t1    9   40    11.138   -26.889    23.114 524076 0 0 8 13
t1   29   40    11.138    26.889    23.114 524076 0 0 2 13
t1   32   40    24.199    16.169    23.114 524076 0 0 3 92
t1    3   40    29.104     0.000    23.114 524076 0 0 5 13
t1    6   40    24.199   -16.169    23.114 524076 0 0 6 92
t1    9   40    11.138   -26.889    23.114 524076 0 0 8 13
t1   29   40    11.138    26.889    23.114 524076 0 0 2 13
t1   32   40    24.199    16.169    23.114 524076 0 0 3 92
t1    3   40    29.104     0.000    23.114 524076 0 0 5 13
t1    6   40    24.199   -16.169    23.114 524076 0 0 6 92
t1    9   40    11.138   -26.889    23.114 524076 0 0 8 13
t1   29   40    11.138    26.889    23.114 524076 0 0 2 13
t1   32   40    24.199    16.169    23.114 524076 0 0 3 92
t1    3   40    29.104     0.000    23.114 524076 0 0 5 13
t1    6   40    24.199   -16.169    23.114 524076 0 0 6 92
t1    9   40    11.138   -26.889    23.114 524076 0 0 8 13
t1   29   40    11.138    26.889    23.114 524076 0 0 2 13
t1   32   40    24.199    16.169    23.114 524076 0 0 3 92
t1    3   40    29.104     0.000    23.114 524076 0 0 5 13
t1    6   40    24.199   -16.169    23.114 524076 0 0 6 92
t1   10   41     5.820   -29.259    20.203 524054 0 0 8 93
t1   27   41     0.000    29.832    20.203 524054 0 0 1 12
t1   30   41    16.574    24.804    20.203 524054 0 0 2 93
t1    1   41    27.561    11.416    20.203 524054 0 0 4 12
t1    4   41    29.259    -5.820    20.203 16777215 0 0 5 93
t1    7   41    21.094   -21.094    20.203 524054 0 0 7 12
t1   10   41     5.820   -29.259    20.203 524054 0 0 8 93
t1   27   41     0.000    29.832    20.203 524054 0 0 1 12
t1   30   41    16.574    24.804    20.203 524054 0 0 2 93
t1    1   41    27.561    11.416    20.203 524054 0 0 4 12
t1    4   41    29.259    -5.820    20.203 524054 0 0 5 93
t1    7   41    21.094   -21.094    20.203 524054 0 0 7 12
t1   10   41     5.820   -29.259    20.203 16777215 0 0 8 93
t1   27   41     0.000    29.832    20.203 524054 0 0 1 12
t1   30   41    16.574    24.804    20.203 524054 0 0 2 93
t1    1   41    27.561    11.416    20.203 524054 0 0 4 12
t1    4   41    29.259    -5.820    20.203 524054 0 0 5 93
t1    7   41    21.094   -21.094    20.203 524054 0 0 7 12
t1   10   41     5.820   -29.259    20.203 524054 0 0 8 93
t1   27   41     0.000    29.832    20.203 524054 0 0 1 12
t1   30   41    16.574    24.804    20.203 524054 0 0 2 93
t1    1   41    27.561    11.416    20.203 524054 0 0 4 12
t1    4   41    29.259    -5.820    20.203 16777215 0 0 5 93
t1    7   41    21.094   -21.094    20.203 524054 0 0 7 12
t1   10   41     5.820   -29.259    20.203 524054 0 0 8 93
t1   27   41     0.000    29.832    20.203 524054 0 0 1 12
t1   30   41    16.574    24.804    20.203 16777215 0 0 2 93
t1    1   41    27.561    11.416    20.203 524054 0 0 4 12
t1    4   41    29.259    -5.820    20.203 524054 0 0 5 93
t1    7   41    21.094   -21.094    20.203 524054 0 0 7 12
t1   10   41     5.820   -29.259    20.203 524054 0 0 8 93
t1   27   41     0.000    29.832    20.203 524054 0 0 1 12
t1   30   41    16.574    24.804    20.203 524054 0 0 2 93
t1    1   41    27.561    11.416    20.203 524054 0 0 4 12
t1    4   41    29.259    -5.820    20.203 524054 0 0 5 93
t1    7   41    21.094   -21.094    20.203 524054 0 0 7 12
t1   28   42     5.962    29.972    17.293 1048327 0 0 1 94
t1   31   42    21.609    21.609    17.293 1048327 0 0 3 11
t1    2   42    29.972     5.962    17.293 1048327 0 0 4 94
t1    5   42    28.233   -11.695    17.293 1048327 0 0 6 11
t1    8   42    16.978   -25.409    17.293 16777215 0 0 7 94
t1   28   42     5.962    29.972    17.293 1048327 0 0 1 94
t1   31   42    21.609    21.609    17.293 1048327 0 0 3 11
t1    2   42    29.972     5.962    17.293 1048327 0 0 4 94
t1    5   42    28.233   -11.695    17.293 1048327 0 0 6 11
t1    8   42    16.978   -25.409    17.293 16777215 0 0 7 94
t1   28   42     5.962    29.972    17.293 16777215 0 0 1 94
t1   31   42    21.609    21.609    17.293 1048327 0 0 3 11
t1    2   42    29.972     5.962    17.293 1048327 0 0 4 94
t1    5   42    28.233   -11.695    17.293 1048327 0 0 6 11
t1    8   42    16.978   -25.409    17.293 1048327 0 0 7 94
t1   28   42     5.962    29.972    17.293 1048327 0 0 1 94
t1   31   42    21.609    21.609    17.293 1048327 0 0 3 11
t1    2   42    29.972     5.962    17.293 1048327 0 0 4 94
t1    5   42    28.233   -11.695    17.293 1048327 0 0 6 11
t1    8   42    16.978   -25.409    17.293 1048327 0 0 7 94
t1   28   42     5.962    29.972    17.293 1048327 0 0 1 94
t1   31   42    21.609    21.609    17.293 1048327 0 0 3 11
t1    2   42    29.972     5.962    17.293 1048327 0 0 4 94
t1    5   42    28.233   -11.695    17.293 1048327 0 0 6 11
t1    8   42    16.978   -25.409    17.293 1048327 0 0 7 94
t1   29   43    11.973    28.906    14.382 2490119 0 0 2 10
t1   32   43    26.014    17.382    14.382 16777215 0 0 3 95
t1    3   43    31.287     0.000    14.382 2490119 0 0 5 10
t1    6   43    26.014   -17.382    14.382 2490119 0 0 6 95
t1    9   43    11.973   -28.906    14.382 2490119 0 0 8 10
t1   29   43    11.973    28.906    14.382 2490119 0 0 2 10
t1   32   43    26.014    17.382    14.382 2490119 0 0 3 95
t1    3   43    31.287     0.000    14.382 2490119 0 0 5 10
t1    6   43    26.014   -17.382    14.382 2490119 0 0 6 95
t1    9   43    11.973   -28.906    14.382 2490119 0 0 8 10
t1   29   43    11.973    28.906    14.382 16777215 0 0 2 10
t1   32   43    26.014    17.382    14.382 2490119 0 0 3 95
t1    3   43    31.287     0.000    14.382 2490119 0 0 5 10
t1    6   43    26.014   -17.382    14.382 2490119 0 0 6 95
t1    9   43    11.973   -28.906    14.382 2490119 0 0 8 10
t1   29   43    11.973    28.906    14.382 2490119 0 0 2 10
t1   32   43    26.014    17.382    14.382 2490119 0 0 3 95
t1    3   43    31.287     0.000    14.382 2490119 0 0 5 10
t1    6   43    26.014   -17.382    14.382 2490119 0 0 6 95
t1    9   43    11.973   -28.906    14.382 2490119 0 0 8 10
t1   29   43    11.973    28.906    14.382 2490119 0 0 2 10
t1   32   43    26.014    17.382    14.382 2490119 0 0 3 95
t1    3   43    31.287     0.000    14.382 2490119 0 0 5 10
t1    6   43    26.014   -17.382    14.382 2490119 0 0 6 95
t1    9   43    11.973   -28.906    14.382 2490119 0 0 8 10
t1   29   43    11.973    28.906    14.382 2490119 0 0 2 10
t1   32   43    26.014    17.382    14.382 2490119 0 0 3 95
t1    3   43    31.287     0.000    14.382 2490119 0 0 5 10
t1    6   43    26.014   -17.382    14.382 16777215 0 0 6 95
t1    9   43    11.973   -28.906    14.382 2490119 0 0 8 10
t1   27   44     0.000    32.015    11.472 3997448 0 0 1 9
t1   30   44    17.786    26.619    11.472 3997448 0 0 2 96
t1    1   44    29.578    12.251    11.472 3997448 0 0 4 9
t1    4   44    31.400    -6.246    11.472 3997448 0 0 5 96
t1    7   44    22.638   -22.638    11.472 3997448 0 0 7 9
t1   10   44     6.246   -31.400    11.472 3997448 0 0 8 96
t1   27   44     0.000    32.015    11.472 3997448 0 0 1 9
t1   30   44    17.786    26.619    11.472 3997448 0 0 2 96
t1    1   44    29.578    12.251    11.472 3997448 0 0 4 9
t1    4   44    31.400    -6.246    11.472 3997448 0 0 5 96
t1    7   44    22.638   -22.638    11.472 3997448 0 0 7 9
t1   10   44     6.246   -31.400    11.472 3997448 0 0 8 96
t1   27   44     0.000    32.015    11.472 3997448 0 0 1 9
t1   30   44    17.786    26.619    11.472 3997448 0 0 2 96
t1    1   44    29.578    12.251    11.472 3997448 0 0 4 9
t1    4   44    31.400    -6.246    11.472 3997448 0 0 5 96
t1    7   44    22.638   -22.638    11.472 16777215 0 0 7 9
t1   10   44     6.246   -31.400    11.472 3997448 0 0 8 96
t1   27   44     0.000    32.015    11.472 3997448 0 0 1 9
t1   30   44    17.786    26.619    11.472 3997448 0 0 2 96
t1    1   44    29.578    12.251    11.472 16777215 0 0 4 9
t1    4   44    31.400    -6.246    11.472 3997448 0 0 5 96
t1    7   44    22.638   -22.638    11.472 3997448 0 0 7 9
t1   10   44     6.246   -31.400    11.472 3997448 0 0 8 96
t1   27   44     0.000    32.015    11.472 3997448 0 0 1 9
t1   30   44    17.786    26.619    11.472 3997448 0 0 2 96
t1    1   44    29.578    12.251    11.472 3997448 0 0 4 9
t1    4   44    31.400    -6.246    11.472 3997448 0 0 5 96
t1    7   44    22.638   -22.638    11.472 3997448 0 0 7 9
t1   10   44     6.246   -31.400    11.472 3997448 0 0 8 96
t1   28   45     6.388    32.113     8.561 5439240 0 0 1 97
t1   31   45    23.152    23.152     8.561 5439240 0 0 3 8
t1    2   45    32.113     6.388     8.561 5439240 0 0 4 97
t1    5   45    30.250   -12.530     8.561 5439240 0 0 6 8
t1    8   45    18.191   -27.224     8.561 5439240 0 0 7 97
t1   28   45     6.388    32.113     8.561 5439240 0 0 1 97
t1   31   45    23.152    23.152     8.561 5439240 0 0 3 8
t1    2   45    32.113     6.388     8.561 5439240 0 0 4 97
t1    5   45    30.250   -12.530     8.561 5439240 0 0 6 8
t1    8   45    18.191   -27.224     8.561 5439240 0 0 7 97
t1   28   45     6.388    32.113     8.561 5439240 0 0 1 97
t1   31   45    23.152    23.152     8.561 16777215 0 0 3 8
t1    2   45    32.113     6.388     8.561 5439240 0 0 4 97
t1    5   45    30.250   -12.530     8.561 5439240 0 0 6 8
t1    8   45    18.191   -27.224     8.561 5439240 0 0 7 97
t1   28   45     6.388    32.113     8.561 5439240 0 0 1 97
t1   31   45    23.152    23.152     8.561 5439240 0 0 3 8
t1    2   45    32.113     6.388     8.561 5439240 0 0 4 97
t1    5   45    30.250   -12.530     8.561 5439240 0 0 6 8
t1    8   45    18.191   -27.224     8.561 5439240 0 0 7 97
t1   28   45     6.388    32.113     8.561 5439240 0 0 1 97
t1   31   45    23.152    23.152     8.561 5439240 0 0 3 8
t1    2   45    32.113     6.388     8.561 5439240 0 0 4 97
t1    5   45    30.250   -12.530     8.561 5439240 0 0 6 8
t1    8   45    18.191   -27.224     8.561 5439240 0 0 7 97
t1   28   45     6.388    32.113     8.561 5439240 0 0 1 97
t1   31   45    23.152    23.152     8.561 5439240 0 0 3 8
t1    2   45    32.113     6.388     8.561 5439240 0 0 4 97
t1    5   45    30.250   -12.530     8.561 5439240 0 0 6 8
t1    8   45    18.191   -27.224     8.561 5439240 0 0 7 97
t1   29   46    12.808    30.922     5.651 6946568 0 0 2 7
t1   32   46    27.829    18.595     5.651 6946568 0 0 3 98
t1    3   46    33.470     0.000     5.651 6946568 0 0 5 7
t1    6   46    27.829   -18.595     5.651 6946568 0 0 6 98
t1    9   46    12.808   -30.922     5.651 6946568 0 0 8 7
t1   29   46    12.808    30.922     5.651 16777215 0 0 2 7
t1   32   46    27.829    18.595     5.651 16777215 0 0 3 98
t1    3   46    33.470     0.000     5.651 6946568 0 0 5 7
t1    6   46    27.829   -18.595     5.651 6946568 0 0 6 98
t1    9   46    12.808   -30.922     5.651 6946568 0 0 8 7
t1   29   46    12.808    30.922     5.651 16777215 0 0 2 7
t1   32   46    27.829    18.595     5.651 6946568 0 0 3 98
t1    3   46    33.470     0.000     5.651 6946568 0 0 5 7
t1    6   46    27.829   -18.595     5.651 6946568 0 0 6 98
t1    9   46    12.808   -30.922     5.651 6946568 0 0 8 7
t1   29   46    12.808    30.922     5.651 6946568 0 0 2 7
t1   32   46    27.829    18.595     5.651 6946568 0 0 3 98
t1    3   46    33.470     0.000     5.651 6946568 0 0 5 7
t1    6   46    27.829   -18.595     5.651 6946568 0 0 6 98
t1    9   46    12.808   -30.922     5.651 6946568 0 0 8 7
t1   29   46    12.808    30.922     5.651 6946568 0 0 2 7
t1   32   46    27.829    18.595     5.651 6946568 0 0 3 98
t1    3   46    33.470     0.000     5.651 6946568 0 0 5 7
t1    6   46    27.829   -18.595     5.651 6946568 0 0 6 98
t1    9   46    12.808   -30.922     5.651 16777215 0 0 8 7
t1   27   47     0.000    34.198     2.741 8388360 0 0 1 6
t1   30   47    18.999    28.434     2.741 8388360 0 0 2 99
t1    1   47    31.594    13.087     2.741 8388360 0 0 4 6
t1    4   47    33.540    -6.672     2.741 8388360 0 0 5 99
t1    7   47    24.181   -24.181     2.741 16777215 0 0 7 6
t1   10   47     6.672   -33.540     2.741 8388360 0 0 8 99
t1   27   47     0.000    34.198     2.741 8388360 0 0 1 6
t1   30   47    18.999    28.434     2.741 8388360 0 0 2 99
t1    1   47    31.594    13.087     2.741 8388360 0 0 4 6
t1    4   47    33.540    -6.672     2.741 8388360 0 0 5 99
t1    7   47    24.181   -24.181     2.741 8388360 0 0 7 6
t1   10   47     6.672   -33.540     2.741 8388360 0 0 8 99
t1   27   47     0.000    34.198     2.741 8388360 0 0 1 6
t1   30   47    18.999    28.434     2.741 8388360 0 0 2 99
t1    1   47    31.594    13.087     2.741 8388360 0 0 4 6
t1    4   47    33.540    -6.672     2.741 8388360 0 0 5 99
t1    7   47    24.181   -24.181     2.741 8388360 0 0 7 6
t1   10   47     6.672   -33.540     2.741 16777215 0 0 8 99
t1   27   47     0.000    34.198     2.741 8388360 0 0 1 6
t1   30   47    18.999    28.434     2.741 8388360 0 0 2 99
t1    1   47    31.594    13.087     2.741 8388360 0 0 4 6
t1    4   47    33.540    -6.672     2.741 8388360 0 0 5 99
t1    7   47    24.181   -24.181     2.741 8388360 0 0 7 6
t1   10   47     6.672   -33.540     2.741 8388360 0 0 8 99
t1   27   47     0.000    34.198     2.741 8388360 0 0 1 6
t1   30   47    18.999    28.434     2.741 8388360 0 0 2 99
t1    1   47    31.594    13.087     2.741 8388360 0 0 4 6
t1    4   47    33.540    -6.672     2.741 8388360 0 0 5 99
t1    7   47    24.181   -24.181     2.741 8388360 0 0 7 6
t1   10   47     6.672   -33.540     2.741 8388360 0 0 8 99
t1   27   47     0.000    34.198     2.741 8388360 0 0 1 6
t1   30   47    18.999    28.434     2.741 8388360 0 0 2 99
t1    1   47    31.594    13.087     2.741 8388360 0 0 4 6
t1    4   47    33.540    -6.672     2.741 8388360 0 0 5 99
t1    7   47    24.181   -24.181     2.741 8388360 0 0 7 6
t1   10   47     6.672   -33.540     2.741 8388360 0 0 8 99
t1   28   48     6.814    34.254    -0.170 16777215 0 0 1 100
t1   31   48    24.696    24.696    -0.170 9895688 0 0 3 5
t1    2   48    34.254     6.814    -0.170 9895688 0 0 4 100
t1    5   48    32.267   -13.365    -0.170 9895688 0 0 6 5
t1    8   48    19.403   -29.039    -0.170 9895688 0 0 7 100
t1   28   48     6.814    34.254    -0.170 9895688 0 0 1 100
t1   31   48    24.696    24.696    -0.170 9895688 0 0 3 5
t1    2   48    34.254     6.814    -0.170 16777215 0 0 4 100
t1    5   48    32.267   -13.365    -0.170 9895688 0 0 6 5
t1    8   48    19.403   -29.039    -0.170 16777215 0 0 7 100
t1   28   48     6.814    34.254    -0.170 9895688 0 0 1 100
t1   31   48    24.696    24.696    -0.170 9895688 0 0 3 5
t1    2   48    34.254     6.814    -0.170 9895688 0 0 4 100
t1    5   48    32.267   -13.365    -0.170 9895688 0 0 6 5
t1    8   48    19.403   -29.039    -0.170 9895688 0 0 7 100
t1   28   48     6.814    34.254    -0.170 16777215 0 0 1 100
t1   31   48    24.696    24.696    -0.170 9895688 0 0 3 5
t1    2   48    34.254     6.814    -0.170 9895688 0 0 4 100
t1    5   48    32.267   -13.365    -0.170 9895688 0 0 6 5
t1    8   48    19.403   -29.039    -0.170 9895688 0 0 7 100
t1   28   48     6.814    34.254    -0.170 9895688 0 0 1 100
t1   31   48    24.696    24.696    -0.170 9895688 0 0 3 5
t1    2   48    34.254     6.814    -0.170 9895688 0 0 4 100
t1    5   48    32.267   -13.365    -0.170 9895688 0 0 6 5
t1    8   48    19.403   -29.039    -0.170 9895688 0 0 7 100
t1   29   49    13.644    32.939    -3.080 11337480 0 0 2 4
t1   32   49    29.644    19.808    -3.080 11337480 0 0 3 101
t1    3   49    35.653     0.000    -3.080 11337480 0 0 5 4
t1    6   49    29.644   -19.808    -3.080 11337480 0 0 6 101
t1    9   49    13.644   -32.939    -3.080 11337480 0 0 8 4
t1   29   49    13.644    32.939    -3.080 11337480 0 0 2 4
t1   32   49    29.644    19.808    -3.080 16777215 0 0 3 101
t1    3   49    35.653     0.000    -3.080 16777215 0 0 5 4
t1    6   49    29.644   -19.808    -3.080 11337480 0 0 6 101
t1    9   49    13.644   -32.939    -3.080 11337480 0 0 8 4
t1   29   49    13.644    32.939    -3.080 11337480 0 0 2 4
t1   32   49    29.644    19.808    -3.080 16777215 0 0 3 101
t1    3   49    35.653     0.000    -3.080 11337480 0 0 5 4
t1    6   49    29.644   -19.808    -3.080 11337480 0 0 6 101
t1    9   49    13.644   -32.939    -3.080 11337480 0 0 8 4
t1   29   49    13.644    32.939    -3.080 11337480 0 0 2 4
t1   32   49    29.644    19.808    -3.080 11337480 0 0 3 101
t1    3   49    35.653     0.000    -3.080 11337480 0 0 5 4
t1    6   49    29.644   -19.808    -3.080 11337480 0 0 6 101
t1    9   49    13.644   -32.939    -3.080 11337480 0 0 8 4
t1   29   49    13.644    32.939    -3.080 11337480 0 0 2 4
t1   32   49    29.644    19.808    -3.080 11337480 0 0 3 101
t1    3   49    35.653     0.000    -3.080 11337480 0 0 5 4
t1    6   49    29.644   -19.808    -3.080 11337480 0 0 6 101
t1    9   49    13.644   -32.939    -3.080 11337480 0 0 8 4
t1   29   49    13.644    32.939    -3.080 11337480 0 0 2 4
t1   32   49    29.644    19.808    -3.080 11337480 0 0 3 101
t1    3   49    35.653     0.000    -3.080 11337480 0 0 5 4
t1    6   49    29.644   -19.808    -3.080 11337480 0 0 6 101
t1    9   49    13.644   -32.939    -3.080 16777215 0 0 8 4
t1   27   50     0.000    36.380    -5.991 12779272 0 0 1 3
t1   30   50    20.212    30.249    -5.991 12779272 0 0 2 102
t1    1   50    33.611    13.922    -5.991 12779272 0 0 4 3
t1    4   50    35.681    -7.097    -5.991 12779272 0 0 5 102
t1    7   50    25.725   -25.725    -5.991 12779272 0 0 7 3
t1   10   50     7.097   -35.681    -5.991 12779272 0 0 8 102
t1   27   50     0.000    36.380    -5.991 12779272 0 0 1 3
t1   30   50    20.212    30.249    -5.991 12779272 0 0 2 102
t1    1   50    33.611    13.922    -5.991 12779272 0 0 4 3
t1    4   50    35.681    -7.097    -5.991 12779272 0 0 5 102
t1    7   50    25.725   -25.725    -5.991 12779272 0 0 7 3
t1   10   50     7.097   -35.681    -5.991 12779272 0 0 8 102
t1   27   50     0.000    36.380    -5.991 12779272 0 0 1 3
t1   30   50    20.212    30.249    -5.991 12779272 0 0 2 102
t1    1   50    33.611    13.922    -5.991 12779272 0 0 4 3
t1    4   50    35.681    -7.097    -5.991 12779272 0 0 5 102
t1    7   50    25.725   -25.725    -5.991 12779272 0 0 7 3
t1   10   50     7.097   -35.681    -5.991 12779272 0 0 8 102
t1   27   50     0.000    36.380    -5.991 12779272 0 0 1 3
t1   30   50    20.212    30.249    -5.991 12779272 0 0 2 102
t1    1   50    33.611    13.922    -5.991 12779272 0 0 4 3
t1    4   50    35.681    -7.097    -5.991 12779272 0 0 5 102
t1    7   50    25.725   -25.725    -5.991 12779272 0 0 7 3
t1   10   50     7.097   -35.681    -5.991 12779272 0 0 8 102
t1   27   50     0.000    36.380    -5.991 12779272 0 0 1 3
t1   30   50    20.212    30.249    -5.991 12779272 0 0 2 102
t1    1   50    33.611    13.922    -5.991 12779272 0 0 4 3
t1    4   50    35.681    -7.097    -5.991 12779272 0 0 5 102
t1    7   50    25.725   -25.725    -5.991 12779272 0 0 7 3
t1   10   50     7.097   -35.681    -5.991 12779272 0 0 8 102
t1   28   51     7.239    36.395    -8.901 14286600 0 0 1 103
t1   31   51    26.239    26.239    -8.901 16777215 0 0 3 2
t1    2   51    36.395     7.239    -8.901 14286600 0 0 4 103
t1    5   51    34.283   -14.201    -8.901 14286600 0 0 6 2
t1    8   51    20.616   -30.854    -8.901 14286600 0 0 7 103
t1   28   51     7.239    36.395    -8.901 14286600 0 0 1 103
t1   31   51    26.239    26.239    -8.901 14286600 0 0 3 2
t1    2   51    36.395     7.239    -8.901 14286600 0 0 4 103
t1    5   51    34.283   -14.201    -8.901 16777215 0 0 6 2
t1    8   51    20.616   -30.854    -8.901 14286600 0 0 7 103
t1   28   51     7.239    36.395    -8.901 14286600 0 0 1 103
t1   31   51    26.239    26.239    -8.901 14286600 0 0 3 2
t1    2   51    36.395     7.239    -8.901 14286600 0 0 4 103
t1    5   51    34.283   -14.201    -8.901 14286600 0 0 6 2
t1    8   51    20.616   -30.854    -8.901 14286600 0 0 7 103
t1   28   51     7.239    36.395    -8.901 14286600 0 0 1 103
t1   31   51    26.239    26.239    -8.901 16777215 0 0 3 2
t1    2   51    36.395     7.239    -8.901 14286600 0 0 4 103
t1    5   51    34.283   -14.201    -8.901 14286600 0 0 6 2
t1    8   51    20.616   -30.854    -8.901 14286600 0 0 7 103
t1   28   51     7.239    36.395    -8.901 14286600 0 0 1 103
t1   31   51    26.239    26.239    -8.901 14286600 0 0 3 2
t1    2   51    36.395     7.239    -8.901 14286600 0 0 4 103
t1    5   51    34.283   -14.201    -8.901 14286600 0 0 6 2
t1    8   51    20.616   -30.854    -8.901 14286600 0 0 7 103
t1   28   51     7.239    36.395    -8.901 14286600 0 0 1 103
t1   31   51    26.239    26.239    -8.901 14286600 0 0 3 2
t1    2   51    36.395     7.239    -8.901 14286600 0 0 4 103
t1    5   51    34.283   -14.201    -8.901 14286600 0 0 6 2
t1    8   51    20.616   -30.854    -8.901 14286600 0 0 7 103
t1   29   52    14.479    34.955   -11.812 15728392 0 0 2 1
t1   32   52    31.459    21.020   -11.812 15728392 0 0 3 104
t1    3   52    37.836     0.000   -11.812 16777215 0 0 5 1
t1    6   52    31.459   -21.020   -11.812 15728392 0 0 6 104
t1    9   52    14.479   -34.955   -11.812 15728392 0 0 8 1
t1   29   52    14.479    34.955   -11.812 15728392 0 0 2 1
t1   32   52    31.459    21.020   -11.812 15728392 0 0 3 104
t1    3   52    37.836     0.000   -11.812 16777215 0 0 5 1
t1    6   52    31.459   -21.020   -11.812 15728392 0 0 6 104
t1    9   52    14.479   -34.955   -11.812 15728392 0 0 8 1
t1   29   52    14.479    34.955   -11.812 15728392 0 0 2 1
t1   32   52    31.459    21.020   -11.812 15728392 0 0 3 104
t1    3   52    37.836     0.000   -11.812 15728392 0 0 5 1
t1    6   52    31.459   -21.020   -11.812 15728392 0 0 6 104
t1    9   52    14.479   -34.955   -11.812 15728392 0 0 8 1
t1   29   52    14.479    34.955   -11.812 15728392 0 0 2 1
t1   32   52    31.459    21.020   -11.812 15728392 0 0 3 104
t1    3   52    37.836     0.000   -11.812 15728392 0 0 5 1
t1    6   52    31.459   -21.020   -11.812 15728392 0 0 6 104
t1    9   52    14.479   -34.955   -11.812 15728392 0 0 8 1
t1   29   52    14.479    34.955   -11.812 15728392 0 0 2 1
t1   32   52    31.459    21.020   -11.812 15728392 0 0 3 104
t1    3   52    37.836     0.000   -11.812 15728392 0 0 5 1
t1    6   52    31.459   -21.020   -11.812 15728392 0 0 6 104
t1    9   52    14.479   -34.955   -11.812 15728392 0 0 8 1
