#    workspaces/2/AA+SEAN33_d_31.dat
t1    4    1     0.142     0.714   136.620 16777215 0 0 1 53
t1    7    1     0.514     0.514   136.620 16713046 0 0 3 52
t1   10    1     0.714     0.142   136.620 16713046 0 0 4 53
t1   13    1     0.672    -0.278   136.620 16713046 0 0 6 52
t1   16    1     0.404    -0.605   136.620 16777215 0 0 7 53
t1    4    1     0.142     0.714   136.620 16713046 0 0 1 53
t1    7    1     0.514     0.514   136.620 16713046 0 0 3 52
t1   10    1     0.714     0.142   136.620 16713046 0 0 4 53
t1   13    1     0.672    -0.278   136.620 16713046 0 0 6 52
t1   16    1     0.404    -0.605   136.620 16713046 0 0 7 53
t1    4    1     0.142     0.714   136.620 16713046 0 0 1 53
t1    7    1     0.514     0.514   136.620 16713046 0 0 3 52
t1   10    1     0.714     0.142   136.620 16713046 0 0 4 53
t1   13    1     0.672    -0.278   136.620 16713046 0 0 6 52
t1   16    1     0.404    -0.605   136.620 16713046 0 0 7 53
t1    4    1     0.142     0.714   136.620 16713046 0 0 1 53
t1    7    1     0.514     0.514   136.620 16713046 0 0 3 52
t1   10    1     0.714     0.142   136.620 16713046 0 0 4 53
t1   13    1     0.672    -0.278   136.620 16713046 0 0 6 52
t1   16    1     0.404    -0.605   136.620 16713046 0 0 7 53
t1    4    1     0.142     0.714   136.620 16713046 0 0 1 53
t1    7    1     0.514     0.514   136.620 16713046 0 0 3 52
t1   10    1     0.714     0.142   136.620 16713046 0 0 4 53
t1   13    1     0.672    -0.278   136.620 16713046 0 0 6 52
t1   16    1     0.404    -0.605   136.620 16713046 0 0 7 53
t1    4    1     0.142     0.714   136.620 16713046 0 0 1 53
t1    7    1     0.514     0.514   136.620 16713046 0 0 3 52
t1   10    1     0.714     0.142   136.620 16713046 0 0 4 53
t1   13    1     0.672    -0.278   136.620 16713046 0 0 6 52
t1   16    1     0.404    -0.605   136.620 16713046 0 0 7 53
t1    3    2     0.000     1.455   133.710 16713068 0 0 1 51
t1    5    2     0.557     1.344   133.710 16777215 0 0 2 51
t1    8    2     1.210     0.808   133.710 16713068 0 0 3 54
t1   11    2     1.455     0.000   133.710 16713068 0 0 5 51
t1   14    2     1.210    -0.808   133.710 16713068 0 0 6 54
t1   17    2     0.557    -1.344   133.710 16777215 0 0 8 51
t1    3    2     0.000     1.455   133.710 16713068 0 0 1 51
t1    5    2     0.557     1.344   133.710 16713068 0 0 2 51
t1    8    2     1.210     0.808   133.710 16777215 0 0 3 54
t1   11    2     1.455     0.000   133.710 16713068 0 0 5 51
t1   14    2     1.210    -0.808   133.710 16713068 0 0 6 54
t1   17    2     0.557    -1.344   133.710 16713068 0 0 8 51
t1    3    2     0.000     1.455   133.710 16713068 0 0 1 51
t1    5    2     0.557     1.344   133.710 16713068 0 0 2 51
t1    8    2     1.210     0.808   133.710 16713068 0 0 3 54
t1   11    2     1.455     0.000   133.710 16777215 0 0 5 51
t1   14    2     1.210    -0.808   133.710 16777215 0 0 6 54
t1   17    2     0.557    -1.344   133.710 16713068 0 0 8 51
t1    3    2     0.000     1.455   133.710 16713068 0 0 1 51
t1    5    2     0.557     1.344   133.710 16777215 0 0 2 51
t1    8    2     1.210     0.808   133.710 16713068 0 0 3 54
t1   11    2     1.455     0.000   133.710 16777215 0 0 5 51
t1   14    2     1.210    -0.808   133.710 16713068 0 0 6 54
t1   17    2     0.557    -1.344   133.710 16713068 0 0 8 51
t1    3    2     0.000     1.455   133.710 16777215 0 0 1 51
t1    5    2     0.557     1.344   133.710 16713068 0 0 2 51
t1    8    2     1.210     0.808   133.710 16713068 0 0 3 54
t1   11    2     1.455     0.000   133.710 16713068 0 0 5 51
t1   14    2     1.210    -0.808   133.710 16713068 0 0 6 54
t1   17    2     0.557    -1.344   133.710 16713068 0 0 8 51
t1    3    2     0.000     1.455   133.710 16713068 0 0 1 51
t1    5    2     0.557     1.344   133.710 16713068 0 0 2 51
t1    8    2     1.210     0.808   133.710 16713068 0 0 3 54
t1   11    2     1.455     0.000   133.710 16713068 0 0 5 51
t1   14    2     1.210    -0.808   133.710 16713068 0 0 6 54
t1   17    2     0.557    -1.344   133.710 16713068 0 0 8 51
t1    4    3     0.426     2.141   130.799 16713091 0 0 1 55
t1    6    3     1.213     1.815   130.799 16713091 0 0 2 55
t1    9    3     2.017     0.835   130.799 16713091 0 0 4 50
t1   12    3     2.141    -0.426   130.799 16713091 0 0 5 55
t1   15    3     1.543    -1.543   130.799 16713091 0 0 7 50
t1   18    3     0.426    -2.141   130.799 16713091 0 0 8 55
t1    4    3     0.426     2.141   130.799 16713091 0 0 1 55
t1    6    3     1.213     1.815   130.799 16713091 0 0 2 55
t1    9    3     2.017     0.835   130.799 16713091 0 0 4 50
t1   12    3     2.141    -0.426   130.799 16713091 0 0 5 55
t1   15    3     1.543    -1.543   130.799 16713091 0 0 7 50
t1   18    3     0.426    -2.141   130.799 16713091 0 0 8 55
t1    4    3     0.426     2.141   130.799 16713091 0 0 1 55
t1    6    3     1.213     1.815   130.799 16713091 0 0 2 55
t1    9    3     2.017     0.835   130.799 16713091 0 0 4 50
t1   12    3     2.141    -0.426   130.799 16713091 0 0 5 55
t1   15    3     1.543    -1.543   130.799 16713091 0 0 7 50
t1   18    3     0.426    -2.141   130.799 16713091 0 0 8 55
t1    4    3     0.426     2.141   130.799 16713091 0 0 1 55
t1    6    3     1.213     1.815   130.799 16713091 0 0 2 55
t1    9    3     2.017     0.835   130.799 16713091 0 0 4 50
t1   12    3     2.141    -0.426   130.799 16713091 0 0 5 55
t1   15    3     1.543    -1.543   130.799 16713091 0 0 7 50
t1   18    3     0.426    -2.141   130.799 16713091 0 0 8 55
t1    4    3     0.426     2.141   130.799 16713091 0 0 1 55
t1    6    3     1.213     1.815   130.799 16713091 0 0 2 55
t1    9    3     2.017     0.835   130.799 16713091 0 0 4 50
t1   12    3     2.141    -0.426   130.799 16713091 0 0 5 55
t1   15    3     1.543    -1.543   130.799 16713091 0 0 7 50
t1   18    3     0.426    -2.141   130.799 16713091 0 0 8 55
t1    5    4     1.114     2.689   127.889 16713114 0 0 2 49
t1    7    4     2.058     2.058   127.889 16713114 0 0 3 49
t1   10    4     2.855     0.568   127.889 16713114 0 0 4 56
t1   13    4     2.689    -1.114   127.889 16713114 0 0 6 49
t1   16    4     1.617    -2.420   127.889 16713114 0 0 7 56
t1    5    4     1.114     2.689   127.889 16713114 0 0 2 49
t1    7    4     2.058     2.058   127.889 16713114 0 0 3 49
t1   10    4     2.855     0.568   127.889 16713114 0 0 4 56
t1   13    4     2.689    -1.114   127.889 16713114 0 0 6 49
t1   16    4     1.617    -2.420   127.889 16713114 0 0 7 56
t1    5    4     1.114     2.689   127.889 16713114 0 0 2 49
t1    7    4     2.058     2.058   127.889 16713114 0 0 3 49
t1   10    4     2.855     0.568   127.889 16713114 0 0 4 56
t1   13    4     2.689    -1.114   127.889 16713114 0 0 6 49
t1   16    4     1.617    -2.420   127.889 16713114 0 0 7 56
t1    5    4     1.114     2.689   127.889 16713114 0 0 2 49
t1    7    4     2.058     2.058   127.889 16713114 0 0 3 49
t1   10    4     2.855     0.568   127.889 16713114 0 0 4 56
t1   13    4     2.689    -1.114   127.889 16713114 0 0 6 49
t1   16    4     1.617    -2.420   127.889 16713114 0 0 7 56
t1    5    4     1.114     2.689   127.889 16713114 0 0 2 49
t1    7    4     2.058     2.058   127.889 16713114 0 0 3 49
t1   10    4     2.855     0.568   127.889 16713114 0 0 4 56
t1   13    4     2.689    -1.114   127.889 16713114 0 0 6 49
t1   16    4     1.617    -2.420   127.889 16713114 0 0 7 56
t1    5    4     1.114     2.689   127.889 16713114 0 0 2 49
t1    7    4     2.058     2.058   127.889 16713114 0 0 3 49
t1   10    4     2.855     0.568   127.889 16713114 0 0 4 56
t1   13    4     2.689    -1.114   127.889 16713114 0 0 6 49
t1   16    4     1.617    -2.420   127.889 16713114 0 0 7 56
t1    6    5     2.021     3.025   124.979 16713136 0 0 2 57
t1    8    5     3.025     2.021   124.979 16713136 0 0 3 57
t1   11    5     3.638     0.000   124.979 16713136 0 0 5 48
t1   14    5     3.025    -2.021   124.979 16777215 0 0 6 57
t1   17    5     1.392    -3.361   124.979 16713136 0 0 8 48
t1    3    5     0.000     3.638   124.979 16713136 0 0 1 48
t1    6    5     2.021     3.025   124.979 16777215 0 0 2 57
t1    8    5     3.025     2.021   124.979 16713136 0 0 3 57
t1   11    5     3.638     0.000   124.979 16777215 0 0 5 48
t1   14    5     3.025    -2.021   124.979 16713136 0 0 6 57
t1   17    5     1.392    -3.361   124.979 16713136 0 0 8 48
t1    3    5     0.000     3.638   124.979 16777215 0 0 1 48
t1    6    5     2.021     3.025   124.979 16713136 0 0 2 57
t1    8    5     3.025     2.021   124.979 16713136 0 0 3 57
t1   11    5     3.638     0.000   124.979 16713136 0 0 5 48
t1   14    5     3.025    -2.021   124.979 16713136 0 0 6 57
t1   17    5     1.392    -3.361   124.979 16713136 0 0 8 48
t1    3    5     0.000     3.638   124.979 16713136 0 0 1 48
t1    6    5     2.021     3.025   124.979 16713136 0 0 2 57
t1    8    5     3.025     2.021   124.979 16713136 0 0 3 57
t1   11    5     3.638     0.000   124.979 16713136 0 0 5 48
t1   14    5     3.025    -2.021   124.979 16713136 0 0 6 57
t1   17    5     1.392    -3.361   124.979 16713136 0 0 8 48
t1    3    5     0.000     3.638   124.979 16713136 0 0 1 48
t1    6    5     2.021     3.025   124.979 16713136 0 0 2 57
t1    8    5     3.025     2.021   124.979 16713136 0 0 3 57
t1   11    5     3.638     0.000   124.979 16713136 0 0 5 48
t1   14    5     3.025    -2.021   124.979 16713136 0 0 6 57
t1   17    5     1.392    -3.361   124.979 16713136 0 0 8 48
t1    3    5     0.000     3.638   124.979 16713136 0 0 1 48
t1    7    6     3.087     3.087   122.068 16713159 0 0 3 47
t1    9    6     4.033     1.671   122.068 16713159 0 0 4 47
t1   12    6     4.282    -0.852   122.068 16713159 0 0 5 58
t1   15    6     3.087    -3.087   122.068 16713159 0 0 7 47
t1   18    6     0.852    -4.282   122.068 16713159 0 0 8 58
t1    4    6     0.852     4.282   122.068 16713159 0 0 1 58
t1    7    6     3.087     3.087   122.068 16713159 0 0 3 47
t1    9    6     4.033     1.671   122.068 16713159 0 0 4 47
t1   12    6     4.282    -0.852   122.068 16777215 0 0 5 58
t1   15    6     3.087    -3.087   122.068 16713159 0 0 7 47
t1   18    6     0.852    -4.282   122.068 16713159 0 0 8 58
t1    4    6     0.852     4.282   122.068 16777215 0 0 1 58
t1    7    6     3.087     3.087   122.068 16713159 0 0 3 47
t1    9    6     4.033     1.671   122.068 16713159 0 0 4 47
t1   12    6     4.282    -0.852   122.068 16713159 0 0 5 58
t1   15    6     3.087    -3.087   122.068 16777215 0 0 7 47
t1   18    6     0.852    -4.282   122.068 16713159 0 0 8 58
t1    4    6     0.852     4.282   122.068 16713159 0 0 1 58
t1    7    6     3.087     3.087   122.068 16777215 0 0 3 47
t1    9    6     4.033     1.671   122.068 16713159 0 0 4 47
t1   12    6     4.282    -0.852   122.068 16713159 0 0 5 58
t1   15    6     3.087    -3.087   122.068 16713159 0 0 7 47
t1   18    6     0.852    -4.282   122.068 16777215 0 0 8 58
t1    4    6     0.852     4.282   122.068 16713159 0 0 1 58
t1    7    6     3.087     3.087   122.068 16713159 0 0 3 47
t1    9    6     4.033     1.671   122.068 16713159 0 0 4 47
t1   12    6     4.282    -0.852   122.068 16713159 0 0 5 58
t1   15    6     3.087    -3.087   122.068 16713159 0 0 7 47
t1   18    6     0.852    -4.282   122.068 16713159 0 0 8 58
t1    4    6     0.852     4.282   122.068 16713159 0 0 1 58
t1    7    6     3.087     3.087   122.068 16713159 0 0 3 47
t1    9    6     4.033     1.671   122.068 16713159 0 0 4 47
t1   12    6     4.282    -0.852   122.068 16713159 0 0 5 58
t1   15    6     3.087    -3.087   122.068 16713159 0 0 7 47
t1   18    6     0.852    -4.282   122.068 16713159 0 0 8 58
t1    4    6     0.852     4.282   122.068 16713159 0 0 1 58
t1    8    7     4.235     2.830   119.158 16713181 0 0 3 59
t1   10    7     4.995     0.994   119.158 16713181 0 0 4 59
t1   13    7     4.706    -1.949   119.158 16713181 0 0 6 46
t1   16    7     2.830    -4.235   119.158 16713181 0 0 7 59
t1    5    7     1.949     4.706   119.158 16713181 0 0 2 46
t1    8    7     4.235     2.830   119.158 16713181 0 0 3 59
t1   10    7     4.995     0.994   119.158 16713181 0 0 4 59
t1   13    7     4.706    -1.949   119.158 16713181 0 0 6 46
t1   16    7     2.830    -4.235   119.158 16713181 0 0 7 59
t1    5    7     1.949     4.706   119.158 16713181 0 0 2 46
t1    8    7     4.235     2.830   119.158 16713181 0 0 3 59
t1   10    7     4.995     0.994   119.158 16713181 0 0 4 59
t1   13    7     4.706    -1.949   119.158 16713181 0 0 6 46
t1   16    7     2.830    -4.235   119.158 16713181 0 0 7 59
t1    5    7     1.949     4.706   119.158 16713181 0 0 2 46
t1    8    7     4.235     2.830   119.158 16777215 0 0 3 59
t1   10    7     4.995     0.994   119.158 16713181 0 0 4 59
t1   13    7     4.706    -1.949   119.158 16713181 0 0 6 46
t1   16    7     2.830    -4.235   119.158 16713181 0 0 7 59
t1    5    7     1.949     4.706   119.158 16713181 0 0 2 46
t1    8    7     4.235     2.830   119.158 16713181 0 0 3 59
t1   10    7     4.995     0.994   119.158 16777215 0 0 4 59
t1   13    7     4.706    -1.949   119.158 16713181 0 0 6 46
t1   16    7     2.830    -4.235   119.158 16713181 0 0 7 59
t1    5    7     1.949     4.706   119.158 16777215 0 0 2 46
t1    9    8     5.378     2.228   116.247 16713204 0 0 4 45
t1   11    8     5.821     0.000   116.247 16777215 0 0 5 45
t1   14    8     4.840    -3.234   116.247 16777215 0 0 6 60
t1   17    8     2.228    -5.378   116.247 16713204 0 0 8 45
t1    3    8     0.000     5.821   116.247 16777215 0 0 1 45
t1    6    8     3.234     4.840   116.247 16713204 0 0 2 60
t1    9    8     5.378     2.228   116.247 16713204 0 0 4 45
t1   11    8     5.821     0.000   116.247 16713204 0 0 5 45
t1   14    8     4.840    -3.234   116.247 16713204 0 0 6 60
t1   17    8     2.228    -5.378   116.247 16713204 0 0 8 45
t1    3    8     0.000     5.821   116.247 16713204 0 0 1 45
t1    6    8     3.234     4.840   116.247 16713204 0 0 2 60
t1    9    8     5.378     2.228   116.247 16713204 0 0 4 45
t1   11    8     5.821     0.000   116.247 16777215 0 0 5 45
t1   14    8     4.840    -3.234   116.247 16713204 0 0 6 60
t1   17    8     2.228    -5.378   116.247 16777215 0 0 8 45
t1    3    8     0.000     5.821   116.247 16713204 0 0 1 45
t1    6    8     3.234     4.840   116.247 16713204 0 0 2 60
t1    9    8     5.378     2.228   116.247 16713204 0 0 4 45
t1   11    8     5.821     0.000   116.247 16713204 0 0 5 45
t1   14    8     4.840    -3.234   116.247 16713204 0 0 6 60
t1   17    8     2.228    -5.378   116.247 16713204 0 0 8 45
t1    3    8     0.000     5.821   116.247 16713204 0 0 1 45
t1    6    8     3.234     4.840   116.247 16713204 0 0 2 60
t1    9    8     5.378     2.228   116.247 16713204 0 0 4 45
t1   11    8     5.821     0.000   116.247 16713204 0 0 5 45
t1   14    8     4.840    -3.234   116.247 16713204 0 0 6 60
t1   17    8     2.228    -5.378   116.247 16713204 0 0 8 45
t1    3    8     0.000     5.821   116.247 16713204 0 0 1 45
t1    6    8     3.234     4.840   116.247 16713204 0 0 2 60
t1    9    8     5.378     2.228   116.247 16713204 0 0 4 45
t1   11    8     5.821     0.000   116.247 16713204 0 0 5 45
t1   14    8     4.840    -3.234   116.247 16713204 0 0 6 60
t1   17    8     2.228    -5.378   116.247 16713204 0 0 8 45
t1    3    8     0.000     5.821   116.247 16713204 0 0 1 45
t1    6    8     3.234     4.840   116.247 16713204 0 0 2 60
t1   10    9     6.423     1.278   113.337 15992575 0 0 4 61
t1   12    9     6.423    -1.278   113.337 15992575 0 0 5 61
t1   15    9     4.630    -4.630   113.337 15992575 0 0 7 44
t1   18    9     1.278    -6.423   113.337 15992575 0 0 8 61
t1    4    9     1.278     6.423   113.337 15992575 0 0 1 61
t1    7    9     4.630     4.630   113.337 15992575 0 0 3 44
t1   10    9     6.423     1.278   113.337 15992575 0 0 4 61
t1   12    9     6.423    -1.278   113.337 15992575 0 0 5 61
t1   15    9     4.630    -4.630   113.337 15992575 0 0 7 44
t1   18    9     1.278    -6.423   113.337 15992575 0 0 8 61
t1    4    9     1.278     6.423   113.337 15992575 0 0 1 61
t1    7    9     4.630     4.630   113.337 15992575 0 0 3 44
t1   10    9     6.423     1.278   113.337 15992575 0 0 4 61
t1   12    9     6.423    -1.278   113.337 15992575 0 0 5 61
t1   15    9     4.630    -4.630   113.337 15992575 0 0 7 44
t1   18    9     1.278    -6.423   113.337 15992575 0 0 8 61
t1    4    9     1.278     6.423   113.337 15992575 0 0 1 61
t1    7    9     4.630     4.630   113.337 15992575 0 0 3 44
t1   10    9     6.423     1.278   113.337 15992575 0 0 4 61
t1   12    9     6.423    -1.278   113.337 15992575 0 0 5 61
t1   15    9     4.630    -4.630   113.337 15992575 0 0 7 44
t1   18    9     1.278    -6.423   113.337 15992575 0 0 8 61
t1    4    9     1.278     6.423   113.337 15992575 0 0 1 61
t1    7    9     4.630     4.630   113.337 15992575 0 0 3 44
t1   10    9     6.423     1.278   113.337 15992575 0 0 4 61
t1   12    9     6.423    -1.278   113.337 15992575 0 0 5 61
t1   15    9     4.630    -4.630   113.337 15992575 0 0 7 44
t1   18    9     1.278    -6.423   113.337 15992575 0 0 8 61
t1    4    9     1.278     6.423   113.337 15992575 0 0 1 61
t1    7    9     4.630     4.630   113.337 15992575 0 0 3 44
t1   11   10     7.276     0.000   110.426 14485247 0 0 5 43
t1   13   10     6.722    -2.784   110.426 14485247 0 0 6 43
t1   16   10     4.042    -6.050   110.426 14485247 0 0 7 62
t1    5   10     2.784     6.722   110.426 14485247 0 0 2 43
t1    8   10     6.050     4.042   110.426 14485247 0 0 3 62
t1   11   10     7.276     0.000   110.426 14485247 0 0 5 43
t1   13   10     6.722    -2.784   110.426 14485247 0 0 6 43
t1   16   10     4.042    -6.050   110.426 14485247 0 0 7 62
t1    5   10     2.784     6.722   110.426 14485247 0 0 2 43
t1    8   10     6.050     4.042   110.426 14485247 0 0 3 62
t1   11   10     7.276     0.000   110.426 14485247 0 0 5 43
t1   13   10     6.722    -2.784   110.426 14485247 0 0 6 43
t1   16   10     4.042    -6.050   110.426 14485247 0 0 7 62
t1    5   10     2.784     6.722   110.426 14485247 0 0 2 43
t1    8   10     6.050     4.042   110.426 14485247 0 0 3 62
t1   11   10     7.276     0.000   110.426 14485247 0 0 5 43
t1   13   10     6.722    -2.784   110.426 14485247 0 0 6 43
t1   16   10     4.042    -6.050   110.426 14485247 0 0 7 62
t1    5   10     2.784     6.722   110.426 14485247 0 0 2 43
t1    8   10     6.050     4.042   110.426 14485247 0 0 3 62
t1   11   10     7.276     0.000   110.426 14485247 0 0 5 43
t1   13   10     6.722    -2.784   110.426 14485247 0 0 6 43
t1   16   10     4.042    -6.050   110.426 14485247 0 0 7 62
t1    5   10     2.784     6.722   110.426 14485247 0 0 2 43
t1    8   10     6.050     4.042   110.426 14485247 0 0 3 62
t1   11   10     7.276     0.000   110.426 14485247 0 0 5 43
t1   13   10     6.722    -2.784   110.426 14485247 0 0 6 43
t1   16   10     4.042    -6.050   110.426 14485247 0 0 7 62
t1    5   10     2.784     6.722   110.426 14485247 0 0 2 43
t1    8   10     6.050     4.042   110.426 14485247 0 0 3 62
t1   12   11     7.850    -1.561   107.516 16777215 0 0 5 63
t1   14   11     6.655    -4.447   107.516 12977919 0 0 6 63
t1   17   11     3.063    -7.394   107.516 16777215 0 0 8 42
t1    3   11     0.000     8.004   107.516 16777215 0 0 1 42
t1    6   11     4.447     6.655   107.516 12977919 0 0 2 63
t1    9   11     7.394     3.063   107.516 16777215 0 0 4 42
t1   12   11     7.850    -1.561   107.516 12977919 0 0 5 63
t1   14   11     6.655    -4.447   107.516 12977919 0 0 6 63
t1   17   11     3.063    -7.394   107.516 12977919 0 0 8 42
t1    3   11     0.000     8.004   107.516 12977919 0 0 1 42
t1    6   11     4.447     6.655   107.516 12977919 0 0 2 63
t1    9   11     7.394     3.063   107.516 12977919 0 0 4 42
t1   12   11     7.850    -1.561   107.516 12977919 0 0 5 63
t1   14   11     6.655    -4.447   107.516 12977919 0 0 6 63
t1   17   11     3.063    -7.394   107.516 12977919 0 0 8 42
t1    3   11     0.000     8.004   107.516 12977919 0 0 1 42
t1    6   11     4.447     6.655   107.516 12977919 0 0 2 63
t1    9   11     7.394     3.063   107.516 12977919 0 0 4 42
t1   12   11     7.850    -1.561   107.516 12977919 0 0 5 63
t1   14   11     6.655    -4.447   107.516 12977919 0 0 6 63
t1   17   11     3.063    -7.394   107.516 12977919 0 0 8 42
t1    3   11     0.000     8.004   107.516 12977919 0 0 1 42
t1    6   11     4.447     6.655   107.516 12977919 0 0 2 63
t1    9   11     7.394     3.063   107.516 12977919 0 0 4 42
t1   12   11     7.850    -1.561   107.516 12977919 0 0 5 63
t1   14   11     6.655    -4.447   107.516 16777215 0 0 6 63
t1   17   11     3.063    -7.394   107.516 12977919 0 0 8 42
t1    3   11     0.000     8.004   107.516 12977919 0 0 1 42
t1    6   11     4.447     6.655   107.516 16777215 0 0 2 63
t1    9   11     7.394     3.063   107.516 12977919 0 0 4 42
t1   13   12     8.067    -3.341   104.606 11536127 0 0 6 41
t1   15   12     6.174    -6.174   104.606 11536127 0 0 7 41
t1   18   12     1.703    -8.564   104.606 16777215 0 0 8 64
t1    4   12     1.703     8.564   104.606 11536127 0 0 1 64
t1    7   12     6.174     6.174   104.606 11536127 0 0 3 41
t1   10   12     8.564     1.703   104.606 16777215 0 0 4 64
t1   13   12     8.067    -3.341   104.606 11536127 0 0 6 41
t1   15   12     6.174    -6.174   104.606 11536127 0 0 7 41
t1   18   12     1.703    -8.564   104.606 11536127 0 0 8 64
t1    4   12     1.703     8.564   104.606 11536127 0 0 1 64
t1    7   12     6.174     6.174   104.606 11536127 0 0 3 41
t1   10   12     8.564     1.703   104.606 11536127 0 0 4 64
t1   13   12     8.067    -3.341   104.606 11536127 0 0 6 41
t1   15   12     6.174    -6.174   104.606 11536127 0 0 7 41
t1   18   12     1.703    -8.564   104.606 11536127 0 0 8 64
t1    4   12     1.703     8.564   104.606 11536127 0 0 1 64
t1    7   12     6.174     6.174   104.606 11536127 0 0 3 41
t1   10   12     8.564     1.703   104.606 11536127 0 0 4 64
t1   13   12     8.067    -3.341   104.606 11536127 0 0 6 41
t1   15   12     6.174    -6.174   104.606 11536127 0 0 7 41
t1   18   12     1.703    -8.564   104.606 11536127 0 0 8 64
t1    4   12     1.703     8.564   104.606 11536127 0 0 1 64
t1    7   12     6.174     6.174   104.606 11536127 0 0 3 41
t1   10   12     8.564     1.703   104.606 11536127 0 0 4 64
t1   13   12     8.067    -3.341   104.606 11536127 0 0 6 41
t1   15   12     6.174    -6.174   104.606 11536127 0 0 7 41
t1   18   12     1.703    -8.564   104.606 11536127 0 0 8 64
t1    4   12     1.703     8.564   104.606 11536127 0 0 1 64
t1    7   12     6.174     6.174   104.606 11536127 0 0 3 41
t1   10   12     8.564     1.703   104.606 11536127 0 0 4 64
t1   13   12     8.067    -3.341   104.606 11536127 0 0 6 41
t1   15   12     6.174    -6.174   104.606 11536127 0 0 7 41
t1   18   12     1.703    -8.564   104.606 11536127 0 0 8 64
t1    4   12     1.703     8.564   104.606 11536127 0 0 1 64
t1    7   12     6.174     6.174   104.606 11536127 0 0 3 41
t1   10   12     8.564     1.703   104.606 11536127 0 0 4 64
t1   14   13     7.865    -5.255   101.695 10028799 0 0 6 65
t1   16   13     5.255    -7.865   101.695 10028799 0 0 7 65
t1    5   13     3.620     8.739   101.695 10028799 0 0 2 40
t1    8   13     7.865     5.255   101.695 10028799 0 0 3 65
t1   11   13     9.459     0.000   101.695 16777215 0 0 5 40
t1   14   13     7.865    -5.255   101.695 10028799 0 0 6 65
t1   16   13     5.255    -7.865   101.695 10028799 0 0 7 65
t1    5   13     3.620     8.739   101.695 10028799 0 0 2 40
t1    8   13     7.865     5.255   101.695 10028799 0 0 3 65
t1   11   13     9.459     0.000   101.695 10028799 0 0 5 40
t1   14   13     7.865    -5.255   101.695 16777215 0 0 6 65
t1   16   13     5.255    -7.865   101.695 10028799 0 0 7 65
t1    5   13     3.620     8.739   101.695 16777215 0 0 2 40
t1    8   13     7.865     5.255   101.695 10028799 0 0 3 65
t1   11   13     9.459     0.000   101.695 10028799 0 0 5 40
t1   14   13     7.865    -5.255   101.695 10028799 0 0 6 65
t1   16   13     5.255    -7.865   101.695 16777215 0 0 7 65
t1    5   13     3.620     8.739   101.695 10028799 0 0 2 40
t1    8   13     7.865     5.255   101.695 10028799 0 0 3 65
t1   11   13     9.459     0.000   101.695 16777215 0 0 5 40
t1   14   13     7.865    -5.255   101.695 10028799 0 0 6 65
t1   16   13     5.255    -7.865   101.695 16777215 0 0 7 65
t1    5   13     3.620     8.739   101.695 10028799 0 0 2 40
t1    8   13     7.865     5.255   101.695 16777215 0 0 3 65
t1   11   13     9.459     0.000   101.695 10028799 0 0 5 40
t1   15   14     7.203    -7.203    98.785 8587007 0 0 7 39
t1   17   14     3.898    -9.411    98.785 8587007 0 0 8 39
t1    3   14     0.000    10.186    98.785 8587007 0 0 1 39
t1    6   14     5.659     8.470    98.785 8587007 0 0 2 66
t1    9   14     9.411     3.898    98.785 8587007 0 0 4 39
t1   12   14     9.991    -1.987    98.785 8587007 0 0 5 66
t1   15   14     7.203    -7.203    98.785 8587007 0 0 7 39
t1   17   14     3.898    -9.411    98.785 8587007 0 0 8 39
t1    3   14     0.000    10.186    98.785 8587007 0 0 1 39
t1    6   14     5.659     8.470    98.785 8587007 0 0 2 66
t1    9   14     9.411     3.898    98.785 8587007 0 0 4 39
t1   12   14     9.991    -1.987    98.785 8587007 0 0 5 66
t1   15   14     7.203    -7.203    98.785 8587007 0 0 7 39
t1   17   14     3.898    -9.411    98.785 8587007 0 0 8 39
t1    3   14     0.000    10.186    98.785 8587007 0 0 1 39
t1    6   14     5.659     8.470    98.785 8587007 0 0 2 66
t1    9   14     9.411     3.898    98.785 8587007 0 0 4 39
t1   12   14     9.991    -1.987    98.785 8587007 0 0 5 66
t1   15   14     7.203    -7.203    98.785 8587007 0 0 7 39
t1   17   14     3.898    -9.411    98.785 8587007 0 0 8 39
t1    3   14     0.000    10.186    98.785 8587007 0 0 1 39
t1    6   14     5.659     8.470    98.785 8587007 0 0 2 66
t1    9   14     9.411     3.898    98.785 8587007 0 0 4 39
t1   12   14     9.991    -1.987    98.785 8587007 0 0 5 66
t1   15   14     7.203    -7.203    98.785 8587007 0 0 7 39
t1   17   14     3.898    -9.411    98.785 8587007 0 0 8 39
t1    3   14     0.000    10.186    98.785 8587007 0 0 1 39
t1    6   14     5.659     8.470    98.785 8587007 0 0 2 66
t1    9   14     9.411     3.898    98.785 8587007 0 0 4 39
t1   12   14     9.991    -1.987    98.785 8587007 0 0 5 66
t1   15   14     7.203    -7.203    98.785 8587007 0 0 7 39
t1   17   14     3.898    -9.411    98.785 8587007 0 0 8 39
t1    3   14     0.000    10.186    98.785 8587007 0 0 1 39
t1    6   14     5.659     8.470    98.785 8587007 0 0 2 66
t1    9   14     9.411     3.898    98.785 8587007 0 0 4 39
t1   12   14     9.991    -1.987    98.785 8587007 0 0 5 66
t1   16   15     6.064    -9.075    95.874 7079679 0 0 7 67
t1   18   15     2.129   -10.704    95.874 7079679 0 0 8 67
t1    4   15     2.129    10.704    95.874 7079679 0 0 1 67
t1    7   15     7.717     7.717    95.874 7079679 0 0 3 38
t1   10   15    10.704     2.129    95.874 7079679 0 0 4 67
t1   13   15    10.083    -4.177    95.874 7079679 0 0 6 38
t1   16   15     6.064    -9.075    95.874 7079679 0 0 7 67
t1   18   15     2.129   -10.704    95.874 7079679 0 0 8 67
t1    4   15     2.129    10.704    95.874 7079679 0 0 1 67
t1    7   15     7.717     7.717    95.874 7079679 0 0 3 38
t1   10   15    10.704     2.129    95.874 7079679 0 0 4 67
t1   13   15    10.083    -4.177    95.874 7079679 0 0 6 38
t1   16   15     6.064    -9.075    95.874 7079679 0 0 7 67
t1   18   15     2.129   -10.704    95.874 7079679 0 0 8 67
t1    4   15     2.129    10.704    95.874 7079679 0 0 1 67
t1    7   15     7.717     7.717    95.874 7079679 0 0 3 38
t1   10   15    10.704     2.129    95.874 7079679 0 0 4 67
t1   13   15    10.083    -4.177    95.874 7079679 0 0 6 38
t1   16   15     6.064    -9.075    95.874 7079679 0 0 7 67
t1   18   15     2.129   -10.704    95.874 7079679 0 0 8 67
t1    4   15     2.129    10.704    95.874 7079679 0 0 1 67
t1    7   15     7.717     7.717    95.874 7079679 0 0 3 38
t1   10   15    10.704     2.129    95.874 7079679 0 0 4 67
t1   13   15    10.083    -4.177    95.874 7079679 0 0 6 38
t1   16   15     6.064    -9.075    95.874 7079679 0 0 7 67
t1   18   15     2.129   -10.704    95.874 7079679 0 0 8 67
t1    4   15     2.129    10.704    95.874 7079679 0 0 1 67
t1    7   15     7.717     7.717    95.874 7079679 0 0 3 38
t1   10   15    10.704     2.129    95.874 7079679 0 0 4 67
t1   13   15    10.083    -4.177    95.874 7079679 0 0 6 38
t1   16   15     6.064    -9.075    95.874 7079679 0 0 7 67
t1   18   15     2.129   -10.704    95.874 7079679 0 0 8 67
t1    4   15     2.129    10.704    95.874 7079679 0 0 1 67
t1    7   15     7.717     7.717    95.874 7079679 0 0 3 38
t1   10   15    10.704     2.129    95.874 7079679 0 0 4 67
t1   13   15    10.083    -4.177    95.874 7079679 0 0 6 38
t1   17   16     4.455   -10.756    92.964 5637887 0 0 8 37
t1    5   16     4.455    10.756    92.964 5637887 0 0 2 37
t1    8   16     9.680     6.468    92.964 5637887 0 0 3 68
t1   11   16    11.642     0.000    92.964 5637887 0 0 5 37
t1   14   16     9.680    -6.468    92.964 5637887 0 0 6 68
t1   17   16     4.455   -10.756    92.964 5637887 0 0 8 37
t1    5   16     4.455    10.756    92.964 5637887 0 0 2 37
t1    8   16     9.680     6.468    92.964 5637887 0 0 3 68
t1   11   16    11.642     0.000    92.964 16777215 0 0 5 37
t1   14   16     9.680    -6.468    92.964 5637887 0 0 6 68
t1   17   16     4.455   -10.756    92.964 16777215 0 0 8 37
t1    5   16     4.455    10.756    92.964 5637887 0 0 2 37
t1    8   16     9.680     6.468    92.964 16777215 0 0 3 68
t1   11   16    11.642     0.000    92.964 5637887 0 0 5 37
t1   14   16     9.680    -6.468    92.964 5637887 0 0 6 68
t1   17   16     4.455   -10.756    92.964 5637887 0 0 8 37
t1    5   16     4.455    10.756    92.964 5637887 0 0 2 37
t1    8   16     9.680     6.468    92.964 5637887 0 0 3 68
t1   11   16    11.642     0.000    92.964 5637887 0 0 5 37
t1   14   16     9.680    -6.468    92.964 5637887 0 0 6 68
t1   17   16     4.455   -10.756    92.964 5637887 0 0 8 37
t1    5   16     4.455    10.756    92.964 5637887 0 0 2 37
t1    8   16     9.680     6.468    92.964 5637887 0 0 3 68
t1   11   16    11.642     0.000    92.964 5637887 0 0 5 37
t1   14   16     9.680    -6.468    92.964 5637887 0 0 6 68
t1   18   17     2.413   -12.132    90.053 4130559 0 0 8 69
t1    3   17     0.000    12.369    90.053 4130559 0 0 1 36
t1    6   17     6.872    10.285    90.053 4130559 0 0 2 69
t1    9   17    11.428     4.734    90.053 4130559 0 0 4 36
t1   12   17    12.132    -2.413    90.053 4130559 0 0 5 69
t1   15   17     8.746    -8.746    90.053 4130559 0 0 7 36
t1   18   17     2.413   -12.132    90.053 4130559 0 0 8 69
t1    3   17     0.000    12.369    90.053 4130559 0 0 1 36
t1    6   17     6.872    10.285    90.053 4130559 0 0 2 69
t1    9   17    11.428     4.734    90.053 4130559 0 0 4 36
t1   12   17    12.132    -2.413    90.053 4130559 0 0 5 69
t1   15   17     8.746    -8.746    90.053 4130559 0 0 7 36
t1   18   17     2.413   -12.132    90.053 16777215 0 0 8 69
t1    3   17     0.000    12.369    90.053 4130559 0 0 1 36
t1    6   17     6.872    10.285    90.053 4130559 0 0 2 69
t1    9   17    11.428     4.734    90.053 16777215 0 0 4 36
t1   12   17    12.132    -2.413    90.053 4130559 0 0 5 69
t1   15   17     8.746    -8.746    90.053 4130559 0 0 7 36
t1   18   17     2.413   -12.132    90.053 4130559 0 0 8 69
t1    3   17     0.000    12.369    90.053 4130559 0 0 1 36
t1    6   17     6.872    10.285    90.053 4130559 0 0 2 69
t1    9   17    11.428     4.734    90.053 4130559 0 0 4 36
t1   12   17    12.132    -2.413    90.053 16777215 0 0 5 69
t1   15   17     8.746    -8.746    90.053 4130559 0 0 7 36
t1   18   17     2.413   -12.132    90.053 4130559 0 0 8 69
t1    3   17     0.000    12.369    90.053 16777215 0 0 1 36
t1    6   17     6.872    10.285    90.053 4130559 0 0 2 69
t1    9   17    11.428     4.734    90.053 4130559 0 0 4 36
t1   12   17    12.132    -2.413    90.053 4130559 0 0 5 69
t1   15   17     8.746    -8.746    90.053 4130559 0 0 7 36
t1   18   17     2.413   -12.132    90.053 4130559 0 0 8 69
t1    3   17     0.000    12.369    90.053 4130559 0 0 1 36
t1    6   17     6.872    10.285    90.053 4130559 0 0 2 69
t1    9   17    11.428     4.734    90.053 4130559 0 0 4 36
t1   12   17    12.132    -2.413    90.053 4130559 0 0 5 69
t1   15   17     8.746    -8.746    90.053 4130559 0 0 7 36
t1    4   18     2.555    12.845    87.143 2688767 0 0 1 70
t1    7   18     9.261     9.261    87.143 2688767 0 0 3 35
t1   10   18    12.845     2.555    87.143 2688767 0 0 4 70
t1   13   18    12.100    -5.012    87.143 2688767 0 0 6 35
t1   16   18     7.276   -10.890    87.143 2688767 0 0 7 70
t1    4   18     2.555    12.845    87.143 2688767 0 0 1 70
t1    7   18     9.261     9.261    87.143 2688767 0 0 3 35
t1   10   18    12.845     2.555    87.143 2688767 0 0 4 70
t1   13   18    12.100    -5.012    87.143 2688767 0 0 6 35
t1   16   18     7.276   -10.890    87.143 2688767 0 0 7 70
t1    4   18     2.555    12.845    87.143 2688767 0 0 1 70
t1    7   18     9.261     9.261    87.143 2688767 0 0 3 35
t1   10   18    12.845     2.555    87.143 2688767 0 0 4 70
t1   13   18    12.100    -5.012    87.143 2688767 0 0 6 35
t1   16   18     7.276   -10.890    87.143 2688767 0 0 7 70
t1    4   18     2.555    12.845    87.143 2688767 0 0 1 70
t1    7   18     9.261     9.261    87.143 2688767 0 0 3 35
t1   10   18    12.845     2.555    87.143 2688767 0 0 4 70
t1   13   18    12.100    -5.012    87.143 16777215 0 0 6 35
t1   16   18     7.276   -10.890    87.143 2688767 0 0 7 70
t1    4   18     2.555    12.845    87.143 16777215 0 0 1 70
t1    7   18     9.261     9.261    87.143 2688767 0 0 3 35
t1   10   18    12.845     2.555    87.143 2688767 0 0 4 70
t1   13   18    12.100    -5.012    87.143 2688767 0 0 6 35
t1   16   18     7.276   -10.890    87.143 16777215 0 0 7 70
t1    5   19     5.290    12.772    84.233 1181439 0 0 2 34
t1    8   19    11.495     7.680    84.233 16777215 0 0 3 71
t1   11   19    13.825     0.000    84.233 16777215 0 0 5 34
t1   14   19    11.495    -7.680    84.233 1181439 0 0 6 71
t1   17   19     5.290   -12.772    84.233 16777215 0 0 8 34
t1    5   19     5.290    12.772    84.233 1181439 0 0 2 34
t1    8   19    11.495     7.680    84.233 16777215 0 0 3 71
t1   11   19    13.825     0.000    84.233 1181439 0 0 5 34
t1   14   19    11.495    -7.680    84.233 1181439 0 0 6 71
t1   17   19     5.290   -12.772    84.233 1181439 0 0 8 34
t1    5   19     5.290    12.772    84.233 1181439 0 0 2 34
t1    8   19    11.495     7.680    84.233 1181439 0 0 3 71
t1   11   19    13.825     0.000    84.233 1181439 0 0 5 34
t1   14   19    11.495    -7.680    84.233 1181439 0 0 6 71
t1   17   19     5.290   -12.772    84.233 16777215 0 0 8 34
t1    5   19     5.290    12.772    84.233 1181439 0 0 2 34
t1    8   19    11.495     7.680    84.233 1181439 0 0 3 71
t1   11   19    13.825     0.000    84.233 1181439 0 0 5 34
t1   14   19    11.495    -7.680    84.233 1181439 0 0 6 71
t1   17   19     5.290   -12.772    84.233 1181439 0 0 8 34
t1    5   19     5.290    12.772    84.233 1181439 0 0 2 34
t1    8   19    11.495     7.680    84.233 1181439 0 0 3 71
t1   11   19    13.825     0.000    84.233 1181439 0 0 5 34
t1   14   19    11.495    -7.680    84.233 1181439 0 0 6 71
t1   17   19     5.290   -12.772    84.233 1181439 0 0 8 34
t1    5   19     5.290    12.772    84.233 1181439 0 0 2 34
t1    8   19    11.495     7.680    84.233 1181439 0 0 3 71
t1   11   19    13.825     0.000    84.233 1181439 0 0 5 34
t1   14   19    11.495    -7.680    84.233 1181439 0 0 6 71
t1   17   19     5.290   -12.772    84.233 1181439 0 0 8 34
t1    3   20     0.000    14.552    81.322 397567 0 0 1 33
t1    6   20     8.085    12.100    81.322 397567 0 0 2 72
t1    9   20    13.444     5.569    81.322 397567 0 0 4 33
t1   12   20    14.273    -2.839    81.322 397567 0 0 5 72
t1   15   20    10.290   -10.290    81.322 397567 0 0 7 33
t1   18   20     2.839   -14.273    81.322 397567 0 0 8 72
t1    3   20     0.000    14.552    81.322 397567 0 0 1 33
t1    6   20     8.085    12.100    81.322 397567 0 0 2 72
t1    9   20    13.444     5.569    81.322 397567 0 0 4 33
t1   12   20    14.273    -2.839    81.322 397567 0 0 5 72
t1   15   20    10.290   -10.290    81.322 397567 0 0 7 33
t1   18   20     2.839   -14.273    81.322 397567 0 0 8 72
t1    3   20     0.000    14.552    81.322 397567 0 0 1 33
t1    6   20     8.085    12.100    81.322 397567 0 0 2 72
t1    9   20    13.444     5.569    81.322 397567 0 0 4 33
t1   12   20    14.273    -2.839    81.322 397567 0 0 5 72
t1   15   20    10.290   -10.290    81.322 397567 0 0 7 33
t1   18   20     2.839   -14.273    81.322 397567 0 0 8 72
t1    3   20     0.000    14.552    81.322 397567 0 0 1 33
t1    6   20     8.085    12.100    81.322 397567 0 0 2 72
t1    9   20    13.444     5.569    81.322 397567 0 0 4 33
t1   12   20    14.273    -2.839    81.322 397567 0 0 5 72
t1   15   20    10.290   -10.290    81.322 397567 0 0 7 33
t1   18   20     2.839   -14.273    81.322 397567 0 0 8 72
t1    3   20     0.000    14.552    81.322 397567 0 0 1 33
t1    6   20     8.085    12.100    81.322 397567 0 0 2 72
t1    9   20    13.444     5.569    81.322 397567 0 0 4 33
t1   12   20    14.273    -2.839    81.322 397567 0 0 5 72
t1   15   20    10.290   -10.290    81.322 397567 0 0 7 33
t1   18   20     2.839   -14.273    81.322 397567 0 0 8 72
t1    4   21     2.981    14.986    78.412 403455 0 0 1 73
t1    7   21    10.804    10.804    78.412 403455 0 0 3 32
t1   10   21    14.986     2.981    78.412 403455 0 0 4 73
t1   13   21    14.117    -5.847    78.412 403455 0 0 6 32
t1   16   21     8.489   -12.705    78.412 403455 0 0 7 73
t1    4   21     2.981    14.986    78.412 403455 0 0 1 73
t1    7   21    10.804    10.804    78.412 403455 0 0 3 32
t1   10   21    14.986     2.981    78.412 403455 0 0 4 73
t1   13   21    14.117    -5.847    78.412 403455 0 0 6 32
t1   16   21     8.489   -12.705    78.412 403455 0 0 7 73
t1    4   21     2.981    14.986    78.412 403455 0 0 1 73
t1    7   21    10.804    10.804    78.412 403455 0 0 3 32
t1   10   21    14.986     2.981    78.412 403455 0 0 4 73
t1   13   21    14.117    -5.847    78.412 403455 0 0 6 32
t1   16   21     8.489   -12.705    78.412 403455 0 0 7 73
t1    4   21     2.981    14.986    78.412 403455 0 0 1 73
t1    7   21    10.804    10.804    78.412 403455 0 0 3 32
t1   10   21    14.986     2.981    78.412 403455 0 0 4 73
t1   13   21    14.117    -5.847    78.412 403455 0 0 6 32
t1   16   21     8.489   -12.705    78.412 403455 0 0 7 73
t1    4   21     2.981    14.986    78.412 403455 0 0 1 73
t1    7   21    10.804    10.804    78.412 403455 0 0 3 32
t1   10   21    14.986     2.981    78.412 403455 0 0 4 73
t1   13   21    14.117    -5.847    78.412 403455 0 0 6 32
t1   16   21     8.489   -12.705    78.412 403455 0 0 7 73
t1    4   21     2.981    14.986    78.412 403455 0 0 1 73
t1    7   21    10.804    10.804    78.412 16777215 0 0 3 32
t1   10   21    14.986     2.981    78.412 403455 0 0 4 73
t1   13   21    14.117    -5.847    78.412 403455 0 0 6 32
t1   16   21     8.489   -12.705    78.412 403455 0 0 7 73
t1    5   22     6.126    14.789    75.501 409087 0 0 2 31
t1    8   22    13.310     8.893    75.501 409087 0 0 3 74
t1   11   22    16.007     0.000    75.501 409087 0 0 5 31
t1   14   22    13.310    -8.893    75.501 409087 0 0 6 74
t1   17   22     6.126   -14.789    75.501 16777215 0 0 8 31
t1    5   22     6.126    14.789    75.501 409087 0 0 2 31
t1    8   22    13.310     8.893    75.501 16777215 0 0 3 74
t1   11   22    16.007     0.000    75.501 409087 0 0 5 31
t1   14   22    13.310    -8.893    75.501 16777215 0 0 6 74
t1   17   22     6.126   -14.789    75.501 409087 0 0 8 31
t1    5   22     6.126    14.789    75.501 409087 0 0 2 31
t1    8   22    13.310     8.893    75.501 409087 0 0 3 74
t1   11   22    16.007     0.000    75.501 409087 0 0 5 31
t1   14   22    13.310    -8.893    75.501 409087 0 0 6 74
t1   17   22     6.126   -14.789    75.501 409087 0 0 8 31
t1    5   22     6.126    14.789    75.501 409087 0 0 2 31
t1    8   22    13.310     8.893    75.501 409087 0 0 3 74
t1   11   22    16.007     0.000    75.501 409087 0 0 5 31
t1   14   22    13.310    -8.893    75.501 409087 0 0 6 74
t1   17   22     6.126   -14.789    75.501 409087 0 0 8 31
t1    5   22     6.126    14.789    75.501 409087 0 0 2 31
t1    8   22    13.310     8.893    75.501 409087 0 0 3 74
t1   11   22    16.007     0.000    75.501 409087 0 0 5 31
t1   14   22    13.310    -8.893    75.501 409087 0 0 6 74
t1   17   22     6.126   -14.789    75.501 409087 0 0 8 31
t1    3   23     0.000    16.735    72.591 414975 0 0 1 30
t1    6   23     9.297    13.915    72.591 414975 0 0 2 75
t1    9   23    15.461     6.404    72.591 414975 0 0 4 30
t1   12   23    16.413    -3.265    72.591 16777215 0 0 5 75
t1   15   23    11.833   -11.833    72.591 414975 0 0 7 30
t1   18   23     3.265   -16.413    72.591 414975 0 0 8 75
t1    3   23     0.000    16.735    72.591 16777215 0 0 1 30
t1    6   23     9.297    13.915    72.591 414975 0 0 2 75
t1    9   23    15.461     6.404    72.591 414975 0 0 4 30
t1   12   23    16.413    -3.265    72.591 414975 0 0 5 75
t1   15   23    11.833   -11.833    72.591 16777215 0 0 7 30
t1   18   23     3.265   -16.413    72.591 414975 0 0 8 75
t1    3   23     0.000    16.735    72.591 414975 0 0 1 30
t1    6   23     9.297    13.915    72.591 16777215 0 0 2 75
t1    9   23    15.461     6.404    72.591 414975 0 0 4 30
t1   12   23    16.413    -3.265    72.591 414975 0 0 5 75
t1   15   23    11.833   -11.833    72.591 414975 0 0 7 30
t1   18   23     3.265   -16.413    72.591 414975 0 0 8 75
t1    3   23     0.000    16.735    72.591 414975 0 0 1 30
t1    6   23     9.297    13.915    72.591 414975 0 0 2 75
t1    9   23    15.461     6.404    72.591 414975 0 0 4 30
t1   12   23    16.413    -3.265    72.591 414975 0 0 5 75
t1   15   23    11.833   -11.833    72.591 414975 0 0 7 30
t1   18   23     3.265   -16.413    72.591 414975 0 0 8 75
t1    3   23     0.000    16.735    72.591 414975 0 0 1 30
t1    6   23     9.297    13.915    72.591 414975 0 0 2 75
t1    9   23    15.461     6.404    72.591 414975 0 0 4 30
t1   12   23    16.413    -3.265    72.591 414975 0 0 5 75
t1   15   23    11.833   -11.833    72.591 414975 0 0 7 30
t1   18   23     3.265   -16.413    72.591 414975 0 0 8 75
t1    3   23     0.000    16.735    72.591 414975 0 0 1 30
t1    6   23     9.297    13.915    72.591 414975 0 0 2 75
t1    9   23    15.461     6.404    72.591 414975 0 0 4 30
t1   12   23    16.413    -3.265    72.591 414975 0 0 5 75
t1   15   23    11.833   -11.833    72.591 414975 0 0 7 30
t1   18   23     3.265   -16.413    72.591 414975 0 0 8 75
t1    4   24     3.407    17.127    69.680 420863 0 0 1 76
t1    7   24    12.348    12.348    69.680 420863 0 0 3 29
t1   10   24    17.127     3.407    69.680 420863 0 0 4 76
t1   13   24    16.133    -6.683    69.680 420863 0 0 6 29
t1   16   24     9.702   -14.520    69.680 420863 0 0 7 76
t1    4   24     3.407    17.127    69.680 420863 0 0 1 76
t1    7   24    12.348    12.348    69.680 420863 0 0 3 29
t1   10   24    17.127     3.407    69.680 420863 0 0 4 76
t1   13   24    16.133    -6.683    69.680 420863 0 0 6 29
t1   16   24     9.702   -14.520    69.680 420863 0 0 7 76
t1    4   24     3.407    17.127    69.680 420863 0 0 1 76
t1    7   24    12.348    12.348    69.680 16777215 0 0 3 29
t1   10   24    17.127     3.407    69.680 420863 0 0 4 76
t1   13   24    16.133    -6.683    69.680 420863 0 0 6 29
t1   16   24     9.702   -14.520    69.680 420863 0 0 7 76
t1    4   24     3.407    17.127    69.680 420863 0 0 1 76
t1    7   24    12.348    12.348    69.680 420863 0 0 3 29
t1   10   24    17.127     3.407    69.680 16777215 0 0 4 76
t1   13   24    16.133    -6.683    69.680 420863 0 0 6 29
t1   16   24     9.702   -14.520    69.680 420863 0 0 7 76
t1    4   24     3.407    17.127    69.680 420863 0 0 1 76
t1    7   24    12.348    12.348    69.680 420863 0 0 3 29
t1   10   24    17.127     3.407    69.680 420863 0 0 4 76
t1   13   24    16.133    -6.683    69.680 420863 0 0 6 29
t1   16   24     9.702   -14.520    69.680 16777215 0 0 7 76
t1    5   25     6.961    16.806    66.770 426495 0 0 2 28
t1    8   25    15.125    10.106    66.770 16777215 0 0 3 77
t1   11   25    18.190     0.000    66.770 426495 0 0 5 28
t1   14   25    15.125   -10.106    66.770 16777215 0 0 6 77
t1   17   25     6.961   -16.806    66.770 426495 0 0 8 28
t1    5   25     6.961    16.806    66.770 16777215 0 0 2 28
t1    8   25    15.125    10.106    66.770 426495 0 0 3 77
t1   11   25    18.190     0.000    66.770 426495 0 0 5 28
t1   14   25    15.125   -10.106    66.770 426495 0 0 6 77
t1   17   25     6.961   -16.806    66.770 426495 0 0 8 28
t1    5   25     6.961    16.806    66.770 426495 0 0 2 28
t1    8   25    15.125    10.106    66.770 426495 0 0 3 77
t1   11   25    18.190     0.000    66.770 426495 0 0 5 28
t1   14   25    15.125   -10.106    66.770 426495 0 0 6 77
t1   17   25     6.961   -16.806    66.770 426495 0 0 8 28
t1    5   25     6.961    16.806    66.770 426495 0 0 2 28
t1    8   25    15.125    10.106    66.770 426495 0 0 3 77
t1   11   25    18.190     0.000    66.770 426495 0 0 5 28
t1   14   25    15.125   -10.106    66.770 426495 0 0 6 77
t1   17   25     6.961   -16.806    66.770 426495 0 0 8 28
t1    5   25     6.961    16.806    66.770 426495 0 0 2 28
t1    8   25    15.125    10.106    66.770 426495 0 0 3 77
t1   11   25    18.190     0.000    66.770 426495 0 0 5 28
t1   14   25    15.125   -10.106    66.770 426495 0 0 6 77
t1   17   25     6.961   -16.806    66.770 426495 0 0 8 28
t1    5   25     6.961    16.806    66.770 426495 0 0 2 28
t1    8   25    15.125    10.106    66.770 426495 0 0 3 77
t1   11   25    18.190     0.000    66.770 426495 0 0 5 28
t1   14   25    15.125   -10.106    66.770 426495 0 0 6 77
t1   17   25     6.961   -16.806    66.770 426495 0 0 8 28
t1    3   26     0.000    18.918    63.860 497919 0 0 1 27
t1    6   26    10.510    15.730    63.860 497919 0 0 2 78
t1    9   26    17.478     7.240    63.860 497919 0 0 4 27
t1   12   26    18.554    -3.691    63.860 497919 0 0 5 78
t1   15   26    13.377   -13.377    63.860 497919 0 0 7 27
t1   18   26     3.691   -18.554    63.860 497919 0 0 8 78
t1    3   26     0.000    18.918    63.860 497919 0 0 1 27
t1    6   26    10.510    15.730    63.860 497919 0 0 2 78
t1    9   26    17.478     7.240    63.860 497919 0 0 4 27
t1   12   26    18.554    -3.691    63.860 497919 0 0 5 78
t1   15   26    13.377   -13.377    63.860 497919 0 0 7 27
t1   18   26     3.691   -18.554    63.860 497919 0 0 8 78
t1    3   26     0.000    18.918    63.860 497919 0 0 1 27
t1    6   26    10.510    15.730    63.860 497919 0 0 2 78
t1    9   26    17.478     7.240    63.860 497919 0 0 4 27
t1   12   26    18.554    -3.691    63.860 497919 0 0 5 78
t1   15   26    13.377   -13.377    63.860 497919 0 0 7 27
t1   18   26     3.691   -18.554    63.860 497919 0 0 8 78
t1    3   26     0.000    18.918    63.860 497919 0 0 1 27
t1    6   26    10.510    15.730    63.860 497919 0 0 2 78
t1    9   26    17.478     7.240    63.860 497919 0 0 4 27
t1   12   26    18.554    -3.691    63.860 497919 0 0 5 78
t1   15   26    13.377   -13.377    63.860 497919 0 0 7 27
t1   18   26     3.691   -18.554    63.860 497919 0 0 8 78
t1    3   26     0.000    18.918    63.860 497919 0 0 1 27
t1    6   26    10.510    15.730    63.860 497919 0 0 2 78
t1    9   26    17.478     7.240    63.860 497919 0 0 4 27
t1   12   26    18.554    -3.691    63.860 497919 0 0 5 78
t1   15   26    13.377   -13.377    63.860 497919 0 0 7 27
t1   18   26     3.691   -18.554    63.860 497919 0 0 8 78
t1    4   27     3.833    19.268    60.949 503551 0 0 1 79
t1    7   27    13.891    13.891    60.949 503551 0 0 3 26
t1   10   27    19.268     3.833    60.949 503551 0 0 4 79
t1   13   27    18.150    -7.518    60.949 503551 0 0 6 26
t1   16   27    10.914   -16.335    60.949 503551 0 0 7 79
t1    4   27     3.833    19.268    60.949 503551 0 0 1 79
t1    7   27    13.891    13.891    60.949 503551 0 0 3 26
t1   10   27    19.268     3.833    60.949 503551 0 0 4 79
t1   13   27    18.150    -7.518    60.949 503551 0 0 6 26
t1   16   27    10.914   -16.335    60.949 503551 0 0 7 79
t1    4   27     3.833    19.268    60.949 503551 0 0 1 79
t1    7   27    13.891    13.891    60.949 503551 0 0 3 26
t1   10   27    19.268     3.833    60.949 503551 0 0 4 79
t1   13   27    18.150    -7.518    60.949 503551 0 0 6 26
t1   16   27    10.914   -16.335    60.949 503551 0 0 7 79
t1    4   27     3.833    19.268    60.949 503551 0 0 1 79
t1    7   27    13.891    13.891    60.949 503551 0 0 3 26
t1   10   27    19.268     3.833    60.949 503551 0 0 4 79
t1   13   27    18.150    -7.518    60.949 503551 0 0 6 26
t1   16   27    10.914   -16.335    60.949 16777215 0 0 7 79
t1    4   27     3.833    19.268    60.949 503551 0 0 1 79
t1    7   27    13.891    13.891    60.949 16777215 0 0 3 26
t1   10   27    19.268     3.833    60.949 503551 0 0 4 79
t1   13   27    18.150    -7.518    60.949 16777215 0 0 6 26
t1   16   27    10.914   -16.335    60.949 503551 0 0 7 79
t1    4   27     3.833    19.268    60.949 16777215 0 0 1 79
t1    7   27    13.891    13.891    60.949 503551 0 0 3 26
t1   10   27    19.268     3.833    60.949 503551 0 0 4 79
t1   13   27    18.150    -7.518    60.949 503551 0 0 6 26
t1   16   27    10.914   -16.335    60.949 503551 0 0 7 79
t1    5   28     7.796    18.822    58.039 509439 0 0 2 25
t1    8   28    16.940    11.319    58.039 509439 0 0 3 80
t1   11   28    20.373     0.000    58.039 509439 0 0 5 25
t1   14   28    16.940   -11.319    58.039 509439 0 0 6 80
t1   17   28     7.796   -18.822    58.039 509439 0 0 8 25
t1    5   28     7.796    18.822    58.039 509439 0 0 2 25
t1    8   28    16.940    11.319    58.039 509439 0 0 3 80
t1   11   28    20.373     0.000    58.039 509439 0 0 5 25
t1   14   28    16.940   -11.319    58.039 509439 0 0 6 80
t1   17   28     7.796   -18.822    58.039 509439 0 0 8 25
t1    5   28     7.796    18.822    58.039 509439 0 0 2 25
t1    8   28    16.940    11.319    58.039 509439 0 0 3 80
t1   11   28    20.373     0.000    58.039 509439 0 0 5 25
t1   14   28    16.940   -11.319    58.039 509439 0 0 6 80
t1   17   28     7.796   -18.822    58.039 509439 0 0 8 25
t1    5   28     7.796    18.822    58.039 509439 0 0 2 25
t1    8   28    16.940    11.319    58.039 509439 0 0 3 80
t1   11   28    20.373     0.000    58.039 509439 0 0 5 25
t1   14   28    16.940   -11.319    58.039 16777215 0 0 6 80
t1   17   28     7.796   -18.822    58.039 509439 0 0 8 25
t1    5   28     7.796    18.822    58.039 16777215 0 0 2 25
t1    8   28    16.940    11.319    58.039 509439 0 0 3 80
t1   11   28    20.373     0.000    58.039 509439 0 0 5 25
t1   14   28    16.940   -11.319    58.039 509439 0 0 6 80
t1   17   28     7.796   -18.822    58.039 16777215 0 0 8 25
t1    5   28     7.796    18.822    58.039 509439 0 0 2 25
t1    8   28    16.940    11.319    58.039 16777215 0 0 3 80
t1   11   28    20.373     0.000    58.039 509439 0 0 5 25
t1   14   28    16.940   -11.319    58.039 509439 0 0 6 80
t1   17   28     7.796   -18.822    58.039 509439 0 0 8 25
t1    3   29     0.000    21.101    55.128 515071 0 0 1 24
t1    6   29    11.723    17.545    55.128 515071 0 0 2 81
t1    9   29    19.494     8.075    55.128 515071 0 0 4 24
t1   12   29    20.695    -4.117    55.128 515071 0 0 5 81
t1   15   29    14.920   -14.920    55.128 515071 0 0 7 24
t1   18   29     4.117   -20.695    55.128 515071 0 0 8 81
t1    3   29     0.000    21.101    55.128 515071 0 0 1 24
t1    6   29    11.723    17.545    55.128 515071 0 0 2 81
t1    9   29    19.494     8.075    55.128 515071 0 0 4 24
t1   12   29    20.695    -4.117    55.128 515071 0 0 5 81
t1   15   29    14.920   -14.920    55.128 515071 0 0 7 24
t1   18   29     4.117   -20.695    55.128 515071 0 0 8 81
t1    3   29     0.000    21.101    55.128 515071 0 0 1 24
t1    6   29    11.723    17.545    55.128 515071 0 0 2 81
t1    9   29    19.494     8.075    55.128 515071 0 0 4 24
t1   12   29    20.695    -4.117    55.128 515071 0 0 5 81
t1   15   29    14.920   -14.920    55.128 515071 0 0 7 24
t1   18   29     4.117   -20.695    55.128 515071 0 0 8 81
t1    3   29     0.000    21.101    55.128 515071 0 0 1 24
t1    6   29    11.723    17.545    55.128 515071 0 0 2 81
t1    9   29    19.494     8.075    55.128 515071 0 0 4 24
t1   12   29    20.695    -4.117    55.128 515071 0 0 5 81
t1   15   29    14.920   -14.920    55.128 515071 0 0 7 24
t1   18   29     4.117   -20.695    55.128 515071 0 0 8 81
t1    3   29     0.000    21.101    55.128 515071 0 0 1 24
t1    6   29    11.723    17.545    55.128 515071 0 0 2 81
t1    9   29    19.494     8.075    55.128 515071 0 0 4 24
t1   12   29    20.695    -4.117    55.128 515071 0 0 5 81
t1   15   29    14.920   -14.920    55.128 515071 0 0 7 24
t1   18   29     4.117   -20.695    55.128 515071 0 0 8 81
t1    4   30     4.258    21.409    52.218 520703 0 0 1 82
t1    7   30    15.435    15.435    52.218 520703 0 0 3 23
t1   10   30    21.409     4.258    52.218 16777215 0 0 4 82
t1   13   30    20.167    -8.353    52.218 520703 0 0 6 23
t1   16   30    12.127   -18.149    52.218 520703 0 0 7 82
t1    4   30     4.258    21.409    52.218 520703 0 0 1 82
t1    7   30    15.435    15.435    52.218 520703 0 0 3 23
t1   10   30    21.409     4.258    52.218 520703 0 0 4 82
t1   13   30    20.167    -8.353    52.218 16777215 0 0 6 23
t1   16   30    12.127   -18.149    52.218 520703 0 0 7 82
t1    4   30     4.258    21.409    52.218 16777215 0 0 1 82
t1    7   30    15.435    15.435    52.218 16777215 0 0 3 23
t1   10   30    21.409     4.258    52.218 520703 0 0 4 82
t1   13   30    20.167    -8.353    52.218 16777215 0 0 6 23
t1   16   30    12.127   -18.149    52.218 16777215 0 0 7 82
t1    4   30     4.258    21.409    52.218 16777215 0 0 1 82
t1    7   30    15.435    15.435    52.218 520703 0 0 3 23
t1   10   30    21.409     4.258    52.218 520703 0 0 4 82
t1   13   30    20.167    -8.353    52.218 520703 0 0 6 23
t1   16   30    12.127   -18.149    52.218 520703 0 0 7 82
t1    4   30     4.258    21.409    52.218 520703 0 0 1 82
t1    7   30    15.435    15.435    52.218 520703 0 0 3 23
t1   10   30    21.409     4.258    52.218 520703 0 0 4 82
t1   13   30    20.167    -8.353    52.218 16777215 0 0 6 23
t1   16   30    12.127   -18.149    52.218 520703 0 0 7 82
t1    4   30     4.258    21.409    52.218 520703 0 0 1 82
t1    7   30    15.435    15.435    52.218 520703 0 0 3 23
t1   10   30    21.409     4.258    52.218 520703 0 0 4 82
t1   13   30    20.167    -8.353    52.218 520703 0 0 6 23
t1   16   30    12.127   -18.149    52.218 520703 0 0 7 82
t1    5   31     8.632    20.839    49.307 524278 0 0 2 22
t1    8   31    18.754    12.531    49.307 524278 0 0 3 83
t1   11   31    22.556     0.000    49.307 524278 0 0 5 22
t1   14   31    18.754   -12.531    49.307 524278 0 0 6 83
t1   17   31     8.632   -20.839    49.307 524278 0 0 8 22
t1    5   31     8.632    20.839    49.307 524278 0 0 2 22
t1    8   31    18.754    12.531    49.307 524278 0 0 3 83
t1   11   31    22.556     0.000    49.307 524278 0 0 5 22
t1   14   31    18.754   -12.531    49.307 524278 0 0 6 83
t1   17   31     8.632   -20.839    49.307 524278 0 0 8 22
t1    5   31     8.632    20.839    49.307 524278 0 0 2 22
t1    8   31    18.754    12.531    49.307 524278 0 0 3 83
t1   11   31    22.556     0.000    49.307 524278 0 0 5 22
t1   14   31    18.754   -12.531    49.307 524278 0 0 6 83
t1   17   31     8.632   -20.839    49.307 524278 0 0 8 22
t1    5   31     8.632    20.839    49.307 524278 0 0 2 22
t1    8   31    18.754    12.531    49.307 524278 0 0 3 83
t1   11   31    22.556     0.000    49.307 524278 0 0 5 22
t1   14   31    18.754   -12.531    49.307 524278 0 0 6 83
t1   17   31     8.632   -20.839    49.307 524278 0 0 8 22
t1    5   31     8.632    20.839    49.307 524278 0 0 2 22
t1    8   31    18.754    12.531    49.307 524278 0 0 3 83
t1   11   31    22.556     0.000    49.307 524278 0 0 5 22
t1   14   31    18.754   -12.531    49.307 524278 0 0 6 83
t1   17   31     8.632   -20.839    49.307 524278 0 0 8 22
t1    3   32     0.000    23.283    46.397 524256 0 0 1 21
t1    6   32    12.936    19.359    46.397 524256 0 0 2 84
t1    9   32    21.511     8.910    46.397 524256 0 0 4 21
t1   12   32    22.836    -4.542    46.397 524256 0 0 5 84
t1   15   32    16.464   -16.464    46.397 524256 0 0 7 21
t1   18   32     4.542   -22.836    46.397 524256 0 0 8 84
t1    3   32     0.000    23.283    46.397 524256 0 0 1 21
t1    6   32    12.936    19.359    46.397 524256 0 0 2 84
t1    9   32    21.511     8.910    46.397 524256 0 0 4 21
t1   12   32    22.836    -4.542    46.397 524256 0 0 5 84
t1   15   32    16.464   -16.464    46.397 524256 0 0 7 21
t1   18   32     4.542   -22.836    46.397 524256 0 0 8 84
t1    3   32     0.000    23.283    46.397 524256 0 0 1 21
t1    6   32    12.936    19.359    46.397 524256 0 0 2 84
t1    9   32    21.511     8.910    46.397 524256 0 0 4 21
t1   12   32    22.836    -4.542    46.397 524256 0 0 5 84
t1   15   32    16.464   -16.464    46.397 524256 0 0 7 21
t1   18   32     4.542   -22.836    46.397 524256 0 0 8 84
t1    3   32     0.000    23.283    46.397 524256 0 0 1 21
t1    6   32    12.936    19.359    46.397 524256 0 0 2 84
t1    9   32    21.511     8.910    46.397 524256 0 0 4 21
t1   12   32    22.836    -4.542    46.397 524256 0 0 5 84
t1   15   32    16.464   -16.464    46.397 524256 0 0 7 21
t1   18   32     4.542   -22.836    46.397 524256 0 0 8 84
t1    3   32     0.000    23.283    46.397 524256 0 0 1 21
t1    6   32    12.936    19.359    46.397 524256 0 0 2 84
t1    9   32    21.511     8.910    46.397 524256 0 0 4 21
t1   12   32    22.836    -4.542    46.397 524256 0 0 5 84
t1   15   32    16.464   -16.464    46.397 524256 0 0 7 21
t1   18   32     4.542   -22.836    46.397 524256 0 0 8 84
t1    3   32     0.000    23.283    46.397 524256 0 0 1 21
t1    6   32    12.936    19.359    46.397 524256 0 0 2 84
t1    9   32    21.511     8.910    46.397 524256 0 0 4 21
t1   12   32    22.836    -4.542    46.397 524256 0 0 5 84
t1   15   32    16.464   -16.464    46.397 524256 0 0 7 21
t1   18   32     4.542   -22.836    46.397 524256 0 0 8 84
t1    4   33     4.684    23.550    43.487 524233 0 0 1 85
t1    7   33    16.978    16.978    43.487 524233 0 0 3 20
t1   10   33    23.550     4.684    43.487 524233 0 0 4 85
t1   13   33    22.183    -9.189    43.487 16777215 0 0 6 20
t1   16   33    13.340   -19.964    43.487 524233 0 0 7 85
t1    4   33     4.684    23.550    43.487 16777215 0 0 1 85
t1    7   33    16.978    16.978    43.487 524233 0 0 3 20
t1   10   33    23.550     4.684    43.487 524233 0 0 4 85
t1   13   33    22.183    -9.189    43.487 524233 0 0 6 20
t1   16   33    13.340   -19.964    43.487 524233 0 0 7 85
t1    4   33     4.684    23.550    43.487 524233 0 0 1 85
t1    7   33    16.978    16.978    43.487 524233 0 0 3 20
t1   10   33    23.550     4.684    43.487 524233 0 0 4 85
t1   13   33    22.183    -9.189    43.487 16777215 0 0 6 20
t1   16   33    13.340   -19.964    43.487 524233 0 0 7 85
t1    4   33     4.684    23.550    43.487 524233 0 0 1 85
t1    7   33    16.978    16.978    43.487 524233 0 0 3 20
t1   10   33    23.550     4.684    43.487 524233 0 0 4 85
t1   13   33    22.183    -9.189    43.487 524233 0 0 6 20
t1   16   33    13.340   -19.964    43.487 524233 0 0 7 85
t1    4   33     4.684    23.550    43.487 524233 0 0 1 85
t1    7   33    16.978    16.978    43.487 524233 0 0 3 20
t1   10   33    23.550     4.684    43.487 524233 0 0 4 85
t1   13   33    22.183    -9.189    43.487 524233 0 0 6 20
t1   16   33    13.340   -19.964    43.487 524233 0 0 7 85
t1    3   34     0.000    24.739    40.576 524211 0 0 1 19
t1    5   34     9.467    22.856    40.576 524211 0 0 2 19
t1    8   34    20.569    13.744    40.576 524211 0 0 3 86
t1   11   34    24.739     0.000    40.576 524211 0 0 5 19
t1   14   34    20.569   -13.744    40.576 524211 0 0 6 86
t1   17   34     9.467   -22.856    40.576 524211 0 0 8 19
t1    3   34     0.000    24.739    40.576 524211 0 0 1 19
t1    5   34     9.467    22.856    40.576 16777215 0 0 2 19
t1    8   34    20.569    13.744    40.576 524211 0 0 3 86
t1   11   34    24.739     0.000    40.576 524211 0 0 5 19
t1   14   34    20.569   -13.744    40.576 524211 0 0 6 86
t1   17   34     9.467   -22.856    40.576 16777215 0 0 8 19
t1    3   34     0.000    24.739    40.576 524211 0 0 1 19
t1    5   34     9.467    22.856    40.576 524211 0 0 2 19
t1    8   34    20.569    13.744    40.576 16777215 0 0 3 86
t1   11   34    24.739     0.000    40.576 524211 0 0 5 19
t1   14   34    20.569   -13.744    40.576 524211 0 0 6 86
t1   17   34     9.467   -22.856    40.576 524211 0 0 8 19
t1    3   34     0.000    24.739    40.576 524211 0 0 1 19
t1    5   34     9.467    22.856    40.576 524211 0 0 2 19
t1    8   34    20.569    13.744    40.576 524211 0 0 3 86
t1   11   34    24.739     0.000    40.576 16777215 0 0 5 19
t1   14   34    20.569   -13.744    40.576 524211 0 0 6 86
t1   17   34     9.467   -22.856    40.576 524211 0 0 8 19
t1    3   34     0.000    24.739    40.576 524211 0 0 1 19
t1    5   34     9.467    22.856    40.576 524211 0 0 2 19
t1    8   34    20.569    13.744    40.576 524211 0 0 3 86
t1   11   34    24.739     0.000    40.576 524211 0 0 5 19
t1   14   34    20.569   -13.744    40.576 524211 0 0 6 86
t1   17   34     9.467   -22.856    40.576 524211 0 0 8 19
t1    3   34     0.000    24.739    40.576 524211 0 0 1 19
t1    5   34     9.467    22.856    40.576 524211 0 0 2 19
t1    8   34    20.569    13.744    40.576 524211 0 0 3 86
t1   11   34    24.739     0.000    40.576 524211 0 0 5 19
t1   14   34    20.569   -13.744    40.576 524211 0 0 6 86
t1   17   34     9.467   -22.856    40.576 524211 0 0 8 19
t1    4   35     4.968    24.977    37.666 524188 0 0 1 87
t1    6   35    14.148    21.174    37.666 524188 0 0 2 87
t1    9   35    23.528     9.746    37.666 524188 0 0 4 18
t1   12   35    24.977    -4.968    37.666 524188 0 0 5 87
t1   15   35    18.007   -18.007    37.666 524188 0 0 7 18
t1   18   35     4.968   -24.977    37.666 524188 0 0 8 87
t1    4   35     4.968    24.977    37.666 524188 0 0 1 87
t1    6   35    14.148    21.174    37.666 524188 0 0 2 87
t1    9   35    23.528     9.746    37.666 524188 0 0 4 18
t1   12   35    24.977    -4.968    37.666 524188 0 0 5 87
t1   15   35    18.007   -18.007    37.666 524188 0 0 7 18
t1   18   35     4.968   -24.977    37.666 524188 0 0 8 87
t1    4   35     4.968    24.977    37.666 524188 0 0 1 87
t1    6   35    14.148    21.174    37.666 524188 0 0 2 87
t1    9   35    23.528     9.746    37.666 524188 0 0 4 18
t1   12   35    24.977    -4.968    37.666 524188 0 0 5 87
t1   15   35    18.007   -18.007    37.666 524188 0 0 7 18
t1   18   35     4.968   -24.977    37.666 524188 0 0 8 87
t1    4   35     4.968    24.977    37.666 524188 0 0 1 87
t1    6   35    14.148    21.174    37.666 524188 0 0 2 87
t1    9   35    23.528     9.746    37.666 524188 0 0 4 18
t1   12   35    24.977    -4.968    37.666 16777215 0 0 5 87
t1   15   35    18.007   -18.007    37.666 524188 0 0 7 18
t1   18   35     4.968   -24.977    37.666 524188 0 0 8 87
t1    4   35     4.968    24.977    37.666 16777215 0 0 1 87
t1    6   35    14.148    21.174    37.666 524188 0 0 2 87
t1    9   35    23.528     9.746    37.666 524188 0 0 4 18
t1   12   35    24.977    -4.968    37.666 524188 0 0 5 87
t1   15   35    18.007   -18.007    37.666 16777215 0 0 7 18
t1   18   35     4.968   -24.977    37.666 524188 0 0 8 87
t1    5   36    10.024    24.200    34.755 16777215 0 0 2 17
t1    7   36    18.522    18.522    34.755 16777215 0 0 3 17
t1   10   36    25.691     5.110    34.755 524166 0 0 4 88
t1   13   36    24.200   -10.024    34.755 524166 0 0 6 17
t1   16   36    14.553   -21.779    34.755 524166 0 0 7 88
t1    5   36    10.024    24.200    34.755 524166 0 0 2 17
t1    7   36    18.522    18.522    34.755 524166 0 0 3 17
t1   10   36    25.691     5.110    34.755 524166 0 0 4 88
t1   13   36    24.200   -10.024    34.755 16777215 0 0 6 17
t1   16   36    14.553   -21.779    34.755 524166 0 0 7 88
t1    5   36    10.024    24.200    34.755 16777215 0 0 2 17
t1    7   36    18.522    18.522    34.755 524166 0 0 3 17
t1   10   36    25.691     5.110    34.755 16777215 0 0 4 88
t1   13   36    24.200   -10.024    34.755 524166 0 0 6 17
t1   16   36    14.553   -21.779    34.755 524166 0 0 7 88
t1    5   36    10.024    24.200    34.755 524166 0 0 2 17
t1    7   36    18.522    18.522    34.755 524166 0 0 3 17
t1   10   36    25.691     5.110    34.755 524166 0 0 4 88
t1   13   36    24.200   -10.024    34.755 524166 0 0 6 17
t1   16   36    14.553   -21.779    34.755 524166 0 0 7 88
t1    5   36    10.024    24.200    34.755 524166 0 0 2 17
t1    7   36    18.522    18.522    34.755 524166 0 0 3 17
t1   10   36    25.691     5.110    34.755 524166 0 0 4 88
t1   13   36    24.200   -10.024    34.755 524166 0 0 6 17
t1   16   36    14.553   -21.779    34.755 524166 0 0 7 88
t1    5   36    10.024    24.200    34.755 524166 0 0 2 17
t1    7   36    18.522    18.522    34.755 524166 0 0 3 17
t1   10   36    25.691     5.110    34.755 524166 0 0 4 88
t1   13   36    24.200   -10.024    34.755 524166 0 0 6 17
t1   16   36    14.553   -21.779    34.755 524166 0 0 7 88
t1    6   37    14.957    22.384    31.845 524144 0 0 2 89
t1    8   37    22.384    14.957    31.845 524144 0 0 3 89
t1   11   37    26.921     0.000    31.845 524144 0 0 5 16
t1   14   37    22.384   -14.957    31.845 524144 0 0 6 89
t1   17   37    10.302   -24.872    31.845 524144 0 0 8 16
t1    3   37     0.000    26.921    31.845 524144 0 0 1 16
t1    6   37    14.957    22.384    31.845 524144 0 0 2 89
t1    8   37    22.384    14.957    31.845 524144 0 0 3 89
t1   11   37    26.921     0.000    31.845 524144 0 0 5 16
t1   14   37    22.384   -14.957    31.845 524144 0 0 6 89
t1   17   37    10.302   -24.872    31.845 524144 0 0 8 16
t1    3   37     0.000    26.921    31.845 524144 0 0 1 16
t1    6   37    14.957    22.384    31.845 524144 0 0 2 89
t1    8   37    22.384    14.957    31.845 524144 0 0 3 89
t1   11   37    26.921     0.000    31.845 524144 0 0 5 16
t1   14   37    22.384   -14.957    31.845 524144 0 0 6 89
t1   17   37    10.302   -24.872    31.845 524144 0 0 8 16
t1    3   37     0.000    26.921    31.845 524144 0 0 1 16
t1    6   37    14.957    22.384    31.845 524144 0 0 2 89
t1    8   37    22.384    14.957    31.845 524144 0 0 3 89
t1   11   37    26.921     0.000    31.845 524144 0 0 5 16
t1   14   37    22.384   -14.957    31.845 524144 0 0 6 89
t1   17   37    10.302   -24.872    31.845 524144 0 0 8 16
t1    3   37     0.000    26.921    31.845 524144 0 0 1 16
t1    6   37    14.957    22.384    31.845 524144 0 0 2 89
t1    8   37    22.384    14.957    31.845 524144 0 0 3 89
t1   11   37    26.921     0.000    31.845 524144 0 0 5 16
t1   14   37    22.384   -14.957    31.845 524144 0 0 6 89
t1   17   37    10.302   -24.872    31.845 524144 0 0 8 16
t1    3   37     0.000    26.921    31.845 524144 0 0 1 16
t1    7   38    19.551    19.551    28.934 524121 0 0 3 15
t1    9   38    25.544    10.581    28.934 524121 0 0 4 15
t1   12   38    27.118    -5.394    28.934 524121 0 0 5 90
t1   15   38    19.551   -19.551    28.934 524121 0 0 7 15
t1   18   38     5.394   -27.118    28.934 524121 0 0 8 90
t1    4   38     5.394    27.118    28.934 524121 0 0 1 90
t1    7   38    19.551    19.551    28.934 524121 0 0 3 15
t1    9   38    25.544    10.581    28.934 524121 0 0 4 15
t1   12   38    27.118    -5.394    28.934 524121 0 0 5 90
t1   15   38    19.551   -19.551    28.934 524121 0 0 7 15
t1   18   38     5.394   -27.118    28.934 524121 0 0 8 90
t1    4   38     5.394    27.118    28.934 524121 0 0 1 90
t1    7   38    19.551    19.551    28.934 524121 0 0 3 15
t1    9   38    25.544    10.581    28.934 524121 0 0 4 15
t1   12   38    27.118    -5.394    28.934 524121 0 0 5 90
t1   15   38    19.551   -19.551    28.934 524121 0 0 7 15
t1   18   38     5.394   -27.118    28.934 524121 0 0 8 90
t1    4   38     5.394    27.118    28.934 524121 0 0 1 90
t1    7   38    19.551    19.551    28.934 524121 0 0 3 15
t1    9   38    25.544    10.581    28.934 524121 0 0 4 15
t1   12   38    27.118    -5.394    28.934 524121 0 0 5 90
t1   15   38    19.551   -19.551    28.934 524121 0 0 7 15
t1   18   38     5.394   -27.118    28.934 524121 0 0 8 90
t1    4   38     5.394    27.118    28.934 524121 0 0 1 90
t1    7   38    19.551    19.551    28.934 524121 0 0 3 15
t1    9   38    25.544    10.581    28.934 524121 0 0 4 15
t1   12   38    27.118    -5.394    28.934 524121 0 0 5 90
t1   15   38    19.551   -19.551    28.934 524121 0 0 7 15
t1   18   38     5.394   -27.118    28.934 524121 0 0 8 90
t1    4   38     5.394    27.118    28.934 524121 0 0 1 90
t1    7   38    19.551    19.551    28.934 524121 0 0 3 15
t1    9   38    25.544    10.581    28.934 524121 0 0 4 15
t1   12   38    27.118    -5.394    28.934 16777215 0 0 5 90
t1   15   38    19.551   -19.551    28.934 524121 0 0 7 15
t1   18   38     5.394   -27.118    28.934 16777215 0 0 8 90
t1    4   38     5.394    27.118    28.934 16777215 0 0 1 90
t1    8   39    23.594    15.765    26.024 524099 0 0 3 91
t1   10   39    27.831     5.536    26.024 16777215 0 0 4 91
t1   13   39    26.217   -10.859    26.024 524099 0 0 6 14
t1   16   39    15.765   -23.594    26.024 524099 0 0 7 91
t1    5   39    10.859    26.217    26.024 524099 0 0 2 14
t1    8   39    23.594    15.765    26.024 524099 0 0 3 91
t1   10   39    27.831     5.536    26.024 524099 0 0 4 91
t1   13   39    26.217   -10.859    26.024 524099 0 0 6 14
t1   16   39    15.765   -23.594    26.024 524099 0 0 7 91
t1    5   39    10.859    26.217    26.024 524099 0 0 2 14
t1    8   39    23.594    15.765    26.024 524099 0 0 3 91
t1   10   39    27.831     5.536    26.024 524099 0 0 4 91
t1   13   39    26.217   -10.859    26.024 524099 0 0 6 14
t1   16   39    15.765   -23.594    26.024 524099 0 0 7 91
t1    5   39    10.859    26.217    26.024 524099 0 0 2 14
t1    8   39    23.594    15.765    26.024 524099 0 0 3 91
t1   10   39    27.831     5.536    26.024 524099 0 0 4 91
t1   13   39    26.217   -10.859    26.024 524099 0 0 6 14
t1   16   39    15.765   -23.594    26.024 524099 0 0 7 91
t1    5   39    10.859    26.217    26.024 524099 0 0 2 14
t1    8   39    23.594    15.765    26.024 524099 0 0 3 91
t1   10   39    27.831     5.536    26.024 524099 0 0 4 91
t1   13   39    26.217   -10.859    26.024 524099 0 0 6 14
t1   16   39    15.765   -23.594    26.024 524099 0 0 7 91
t1    5   39    10.859    26.217    26.024 524099 0 0 2 14
t1    9   40    26.889    11.138    23.114 524076 0 0 4 13
t1   11   40    29.104     0.000    23.114 16777215 0 0 5 13
t1   14   40    24.199   -16.169    23.114 524076 0 0 6 92
t1   17   40    11.138   -26.889    23.114 524076 0 0 8 13
t1    3   40     0.000    29.104    23.114 16777215 0 0 1 13
t1    6   40    16.169    24.199    23.114 524076 0 0 2 92
t1    9   40    26.889    11.138    23.114 524076 0 0 4 13
t1   11   40    29.104     0.000    23.114 524076 0 0 5 13
t1   14   40    24.199   -16.169    23.114 16777215 0 0 6 92
t1   17   40    11.138   -26.889    23.114 524076 0 0 8 13
t1    3   40     0.000    29.104    23.114 524076 0 0 1 13
t1    6   40    16.169    24.199    23.114 524076 0 0 2 92
t1    9   40    26.889    11.138    23.114 524076 0 0 4 13
t1   11   40    29.104     0.000    23.114 524076 0 0 5 13
t1   14   40    24.199   -16.169    23.114 524076 0 0 6 92
t1   17   40    11.138   -26.889    23.114 524076 0 0 8 13
t1    3   40     0.000    29.104    23.114 524076 0 0 1 13
t1    6   40    16.169    24.199    23.114 524076 0 0 2 92
t1    9   40    26.889    11.138    23.114 524076 0 0 4 13
t1   11   40    29.104     0.000    23.114 524076 0 0 5 13
t1   14   40    24.199   -16.169    23.114 524076 0 0 6 92
t1   17   40    11.138   -26.889    23.114 524076 0 0 8 13
t1    3   40     0.000    29.104    23.114 524076 0 0 1 13
t1    6   40    16.169    24.199    23.114 524076 0 0 2 92
t1    9   40    26.889    11.138    23.114 524076 0 0 4 13
t1   11   40    29.104     0.000    23.114 524076 0 0 5 13
t1   14   40    24.199   -16.169    23.114 524076 0 0 6 92
t1   17   40    11.138   -26.889    23.114 524076 0 0 8 13
t1    3   40     0.000    29.104    23.114 524076 0 0 1 13
t1    6   40    16.169    24.199    23.114 524076 0 0 2 92
t1    9   40    26.889    11.138    23.114 524076 0 0 4 13
t1   11   40    29.104     0.000    23.114 524076 0 0 5 13
t1   14   40    24.199   -16.169    23.114 524076 0 0 6 92
t1   17   40    11.138   -26.889    23.114 524076 0 0 8 13
t1    3   40     0.000    29.104    23.114 524076 0 0 1 13
t1    6   40    16.169    24.199    23.114 524076 0 0 2 92
t1   10   41    29.259     5.820    20.203 524054 0 0 4 93
t1   12   41    29.259    -5.820    20.203 524054 0 0 5 93
t1   15   41    21.094   -21.094    20.203 524054 0 0 7 12
t1   18   41     5.820   -29.259    20.203 524054 0 0 8 93
t1    4   41     5.820    29.259    20.203 524054 0 0 1 93
t1    7   41    21.094    21.094    20.203 524054 0 0 3 12
t1   10   41    29.259     5.820    20.203 524054 0 0 4 93
t1   12   41    29.259    -5.820    20.203 524054 0 0 5 93
t1   15   41    21.094   -21.094    20.203 16777215 0 0 7 12
t1   18   41     5.820   -29.259    20.203 524054 0 0 8 93
t1    4   41     5.820    29.259    20.203 524054 0 0 1 93
t1    7   41    21.094    21.094    20.203 16777215 0 0 3 12
t1   10   41    29.259     5.820    20.203 524054 0 0 4 93
t1   12   41    29.259    -5.820    20.203 524054 0 0 5 93
t1   15   41    21.094   -21.094    20.203 524054 0 0 7 12
t1   18   41     5.820   -29.259    20.203 16777215 0 0 8 93
t1    4   41     5.820    29.259    20.203 524054 0 0 1 93
t1    7   41    21.094    21.094    20.203 524054 0 0 3 12
t1   10   41    29.259     5.820    20.203 16777215 0 0 4 93
t1   12   41    29.259    -5.820    20.203 16777215 0 0 5 93
t1   15   41    21.094   -21.094    20.203 524054 0 0 7 12
t1   18   41     5.820   -29.259    20.203 16777215 0 0 8 93
t1    4   41     5.820    29.259    20.203 16777215 0 0 1 93
t1    7   41    21.094    21.094    20.203 524054 0 0 3 12
t1   10   41    29.259     5.820    20.203 16777215 0 0 4 93
t1   12   41    29.259    -5.820    20.203 524054 0 0 5 93
t1   15   41    21.094   -21.094    20.203 524054 0 0 7 12
t1   18   41     5.820   -29.259    20.203 524054 0 0 8 93
t1    4   41     5.820    29.259    20.203 524054 0 0 1 93
t1    7   41    21.094    21.094    20.203 524054 0 0 3 12
t1   10   41    29.259     5.820    20.203 524054 0 0 4 93
t1   12   41    29.259    -5.820    20.203 524054 0 0 5 93
t1   15   41    21.094   -21.094    20.203 524054 0 0 7 12
t1   18   41     5.820   -29.259    20.203 16777215 0 0 8 93
t1    4   41     5.820    29.259    20.203 524054 0 0 1 93
t1    7   41    21.094    21.094    20.203 524054 0 0 3 12
t1   11   42    30.559     0.000    17.293 1048327 0 0 5 11
t1   13   42    28.233   -11.695    17.293 1048327 0 0 6 11
t1   16   42    16.978   -25.409    17.293 1048327 0 0 7 94
t1    5   42    11.695    28.233    17.293 1048327 0 0 2 11
t1    8   42    25.409    16.978    17.293 1048327 0 0 3 94
t1   11   42    30.559     0.000    17.293 1048327 0 0 5 11
t1   13   42    28.233   -11.695    17.293 1048327 0 0 6 11
t1   16   42    16.978   -25.409    17.293 1048327 0 0 7 94
t1    5   42    11.695    28.233    17.293 1048327 0 0 2 11
t1    8   42    25.409    16.978    17.293 1048327 0 0 3 94
t1   11   42    30.559     0.000    17.293 1048327 0 0 5 11
t1   13   42    28.233   -11.695    17.293 1048327 0 0 6 11
t1   16   42    16.978   -25.409    17.293 1048327 0 0 7 94
t1    5   42    11.695    28.233    17.293 1048327 0 0 2 11
t1    8   42    25.409    16.978    17.293 1048327 0 0 3 94
t1   11   42    30.559     0.000    17.293 1048327 0 0 5 11
t1   13   42    28.233   -11.695    17.293 1048327 0 0 6 11
t1   16   42    16.978   -25.409    17.293 1048327 0 0 7 94
t1    5   42    11.695    28.233    17.293 1048327 0 0 2 11
t1    8   42    25.409    16.978    17.293 1048327 0 0 3 94
t1   11   42    30.559     0.000    17.293 1048327 0 0 5 11
t1   13   42    28.233   -11.695    17.293 1048327 0 0 6 11
t1   16   42    16.978   -25.409    17.293 1048327 0 0 7 94
t1    5   42    11.695    28.233    17.293 1048327 0 0 2 11
t1    8   42    25.409    16.978    17.293 1048327 0 0 3 94
t1   12   43    30.686    -6.104    14.382 2490119 0 0 5 95
t1   14   43    26.014   -17.382    14.382 2490119 0 0 6 95
t1   17   43    11.973   -28.906    14.382 2490119 0 0 8 10
t1    3   43     0.000    31.287    14.382 2490119 0 0 1 10
t1    6   43    17.382    26.014    14.382 2490119 0 0 2 95
t1    9   43    28.906    11.973    14.382 2490119 0 0 4 10
t1   12   43    30.686    -6.104    14.382 2490119 0 0 5 95
t1   14   43    26.014   -17.382    14.382 2490119 0 0 6 95
t1   17   43    11.973   -28.906    14.382 2490119 0 0 8 10
t1    3   43     0.000    31.287    14.382 2490119 0 0 1 10
t1    6   43    17.382    26.014    14.382 2490119 0 0 2 95
t1    9   43    28.906    11.973    14.382 2490119 0 0 4 10
t1   12   43    30.686    -6.104    14.382 2490119 0 0 5 95
t1   14   43    26.014   -17.382    14.382 2490119 0 0 6 95
t1   17   43    11.973   -28.906    14.382 2490119 0 0 8 10
t1    3   43     0.000    31.287    14.382 2490119 0 0 1 10
t1    6   43    17.382    26.014    14.382 2490119 0 0 2 95
t1    9   43    28.906    11.973    14.382 2490119 0 0 4 10
t1   12   43    30.686    -6.104    14.382 2490119 0 0 5 95
t1   14   43    26.014   -17.382    14.382 2490119 0 0 6 95
t1   17   43    11.973   -28.906    14.382 2490119 0 0 8 10
t1    3   43     0.000    31.287    14.382 2490119 0 0 1 10
t1    6   43    17.382    26.014    14.382 2490119 0 0 2 95
t1    9   43    28.906    11.973    14.382 2490119 0 0 4 10
t1   12   43    30.686    -6.104    14.382 2490119 0 0 5 95
t1   14   43    26.014   -17.382    14.382 2490119 0 0 6 95
t1   17   43    11.973   -28.906    14.382 2490119 0 0 8 10
t1    3   43     0.000    31.287    14.382 2490119 0 0 1 10
t1    6   43    17.382    26.014    14.382 2490119 0 0 2 95
t1    9   43    28.906    11.973    14.382 2490119 0 0 4 10
t1   12   43    30.686    -6.104    14.382 2490119 0 0 5 95
t1   14   43    26.014   -17.382    14.382 2490119 0 0 6 95
t1   17   43    11.973   -28.906    14.382 2490119 0 0 8 10
t1    3   43     0.000    31.287    14.382 2490119 0 0 1 10
t1    6   43    17.382    26.014    14.382 2490119 0 0 2 95
t1    9   43    28.906    11.973    14.382 2490119 0 0 4 10
t1   13   44    29.578   -12.251    11.472 3997448 0 0 6 9
t1   15   44    22.638   -22.638    11.472 3997448 0 0 7 9
t1   18   44     6.246   -31.400    11.472 3997448 0 0 8 96
t1    4   44     6.246    31.400    11.472 3997448 0 0 1 96
t1    7   44    22.638    22.638    11.472 3997448 0 0 3 9
t1   10   44    31.400     6.246    11.472 3997448 0 0 4 96
t1   13   44    29.578   -12.251    11.472 3997448 0 0 6 9
t1   15   44    22.638   -22.638    11.472 3997448 0 0 7 9
t1   18   44     6.246   -31.400    11.472 3997448 0 0 8 96
t1    4   44     6.246    31.400    11.472 16777215 0 0 1 96
t1    7   44    22.638    22.638    11.472 3997448 0 0 3 9
t1   10   44    31.400     6.246    11.472 16777215 0 0 4 96
t1   13   44    29.578   -12.251    11.472 3997448 0 0 6 9
t1   15   44    22.638   -22.638    11.472 3997448 0 0 7 9
t1   18   44     6.246   -31.400    11.472 3997448 0 0 8 96
t1    4   44     6.246    31.400    11.472 3997448 0 0 1 96
t1    7   44    22.638    22.638    11.472 3997448 0 0 3 9
t1   10   44    31.400     6.246    11.472 3997448 0 0 4 96
t1   13   44    29.578   -12.251    11.472 3997448 0 0 6 9
t1   15   44    22.638   -22.638    11.472 3997448 0 0 7 9
t1   18   44     6.246   -31.400    11.472 16777215 0 0 8 96
t1    4   44     6.246    31.400    11.472 3997448 0 0 1 96
t1    7   44    22.638    22.638    11.472 3997448 0 0 3 9
t1   10   44    31.400     6.246    11.472 16777215 0 0 4 96
t1   13   44    29.578   -12.251    11.472 3997448 0 0 6 9
t1   15   44    22.638   -22.638    11.472 16777215 0 0 7 9
t1   18   44     6.246   -31.400    11.472 3997448 0 0 8 96
t1    4   44     6.246    31.400    11.472 3997448 0 0 1 96
t1    7   44    22.638    22.638    11.472 3997448 0 0 3 9
t1   10   44    31.400     6.246    11.472 3997448 0 0 4 96
t1   14   45    27.224   -18.191     8.561 5439240 0 0 6 97
t1   16   45    18.191   -27.224     8.561 5439240 0 0 7 97
t1    5   45    12.530    30.250     8.561 5439240 0 0 2 8
t1    8   45    27.224    18.191     8.561 5439240 0 0 3 97
t1   11   45    32.742     0.000     8.561 5439240 0 0 5 8
t1   14   45    27.224   -18.191     8.561 5439240 0 0 6 97
t1   16   45    18.191   -27.224     8.561 5439240 0 0 7 97
t1    5   45    12.530    30.250     8.561 5439240 0 0 2 8
t1    8   45    27.224    18.191     8.561 5439240 0 0 3 97
t1   11   45    32.742     0.000     8.561 5439240 0 0 5 8
t1   14   45    27.224   -18.191     8.561 5439240 0 0 6 97
t1   16   45    18.191   -27.224     8.561 5439240 0 0 7 97
t1    5   45    12.530    30.250     8.561 5439240 0 0 2 8
t1    8   45    27.224    18.191     8.561 5439240 0 0 3 97
t1   11   45    32.742     0.000     8.561 5439240 0 0 5 8
t1   14   45    27.224   -18.191     8.561 16777215 0 0 6 97
t1   16   45    18.191   -27.224     8.561 5439240 0 0 7 97
t1    5   45    12.530    30.250     8.561 16777215 0 0 2 8
t1    8   45    27.224    18.191     8.561 5439240 0 0 3 97
t1   11   45    32.742     0.000     8.561 5439240 0 0 5 8
t1   14   45    27.224   -18.191     8.561 5439240 0 0 6 97
t1   16   45    18.191   -27.224     8.561 16777215 0 0 7 97
t1    5   45    12.530    30.250     8.561 5439240 0 0 2 8
t1    8   45    27.224    18.191     8.561 16777215 0 0 3 97
t1   11   45    32.742     0.000     8.561 5439240 0 0 5 8
t1   14   45    27.224   -18.191     8.561 5439240 0 0 6 97
t1   16   45    18.191   -27.224     8.561 5439240 0 0 7 97
t1    5   45    12.530    30.250     8.561 5439240 0 0 2 8
t1    8   45    27.224    18.191     8.561 5439240 0 0 3 97
t1   11   45    32.742     0.000     8.561 5439240 0 0 5 8
t1   15   46    23.667   -23.667     5.651 6946568 0 0 7 7
t1   17   46    12.808   -30.922     5.651 6946568 0 0 8 7
t1    3   46     0.000    33.470     5.651 6946568 0 0 1 7
t1    6   46    18.595    27.829     5.651 6946568 0 0 2 98
t1    9   46    30.922    12.808     5.651 6946568 0 0 4 7
t1   12   46    32.827    -6.530     5.651 6946568 0 0 5 98
t1   15   46    23.667   -23.667     5.651 6946568 0 0 7 7
t1   17   46    12.808   -30.922     5.651 6946568 0 0 8 7
t1    3   46     0.000    33.470     5.651 6946568 0 0 1 7
t1    6   46    18.595    27.829     5.651 6946568 0 0 2 98
t1    9   46    30.922    12.808     5.651 6946568 0 0 4 7
t1   12   46    32.827    -6.530     5.651 6946568 0 0 5 98
t1   15   46    23.667   -23.667     5.651 6946568 0 0 7 7
t1   17   46    12.808   -30.922     5.651 6946568 0 0 8 7
t1    3   46     0.000    33.470     5.651 6946568 0 0 1 7
t1    6   46    18.595    27.829     5.651 6946568 0 0 2 98
t1    9   46    30.922    12.808     5.651 6946568 0 0 4 7
t1   12   46    32.827    -6.530     5.651 6946568 0 0 5 98
t1   15   46    23.667   -23.667     5.651 6946568 0 0 7 7
t1   17   46    12.808   -30.922     5.651 6946568 0 0 8 7
t1    3   46     0.000    33.470     5.651 6946568 0 0 1 7
t1    6   46    18.595    27.829     5.651 6946568 0 0 2 98
t1    9   46    30.922    12.808     5.651 6946568 0 0 4 7
t1   12   46    32.827    -6.530     5.651 6946568 0 0 5 98
t1   15   46    23.667   -23.667     5.651 6946568 0 0 7 7
t1   17   46    12.808   -30.922     5.651 16777215 0 0 8 7
t1    3   46     0.000    33.470     5.651 6946568 0 0 1 7
t1    6   46    18.595    27.829     5.651 6946568 0 0 2 98
t1    9   46    30.922    12.808     5.651 16777215 0 0 4 7
t1   12   46    32.827    -6.530     5.651 6946568 0 0 5 98
t1   16   47    18.999   -28.434     2.741 8388360 0 0 7 99
t1   18   47     6.672   -33.540     2.741 8388360 0 0 8 99
t1    4   47     6.672    33.540     2.741 8388360 0 0 1 99
t1    7   47    24.181    24.181     2.741 8388360 0 0 3 6
t1   10   47    33.540     6.672     2.741 8388360 0 0 4 99
t1   13   47    31.594   -13.087     2.741 16777215 0 0 6 6
t1   16   47    18.999   -28.434     2.741 8388360 0 0 7 99
t1   18   47     6.672   -33.540     2.741 8388360 0 0 8 99
t1    4   47     6.672    33.540     2.741 16777215 0 0 1 99
t1    7   47    24.181    24.181     2.741 8388360 0 0 3 6
t1   10   47    33.540     6.672     2.741 8388360 0 0 4 99
t1   13   47    31.594   -13.087     2.741 8388360 0 0 6 6
t1   16   47    18.999   -28.434     2.741 8388360 0 0 7 99
t1   18   47     6.672   -33.540     2.741 16777215 0 0 8 99
t1    4   47     6.672    33.540     2.741 8388360 0 0 1 99
t1    7   47    24.181    24.181     2.741 8388360 0 0 3 6
t1   10   47    33.540     6.672     2.741 16777215 0 0 4 99
t1   13   47    31.594   -13.087     2.741 8388360 0 0 6 6
t1   16   47    18.999   -28.434     2.741 16777215 0 0 7 99
t1   18   47     6.672   -33.540     2.741 8388360 0 0 8 99
t1    4   47     6.672    33.540     2.741 8388360 0 0 1 99
t1    7   47    24.181    24.181     2.741 8388360 0 0 3 6
t1   10   47    33.540     6.672     2.741 8388360 0 0 4 99
t1   13   47    31.594   -13.087     2.741 8388360 0 0 6 6
t1   16   47    18.999   -28.434     2.741 8388360 0 0 7 99
t1   18   47     6.672   -33.540     2.741 8388360 0 0 8 99
t1    4   47     6.672    33.540     2.741 8388360 0 0 1 99
t1    7   47    24.181    24.181     2.741 8388360 0 0 3 6
t1   10   47    33.540     6.672     2.741 8388360 0 0 4 99
t1   13   47    31.594   -13.087     2.741 8388360 0 0 6 6
t1   16   47    18.999   -28.434     2.741 8388360 0 0 7 99
t1   18   47     6.672   -33.540     2.741 8388360 0 0 8 99
t1    4   47     6.672    33.540     2.741 8388360 0 0 1 99
t1    7   47    24.181    24.181     2.741 8388360 0 0 3 6
t1   10   47    33.540     6.672     2.741 8388360 0 0 4 99
t1   13   47    31.594   -13.087     2.741 8388360 0 0 6 6
t1   17   48    13.365   -32.267    -0.170 9895688 0 0 8 5
t1    5   48    13.365    32.267    -0.170 9895688 0 0 2 5
t1    8   48    29.039    19.403    -0.170 9895688 0 0 3 100
t1   11   48    34.925     0.000    -0.170 9895688 0 0 5 5
t1   14   48    29.039   -19.403    -0.170 9895688 0 0 6 100
t1   17   48    13.365   -32.267    -0.170 9895688 0 0 8 5
t1    5   48    13.365    32.267    -0.170 9895688 0 0 2 5
t1    8   48    29.039    19.403    -0.170 9895688 0 0 3 100
t1   11   48    34.925     0.000    -0.170 9895688 0 0 5 5
t1   14   48    29.039   -19.403    -0.170 9895688 0 0 6 100
t1   17   48    13.365   -32.267    -0.170 9895688 0 0 8 5
t1    5   48    13.365    32.267    -0.170 9895688 0 0 2 5
t1    8   48    29.039    19.403    -0.170 9895688 0 0 3 100
t1   11   48    34.925     0.000    -0.170 9895688 0 0 5 5
t1   14   48    29.039   -19.403    -0.170 9895688 0 0 6 100
t1   17   48    13.365   -32.267    -0.170 9895688 0 0 8 5
t1    5   48    13.365    32.267    -0.170 9895688 0 0 2 5
t1    8   48    29.039    19.403    -0.170 9895688 0 0 3 100
t1   11   48    34.925     0.000    -0.170 9895688 0 0 5 5
t1   14   48    29.039   -19.403    -0.170 9895688 0 0 6 100
t1   17   48    13.365   -32.267    -0.170 9895688 0 0 8 5
t1    5   48    13.365    32.267    -0.170 9895688 0 0 2 5
t1    8   48    29.039    19.403    -0.170 9895688 0 0 3 100
t1   11   48    34.925     0.000    -0.170 9895688 0 0 5 5
t1   14   48    29.039   -19.403    -0.170 9895688 0 0 6 100
t1   18   49     6.956   -34.968    -3.080 11337480 0 0 8 101
t1    3   49     0.000    35.653    -3.080 11337480 0 0 1 4
t1    6   49    19.808    29.644    -3.080 11337480 0 0 2 101
t1    9   49    32.939    13.644    -3.080 11337480 0 0 4 4
t1   12   49    34.968    -6.956    -3.080 11337480 0 0 5 101
t1   15   49    25.210   -25.210    -3.080 11337480 0 0 7 4
t1   18   49     6.956   -34.968    -3.080 11337480 0 0 8 101
t1    3   49     0.000    35.653    -3.080 11337480 0 0 1 4
t1    6   49    19.808    29.644    -3.080 11337480 0 0 2 101
t1    9   49    32.939    13.644    -3.080 11337480 0 0 4 4
t1   12   49    34.968    -6.956    -3.080 11337480 0 0 5 101
t1   15   49    25.210   -25.210    -3.080 11337480 0 0 7 4
t1   18   49     6.956   -34.968    -3.080 11337480 0 0 8 101
t1    3   49     0.000    35.653    -3.080 11337480 0 0 1 4
t1    6   49    19.808    29.644    -3.080 11337480 0 0 2 101
t1    9   49    32.939    13.644    -3.080 11337480 0 0 4 4
t1   12   49    34.968    -6.956    -3.080 11337480 0 0 5 101
t1   15   49    25.210   -25.210    -3.080 11337480 0 0 7 4
t1   18   49     6.956   -34.968    -3.080 11337480 0 0 8 101
t1    3   49     0.000    35.653    -3.080 11337480 0 0 1 4
t1    6   49    19.808    29.644    -3.080 11337480 0 0 2 101
t1    9   49    32.939    13.644    -3.080 11337480 0 0 4 4
t1   12   49    34.968    -6.956    -3.080 11337480 0 0 5 101
t1   15   49    25.210   -25.210    -3.080 11337480 0 0 7 4
t1   18   49     6.956   -34.968    -3.080 11337480 0 0 8 101
t1    3   49     0.000    35.653    -3.080 11337480 0 0 1 4
t1    6   49    19.808    29.644    -3.080 11337480 0 0 2 101
t1    9   49    32.939    13.644    -3.080 11337480 0 0 4 4
t1   12   49    34.968    -6.956    -3.080 11337480 0 0 5 101
t1   15   49    25.210   -25.210    -3.080 11337480 0 0 7 4
t1   18   49     6.956   -34.968    -3.080 11337480 0 0 8 101
t1    3   49     0.000    35.653    -3.080 11337480 0 0 1 4
t1    6   49    19.808    29.644    -3.080 11337480 0 0 2 101
t1    9   49    32.939    13.644    -3.080 11337480 0 0 4 4
t1   12   49    34.968    -6.956    -3.080 11337480 0 0 5 101
t1   15   49    25.210   -25.210    -3.080 11337480 0 0 7 4
t1    4   50     7.097    35.681    -5.991 12779272 0 0 1 102
t1    7   50    25.725    25.725    -5.991 12779272 0 0 3 3
t1   10   50    35.681     7.097    -5.991 16777215 0 0 4 102
t1   13   50    33.611   -13.922    -5.991 12779272 0 0 6 3
t1   16   50    20.212   -30.249    -5.991 16777215 0 0 7 102
t1    4   50     7.097    35.681    -5.991 12779272 0 0 1 102
t1    7   50    25.725    25.725    -5.991 16777215 0 0 3 3
t1   10   50    35.681     7.097    -5.991 12779272 0 0 4 102
t1   13   50    33.611   -13.922    -5.991 12779272 0 0 6 3
t1   16   50    20.212   -30.249    -5.991 12779272 0 0 7 102
t1    4   50     7.097    35.681    -5.991 12779272 0 0 1 102
t1    7   50    25.725    25.725    -5.991 12779272 0 0 3 3
t1   10   50    35.681     7.097    -5.991 12779272 0 0 4 102
t1   13   50    33.611   -13.922    -5.991 12779272 0 0 6 3
t1   16   50    20.212   -30.249    -5.991 12779272 0 0 7 102
t1    4   50     7.097    35.681    -5.991 12779272 0 0 1 102
t1    7   50    25.725    25.725    -5.991 12779272 0 0 3 3
t1   10   50    35.681     7.097    -5.991 12779272 0 0 4 102
t1   13   50    33.611   -13.922    -5.991 12779272 0 0 6 3
t1   16   50    20.212   -30.249    -5.991 12779272 0 0 7 102
t1    4   50     7.097    35.681    -5.991 12779272 0 0 1 102
t1    7   50    25.725    25.725    -5.991 12779272 0 0 3 3
t1   10   50    35.681     7.097    -5.991 12779272 0 0 4 102
t1   13   50    33.611   -13.922    -5.991 12779272 0 0 6 3
t1   16   50    20.212   -30.249    -5.991 12779272 0 0 7 102
t1    5   51    14.201    34.283    -8.901 16777215 0 0 2 2
t1    8   51    30.854    20.616    -8.901 14286600 0 0 3 103
t1   11   51    37.108     0.000    -8.901 14286600 0 0 5 2
t1   14   51    30.854   -20.616    -8.901 14286600 0 0 6 103
t1   17   51    14.201   -34.283    -8.901 16777215 0 0 8 2
t1    5   51    14.201    34.283    -8.901 14286600 0 0 2 2
t1    8   51    30.854    20.616    -8.901 16777215 0 0 3 103
t1   11   51    37.108     0.000    -8.901 14286600 0 0 5 2
t1   14   51    30.854   -20.616    -8.901 14286600 0 0 6 103
t1   17   51    14.201   -34.283    -8.901 14286600 0 0 8 2
t1    5   51    14.201    34.283    -8.901 14286600 0 0 2 2
t1    8   51    30.854    20.616    -8.901 14286600 0 0 3 103
t1   11   51    37.108     0.000    -8.901 16777215 0 0 5 2
t1   14   51    30.854   -20.616    -8.901 14286600 0 0 6 103
t1   17   51    14.201   -34.283    -8.901 14286600 0 0 8 2
t1    5   51    14.201    34.283    -8.901 14286600 0 0 2 2
t1    8   51    30.854    20.616    -8.901 14286600 0 0 3 103
t1   11   51    37.108     0.000    -8.901 14286600 0 0 5 2
t1   14   51    30.854   -20.616    -8.901 14286600 0 0 6 103
t1   17   51    14.201   -34.283    -8.901 14286600 0 0 8 2
t1    5   51    14.201    34.283    -8.901 14286600 0 0 2 2
t1    8   51    30.854    20.616    -8.901 14286600 0 0 3 103
t1   11   51    37.108     0.000    -8.901 14286600 0 0 5 2
t1   14   51    30.854   -20.616    -8.901 14286600 0 0 6 103
t1   17   51    14.201   -34.283    -8.901 14286600 0 0 8 2
t1    5   51    14.201    34.283    -8.901 14286600 0 0 2 2
t1    8   51    30.854    20.616    -8.901 14286600 0 0 3 103
t1   11   51    37.108     0.000    -8.901 14286600 0 0 5 2
t1   14   51    30.854   -20.616    -8.901 14286600 0 0 6 103
t1   17   51    14.201   -34.283    -8.901 14286600 0 0 8 2
t1    3   52     0.000    37.836   -11.812 15728392 0 0 1 1
t1    6   52    21.020    31.459   -11.812 15728392 0 0 2 104
t1    9   52    34.955    14.479   -11.812 15728392 0 0 4 1
t1   12   52    37.109    -7.381   -11.812 15728392 0 0 5 104
t1   15   52    26.754   -26.754   -11.812 15728392 0 0 7 1
t1   18   52     7.381   -37.109   -11.812 15728392 0 0 8 104
t1    3   52     0.000    37.836   -11.812 15728392 0 0 1 1
t1    6   52    21.020    31.459   -11.812 15728392 0 0 2 104
t1    9   52    34.955    14.479   -11.812 15728392 0 0 4 1
t1   12   52    37.109    -7.381   -11.812 15728392 0 0 5 104
t1   15   52    26.754   -26.754   -11.812 15728392 0 0 7 1
t1   18   52     7.381   -37.109   -11.812 15728392 0 0 8 104
t1    3   52     0.000    37.836   -11.812 15728392 0 0 1 1
t1    6   52    21.020    31.459   -11.812 15728392 0 0 2 104
t1    9   52    34.955    14.479   -11.812 15728392 0 0 4 1
t1   12   52    37.109    -7.381   -11.812 16777215 0 0 5 104
t1   15   52    26.754   -26.754   -11.812 15728392 0 0 7 1
t1   18   52     7.381   -37.109   -11.812 15728392 0 0 8 104
t1    3   52     0.000    37.836   -11.812 16777215 0 0 1 1
t1    6   52    21.020    31.459   -11.812 15728392 0 0 2 104
t1    9   52    34.955    14.479   -11.812 15728392 0 0 4 1
t1   12   52    37.109    -7.381   -11.812 15728392 0 0 5 104
t1   15   52    26.754   -26.754   -11.812 16777215 0 0 7 1
t1   18   52     7.381   -37.109   -11.812 16777215 0 0 8 104
t1    3   52     0.000    37.836   -11.812 15728392 0 0 1 1
t1    6   52    21.020    31.459   -11.812 16777215 0 0 2 104
t1    9   52    34.955    14.479   -11.812 16777215 0 0 4 1
t1   12   52    37.109    -7.381   -11.812 15728392 0 0 5 104
t1   15   52    26.754   -26.754   -11.812 16777215 0 0 7 1
t1   18   52     7.381   -37.109   -11.812 15728392 0 0 8 104
