#    workspaces/2/AA+SEAN33_d_32.dat
t1    2    1     0.000     0.728   136.620 16713046 0 0 1 52
t1    4    1     0.278     0.672   136.620 16713046 0 0 2 52
t1    7    1     0.605     0.404   136.620 16713046 0 0 3 53
t1   10    1     0.728     0.000   136.620 16713046 0 0 5 52
t1   13    1     0.605    -0.404   136.620 16713046 0 0 6 53
t1   16    1     0.278    -0.672   136.620 16713046 0 0 8 52
t1    2    1     0.000     0.728   136.620 16713046 0 0 1 52
t1    4    1     0.278     0.672   136.620 16713046 0 0 2 52
t1    7    1     0.605     0.404   136.620 16713046 0 0 3 53
t1   10    1     0.728     0.000   136.620 16713046 0 0 5 52
t1   13    1     0.605    -0.404   136.620 16713046 0 0 6 53
t1   16    1     0.278    -0.672   136.620 16777215 0 0 8 52
t1    2    1     0.000     0.728   136.620 16713046 0 0 1 52
t1    4    1     0.278     0.672   136.620 16777215 0 0 2 52
t1    7    1     0.605     0.404   136.620 16713046 0 0 3 53
t1   10    1     0.728     0.000   136.620 16713046 0 0 5 52
t1   13    1     0.605    -0.404   136.620 16713046 0 0 6 53
t1   16    1     0.278    -0.672   136.620 16713046 0 0 8 52
t1    2    1     0.000     0.728   136.620 16713046 0 0 1 52
t1    4    1     0.278     0.672   136.620 16713046 0 0 2 52
t1    7    1     0.605     0.404   136.620 16713046 0 0 3 53
t1   10    1     0.728     0.000   136.620 16713046 0 0 5 52
t1   13    1     0.605    -0.404   136.620 16713046 0 0 6 53
t1   16    1     0.278    -0.672   136.620 16713046 0 0 8 52
t1    2    1     0.000     0.728   136.620 16713046 0 0 1 52
t1    4    1     0.278     0.672   136.620 16713046 0 0 2 52
t1    7    1     0.605     0.404   136.620 16713046 0 0 3 53
t1   10    1     0.728     0.000   136.620 16713046 0 0 5 52
t1   13    1     0.605    -0.404   136.620 16713046 0 0 6 53
t1   16    1     0.278    -0.672   136.620 16713046 0 0 8 52
t1    2    1     0.000     0.728   136.620 16713046 0 0 1 52
t1    4    1     0.278     0.672   136.620 16713046 0 0 2 52
t1    7    1     0.605     0.404   136.620 16713046 0 0 3 53
t1   10    1     0.728     0.000   136.620 16713046 0 0 5 52
t1   13    1     0.605    -0.404   136.620 16713046 0 0 6 53
t1   16    1     0.278    -0.672   136.620 16713046 0 0 8 52
t1    3    2     0.284     1.427   133.710 16713068 0 0 1 54
t1    5    2     0.808     1.210   133.710 16713068 0 0 2 54
t1    8    2     1.344     0.557   133.710 16713068 0 0 4 51
t1   11    2     1.427    -0.284   133.710 16777215 0 0 5 54
t1   14    2     1.029    -1.029   133.710 16713068 0 0 7 51
t1   17    2     0.284    -1.427   133.710 16713068 0 0 8 54
t1    3    2     0.284     1.427   133.710 16713068 0 0 1 54
t1    5    2     0.808     1.210   133.710 16713068 0 0 2 54
t1    8    2     1.344     0.557   133.710 16713068 0 0 4 51
t1   11    2     1.427    -0.284   133.710 16713068 0 0 5 54
t1   14    2     1.029    -1.029   133.710 16713068 0 0 7 51
t1   17    2     0.284    -1.427   133.710 16713068 0 0 8 54
t1    3    2     0.284     1.427   133.710 16777215 0 0 1 54
t1    5    2     0.808     1.210   133.710 16713068 0 0 2 54
t1    8    2     1.344     0.557   133.710 16713068 0 0 4 51
t1   11    2     1.427    -0.284   133.710 16713068 0 0 5 54
t1   14    2     1.029    -1.029   133.710 16713068 0 0 7 51
t1   17    2     0.284    -1.427   133.710 16713068 0 0 8 54
t1    3    2     0.284     1.427   133.710 16713068 0 0 1 54
t1    5    2     0.808     1.210   133.710 16713068 0 0 2 54
t1    8    2     1.344     0.557   133.710 16713068 0 0 4 51
t1   11    2     1.427    -0.284   133.710 16713068 0 0 5 54
t1   14    2     1.029    -1.029   133.710 16713068 0 0 7 51
t1   17    2     0.284    -1.427   133.710 16713068 0 0 8 54
t1    3    2     0.284     1.427   133.710 16713068 0 0 1 54
t1    5    2     0.808     1.210   133.710 16713068 0 0 2 54
t1    8    2     1.344     0.557   133.710 16713068 0 0 4 51
t1   11    2     1.427    -0.284   133.710 16777215 0 0 5 54
t1   14    2     1.029    -1.029   133.710 16713068 0 0 7 51
t1   17    2     0.284    -1.427   133.710 16713068 0 0 8 54
t1    3    2     0.284     1.427   133.710 16713068 0 0 1 54
t1    5    2     0.808     1.210   133.710 16713068 0 0 2 54
t1    8    2     1.344     0.557   133.710 16777215 0 0 4 51
t1   11    2     1.427    -0.284   133.710 16777215 0 0 5 54
t1   14    2     1.029    -1.029   133.710 16713068 0 0 7 51
t1   17    2     0.284    -1.427   133.710 16713068 0 0 8 54
t1    4    3     0.835     2.017   130.799 16713091 0 0 2 50
t1    6    3     1.543     1.543   130.799 16713091 0 0 3 50
t1    9    3     2.141     0.426   130.799 16713091 0 0 4 55
t1   12    3     2.017    -0.835   130.799 16713091 0 0 6 50
t1   15    3     1.213    -1.815   130.799 16713091 0 0 7 55
t1    4    3     0.835     2.017   130.799 16713091 0 0 2 50
t1    6    3     1.543     1.543   130.799 16713091 0 0 3 50
t1    9    3     2.141     0.426   130.799 16713091 0 0 4 55
t1   12    3     2.017    -0.835   130.799 16713091 0 0 6 50
t1   15    3     1.213    -1.815   130.799 16713091 0 0 7 55
t1    4    3     0.835     2.017   130.799 16713091 0 0 2 50
t1    6    3     1.543     1.543   130.799 16713091 0 0 3 50
t1    9    3     2.141     0.426   130.799 16713091 0 0 4 55
t1   12    3     2.017    -0.835   130.799 16713091 0 0 6 50
t1   15    3     1.213    -1.815   130.799 16713091 0 0 7 55
t1    4    3     0.835     2.017   130.799 16713091 0 0 2 50
t1    6    3     1.543     1.543   130.799 16713091 0 0 3 50
t1    9    3     2.141     0.426   130.799 16777215 0 0 4 55
t1   12    3     2.017    -0.835   130.799 16713091 0 0 6 50
t1   15    3     1.213    -1.815   130.799 16713091 0 0 7 55
t1    4    3     0.835     2.017   130.799 16713091 0 0 2 50
t1    6    3     1.543     1.543   130.799 16713091 0 0 3 50
t1    9    3     2.141     0.426   130.799 16713091 0 0 4 55
t1   12    3     2.017    -0.835   130.799 16713091 0 0 6 50
t1   15    3     1.213    -1.815   130.799 16713091 0 0 7 55
t1    5    4     1.617     2.420   127.889 16713114 0 0 2 56
t1    7    4     2.420     1.617   127.889 16713114 0 0 3 56
t1   10    4     2.910     0.000   127.889 16713114 0 0 5 49
t1   13    4     2.420    -1.617   127.889 16777215 0 0 6 56
t1   16    4     1.114    -2.689   127.889 16713114 0 0 8 49
t1    2    4     0.000     2.910   127.889 16713114 0 0 1 49
t1    5    4     1.617     2.420   127.889 16713114 0 0 2 56
t1    7    4     2.420     1.617   127.889 16713114 0 0 3 56
t1   10    4     2.910     0.000   127.889 16713114 0 0 5 49
t1   13    4     2.420    -1.617   127.889 16713114 0 0 6 56
t1   16    4     1.114    -2.689   127.889 16713114 0 0 8 49
t1    2    4     0.000     2.910   127.889 16713114 0 0 1 49
t1    5    4     1.617     2.420   127.889 16713114 0 0 2 56
t1    7    4     2.420     1.617   127.889 16713114 0 0 3 56
t1   10    4     2.910     0.000   127.889 16713114 0 0 5 49
t1   13    4     2.420    -1.617   127.889 16713114 0 0 6 56
t1   16    4     1.114    -2.689   127.889 16713114 0 0 8 49
t1    2    4     0.000     2.910   127.889 16713114 0 0 1 49
t1    5    4     1.617     2.420   127.889 16713114 0 0 2 56
t1    7    4     2.420     1.617   127.889 16713114 0 0 3 56
t1   10    4     2.910     0.000   127.889 16713114 0 0 5 49
t1   13    4     2.420    -1.617   127.889 16713114 0 0 6 56
t1   16    4     1.114    -2.689   127.889 16713114 0 0 8 49
t1    2    4     0.000     2.910   127.889 16713114 0 0 1 49
t1    5    4     1.617     2.420   127.889 16713114 0 0 2 56
t1    7    4     2.420     1.617   127.889 16713114 0 0 3 56
t1   10    4     2.910     0.000   127.889 16713114 0 0 5 49
t1   13    4     2.420    -1.617   127.889 16713114 0 0 6 56
t1   16    4     1.114    -2.689   127.889 16713114 0 0 8 49
t1    2    4     0.000     2.910   127.889 16713114 0 0 1 49
t1    5    4     1.617     2.420   127.889 16713114 0 0 2 56
t1    7    4     2.420     1.617   127.889 16713114 0 0 3 56
t1   10    4     2.910     0.000   127.889 16713114 0 0 5 49
t1   13    4     2.420    -1.617   127.889 16713114 0 0 6 56
t1   16    4     1.114    -2.689   127.889 16713114 0 0 8 49
t1    2    4     0.000     2.910   127.889 16713114 0 0 1 49
t1    6    5     2.572     2.572   124.979 16713136 0 0 3 48
t1    8    5     3.361     1.392   124.979 16713136 0 0 4 48
t1   11    5     3.568    -0.710   124.979 16713136 0 0 5 57
t1   14    5     2.572    -2.572   124.979 16713136 0 0 7 48
t1   17    5     0.710    -3.568   124.979 16777215 0 0 8 57
t1    3    5     0.710     3.568   124.979 16713136 0 0 1 57
t1    6    5     2.572     2.572   124.979 16713136 0 0 3 48
t1    8    5     3.361     1.392   124.979 16713136 0 0 4 48
t1   11    5     3.568    -0.710   124.979 16713136 0 0 5 57
t1   14    5     2.572    -2.572   124.979 16713136 0 0 7 48
t1   17    5     0.710    -3.568   124.979 16713136 0 0 8 57
t1    3    5     0.710     3.568   124.979 16713136 0 0 1 57
t1    6    5     2.572     2.572   124.979 16713136 0 0 3 48
t1    8    5     3.361     1.392   124.979 16713136 0 0 4 48
t1   11    5     3.568    -0.710   124.979 16713136 0 0 5 57
t1   14    5     2.572    -2.572   124.979 16713136 0 0 7 48
t1   17    5     0.710    -3.568   124.979 16713136 0 0 8 57
t1    3    5     0.710     3.568   124.979 16713136 0 0 1 57
t1    6    5     2.572     2.572   124.979 16713136 0 0 3 48
t1    8    5     3.361     1.392   124.979 16713136 0 0 4 48
t1   11    5     3.568    -0.710   124.979 16713136 0 0 5 57
t1   14    5     2.572    -2.572   124.979 16713136 0 0 7 48
t1   17    5     0.710    -3.568   124.979 16713136 0 0 8 57
t1    3    5     0.710     3.568   124.979 16713136 0 0 1 57
t1    6    5     2.572     2.572   124.979 16713136 0 0 3 48
t1    8    5     3.361     1.392   124.979 16777215 0 0 4 48
t1   11    5     3.568    -0.710   124.979 16713136 0 0 5 57
t1   14    5     2.572    -2.572   124.979 16713136 0 0 7 48
t1   17    5     0.710    -3.568   124.979 16713136 0 0 8 57
t1    3    5     0.710     3.568   124.979 16713136 0 0 1 57
t1    7    6     3.630     2.425   122.068 16713159 0 0 3 58
t1    9    6     4.282     0.852   122.068 16713159 0 0 4 58
t1   12    6     4.033    -1.671   122.068 16713159 0 0 6 47
t1   15    6     2.425    -3.630   122.068 16777215 0 0 7 58
t1    4    6     1.671     4.033   122.068 16713159 0 0 2 47
t1    7    6     3.630     2.425   122.068 16713159 0 0 3 58
t1    9    6     4.282     0.852   122.068 16713159 0 0 4 58
t1   12    6     4.033    -1.671   122.068 16713159 0 0 6 47
t1   15    6     2.425    -3.630   122.068 16713159 0 0 7 58
t1    4    6     1.671     4.033   122.068 16777215 0 0 2 47
t1    7    6     3.630     2.425   122.068 16713159 0 0 3 58
t1    9    6     4.282     0.852   122.068 16713159 0 0 4 58
t1   12    6     4.033    -1.671   122.068 16713159 0 0 6 47
t1   15    6     2.425    -3.630   122.068 16713159 0 0 7 58
t1    4    6     1.671     4.033   122.068 16713159 0 0 2 47
t1    7    6     3.630     2.425   122.068 16713159 0 0 3 58
t1    9    6     4.282     0.852   122.068 16713159 0 0 4 58
t1   12    6     4.033    -1.671   122.068 16713159 0 0 6 47
t1   15    6     2.425    -3.630   122.068 16713159 0 0 7 58
t1    4    6     1.671     4.033   122.068 16713159 0 0 2 47
t1    7    6     3.630     2.425   122.068 16713159 0 0 3 58
t1    9    6     4.282     0.852   122.068 16713159 0 0 4 58
t1   12    6     4.033    -1.671   122.068 16713159 0 0 6 47
t1   15    6     2.425    -3.630   122.068 16777215 0 0 7 58
t1    4    6     1.671     4.033   122.068 16713159 0 0 2 47
t1    7    6     3.630     2.425   122.068 16713159 0 0 3 58
t1    9    6     4.282     0.852   122.068 16713159 0 0 4 58
t1   12    6     4.033    -1.671   122.068 16713159 0 0 6 47
t1   15    6     2.425    -3.630   122.068 16713159 0 0 7 58
t1    4    6     1.671     4.033   122.068 16777215 0 0 2 47
t1    8    7     4.706     1.949   119.158 16713181 0 0 4 46
t1   10    7     5.093     0.000   119.158 16713181 0 0 5 46
t1   13    7     4.235    -2.830   119.158 16713181 0 0 6 59
t1   16    7     1.949    -4.706   119.158 16713181 0 0 8 46
t1    2    7     0.000     5.093   119.158 16777215 0 0 1 46
t1    5    7     2.830     4.235   119.158 16713181 0 0 2 59
t1    8    7     4.706     1.949   119.158 16713181 0 0 4 46
t1   10    7     5.093     0.000   119.158 16713181 0 0 5 46
t1   13    7     4.235    -2.830   119.158 16713181 0 0 6 59
t1   16    7     1.949    -4.706   119.158 16713181 0 0 8 46
t1    2    7     0.000     5.093   119.158 16713181 0 0 1 46
t1    5    7     2.830     4.235   119.158 16713181 0 0 2 59
t1    8    7     4.706     1.949   119.158 16713181 0 0 4 46
t1   10    7     5.093     0.000   119.158 16713181 0 0 5 46
t1   13    7     4.235    -2.830   119.158 16713181 0 0 6 59
t1   16    7     1.949    -4.706   119.158 16713181 0 0 8 46
t1    2    7     0.000     5.093   119.158 16713181 0 0 1 46
t1    5    7     2.830     4.235   119.158 16777215 0 0 2 59
t1    8    7     4.706     1.949   119.158 16713181 0 0 4 46
t1   10    7     5.093     0.000   119.158 16713181 0 0 5 46
t1   13    7     4.235    -2.830   119.158 16713181 0 0 6 59
t1   16    7     1.949    -4.706   119.158 16713181 0 0 8 46
t1    2    7     0.000     5.093   119.158 16713181 0 0 1 46
t1    5    7     2.830     4.235   119.158 16713181 0 0 2 59
t1    8    7     4.706     1.949   119.158 16713181 0 0 4 46
t1   10    7     5.093     0.000   119.158 16713181 0 0 5 46
t1   13    7     4.235    -2.830   119.158 16713181 0 0 6 59
t1   16    7     1.949    -4.706   119.158 16713181 0 0 8 46
t1    2    7     0.000     5.093   119.158 16777215 0 0 1 46
t1    5    7     2.830     4.235   119.158 16777215 0 0 2 59
t1    9    8     5.709     1.136   116.247 16713204 0 0 4 60
t1   11    8     5.709    -1.136   116.247 16713204 0 0 5 60
t1   14    8     4.116    -4.116   116.247 16713204 0 0 7 45
t1   17    8     1.136    -5.709   116.247 16713204 0 0 8 60
t1    3    8     1.136     5.709   116.247 16713204 0 0 1 60
t1    6    8     4.116     4.116   116.247 16713204 0 0 3 45
t1    9    8     5.709     1.136   116.247 16713204 0 0 4 60
t1   11    8     5.709    -1.136   116.247 16713204 0 0 5 60
t1   14    8     4.116    -4.116   116.247 16777215 0 0 7 45
t1   17    8     1.136    -5.709   116.247 16713204 0 0 8 60
t1    3    8     1.136     5.709   116.247 16713204 0 0 1 60
t1    6    8     4.116     4.116   116.247 16713204 0 0 3 45
t1    9    8     5.709     1.136   116.247 16713204 0 0 4 60
t1   11    8     5.709    -1.136   116.247 16713204 0 0 5 60
t1   14    8     4.116    -4.116   116.247 16713204 0 0 7 45
t1   17    8     1.136    -5.709   116.247 16713204 0 0 8 60
t1    3    8     1.136     5.709   116.247 16713204 0 0 1 60
t1    6    8     4.116     4.116   116.247 16713204 0 0 3 45
t1    9    8     5.709     1.136   116.247 16713204 0 0 4 60
t1   11    8     5.709    -1.136   116.247 16713204 0 0 5 60
t1   14    8     4.116    -4.116   116.247 16777215 0 0 7 45
t1   17    8     1.136    -5.709   116.247 16713204 0 0 8 60
t1    3    8     1.136     5.709   116.247 16713204 0 0 1 60
t1    6    8     4.116     4.116   116.247 16713204 0 0 3 45
t1    9    8     5.709     1.136   116.247 16777215 0 0 4 60
t1   11    8     5.709    -1.136   116.247 16713204 0 0 5 60
t1   14    8     4.116    -4.116   116.247 16713204 0 0 7 45
t1   17    8     1.136    -5.709   116.247 16713204 0 0 8 60
t1    3    8     1.136     5.709   116.247 16713204 0 0 1 60
t1    6    8     4.116     4.116   116.247 16713204 0 0 3 45
t1    9    8     5.709     1.136   116.247 16713204 0 0 4 60
t1   11    8     5.709    -1.136   116.247 16713204 0 0 5 60
t1   14    8     4.116    -4.116   116.247 16713204 0 0 7 45
t1   17    8     1.136    -5.709   116.247 16713204 0 0 8 60
t1    3    8     1.136     5.709   116.247 16713204 0 0 1 60
t1    6    8     4.116     4.116   116.247 16713204 0 0 3 45
t1   10    9     6.548     0.000   113.337 15992575 0 0 5 44
t1   12    9     6.050    -2.506   113.337 15992575 0 0 6 44
t1   15    9     3.638    -5.445   113.337 15992575 0 0 7 61
t1    4    9     2.506     6.050   113.337 15992575 0 0 2 44
t1    7    9     5.445     3.638   113.337 15992575 0 0 3 61
t1   10    9     6.548     0.000   113.337 15992575 0 0 5 44
t1   12    9     6.050    -2.506   113.337 15992575 0 0 6 44
t1   15    9     3.638    -5.445   113.337 15992575 0 0 7 61
t1    4    9     2.506     6.050   113.337 15992575 0 0 2 44
t1    7    9     5.445     3.638   113.337 15992575 0 0 3 61
t1   10    9     6.548     0.000   113.337 16777215 0 0 5 44
t1   12    9     6.050    -2.506   113.337 15992575 0 0 6 44
t1   15    9     3.638    -5.445   113.337 15992575 0 0 7 61
t1    4    9     2.506     6.050   113.337 15992575 0 0 2 44
t1    7    9     5.445     3.638   113.337 16777215 0 0 3 61
t1   10    9     6.548     0.000   113.337 15992575 0 0 5 44
t1   12    9     6.050    -2.506   113.337 15992575 0 0 6 44
t1   15    9     3.638    -5.445   113.337 15992575 0 0 7 61
t1    4    9     2.506     6.050   113.337 15992575 0 0 2 44
t1    7    9     5.445     3.638   113.337 15992575 0 0 3 61
t1   10    9     6.548     0.000   113.337 15992575 0 0 5 44
t1   12    9     6.050    -2.506   113.337 15992575 0 0 6 44
t1   15    9     3.638    -5.445   113.337 15992575 0 0 7 61
t1    4    9     2.506     6.050   113.337 15992575 0 0 2 44
t1    7    9     5.445     3.638   113.337 15992575 0 0 3 61
t1   11   10     7.136    -1.419   110.426 16777215 0 0 5 62
t1   13   10     6.050    -4.042   110.426 14485247 0 0 6 62
t1   16   10     2.784    -6.722   110.426 14485247 0 0 8 43
t1    2   10     0.000     7.276   110.426 14485247 0 0 1 43
t1    5   10     4.042     6.050   110.426 14485247 0 0 2 62
t1    8   10     6.722     2.784   110.426 14485247 0 0 4 43
t1   11   10     7.136    -1.419   110.426 14485247 0 0 5 62
t1   13   10     6.050    -4.042   110.426 14485247 0 0 6 62
t1   16   10     2.784    -6.722   110.426 14485247 0 0 8 43
t1    2   10     0.000     7.276   110.426 14485247 0 0 1 43
t1    5   10     4.042     6.050   110.426 14485247 0 0 2 62
t1    8   10     6.722     2.784   110.426 16777215 0 0 4 43
t1   11   10     7.136    -1.419   110.426 16777215 0 0 5 62
t1   13   10     6.050    -4.042   110.426 14485247 0 0 6 62
t1   16   10     2.784    -6.722   110.426 14485247 0 0 8 43
t1    2   10     0.000     7.276   110.426 14485247 0 0 1 43
t1    5   10     4.042     6.050   110.426 14485247 0 0 2 62
t1    8   10     6.722     2.784   110.426 14485247 0 0 4 43
t1   11   10     7.136    -1.419   110.426 14485247 0 0 5 62
t1   13   10     6.050    -4.042   110.426 14485247 0 0 6 62
t1   16   10     2.784    -6.722   110.426 14485247 0 0 8 43
t1    2   10     0.000     7.276   110.426 14485247 0 0 1 43
t1    5   10     4.042     6.050   110.426 14485247 0 0 2 62
t1    8   10     6.722     2.784   110.426 14485247 0 0 4 43
t1   11   10     7.136    -1.419   110.426 14485247 0 0 5 62
t1   13   10     6.050    -4.042   110.426 14485247 0 0 6 62
t1   16   10     2.784    -6.722   110.426 14485247 0 0 8 43
t1    2   10     0.000     7.276   110.426 14485247 0 0 1 43
t1    5   10     4.042     6.050   110.426 14485247 0 0 2 62
t1    8   10     6.722     2.784   110.426 14485247 0 0 4 43
t1   11   10     7.136    -1.419   110.426 14485247 0 0 5 62
t1   13   10     6.050    -4.042   110.426 14485247 0 0 6 62
t1   16   10     2.784    -6.722   110.426 14485247 0 0 8 43
t1    2   10     0.000     7.276   110.426 14485247 0 0 1 43
t1    5   10     4.042     6.050   110.426 14485247 0 0 2 62
t1    8   10     6.722     2.784   110.426 14485247 0 0 4 43
t1   12   11     7.394    -3.063   107.516 12977919 0 0 6 42
t1   14   11     5.659    -5.659   107.516 16777215 0 0 7 42
t1   17   11     1.561    -7.850   107.516 12977919 0 0 8 63
t1    3   11     1.561     7.850   107.516 12977919 0 0 1 63
t1    6   11     5.659     5.659   107.516 12977919 0 0 3 42
t1    9   11     7.850     1.561   107.516 12977919 0 0 4 63
t1   12   11     7.394    -3.063   107.516 12977919 0 0 6 42
t1   14   11     5.659    -5.659   107.516 12977919 0 0 7 42
t1   17   11     1.561    -7.850   107.516 12977919 0 0 8 63
t1    3   11     1.561     7.850   107.516 12977919 0 0 1 63
t1    6   11     5.659     5.659   107.516 12977919 0 0 3 42
t1    9   11     7.850     1.561   107.516 12977919 0 0 4 63
t1   12   11     7.394    -3.063   107.516 12977919 0 0 6 42
t1   14   11     5.659    -5.659   107.516 12977919 0 0 7 42
t1   17   11     1.561    -7.850   107.516 12977919 0 0 8 63
t1    3   11     1.561     7.850   107.516 12977919 0 0 1 63
t1    6   11     5.659     5.659   107.516 12977919 0 0 3 42
t1    9   11     7.850     1.561   107.516 12977919 0 0 4 63
t1   12   11     7.394    -3.063   107.516 12977919 0 0 6 42
t1   14   11     5.659    -5.659   107.516 12977919 0 0 7 42
t1   17   11     1.561    -7.850   107.516 12977919 0 0 8 63
t1    3   11     1.561     7.850   107.516 12977919 0 0 1 63
t1    6   11     5.659     5.659   107.516 16777215 0 0 3 42
t1    9   11     7.850     1.561   107.516 12977919 0 0 4 63
t1   12   11     7.394    -3.063   107.516 12977919 0 0 6 42
t1   14   11     5.659    -5.659   107.516 16777215 0 0 7 42
t1   17   11     1.561    -7.850   107.516 12977919 0 0 8 63
t1    3   11     1.561     7.850   107.516 12977919 0 0 1 63
t1    6   11     5.659     5.659   107.516 12977919 0 0 3 42
t1    9   11     7.850     1.561   107.516 12977919 0 0 4 63
t1   13   12     7.260    -4.851   104.606 11536127 0 0 6 64
t1   15   12     4.851    -7.260   104.606 11536127 0 0 7 64
t1    4   12     3.341     8.067   104.606 11536127 0 0 2 41
t1    7   12     7.260     4.851   104.606 16777215 0 0 3 64
t1   10   12     8.731     0.000   104.606 11536127 0 0 5 41
t1   13   12     7.260    -4.851   104.606 11536127 0 0 6 64
t1   15   12     4.851    -7.260   104.606 11536127 0 0 7 64
t1    4   12     3.341     8.067   104.606 11536127 0 0 2 41
t1    7   12     7.260     4.851   104.606 11536127 0 0 3 64
t1   10   12     8.731     0.000   104.606 11536127 0 0 5 41
t1   13   12     7.260    -4.851   104.606 11536127 0 0 6 64
t1   15   12     4.851    -7.260   104.606 16777215 0 0 7 64
t1    4   12     3.341     8.067   104.606 11536127 0 0 2 41
t1    7   12     7.260     4.851   104.606 11536127 0 0 3 64
t1   10   12     8.731     0.000   104.606 11536127 0 0 5 41
t1   13   12     7.260    -4.851   104.606 11536127 0 0 6 64
t1   15   12     4.851    -7.260   104.606 11536127 0 0 7 64
t1    4   12     3.341     8.067   104.606 11536127 0 0 2 41
t1    7   12     7.260     4.851   104.606 11536127 0 0 3 64
t1   10   12     8.731     0.000   104.606 11536127 0 0 5 41
t1   13   12     7.260    -4.851   104.606 16777215 0 0 6 64
t1   15   12     4.851    -7.260   104.606 16777215 0 0 7 64
t1    4   12     3.341     8.067   104.606 11536127 0 0 2 41
t1    7   12     7.260     4.851   104.606 11536127 0 0 3 64
t1   10   12     8.731     0.000   104.606 11536127 0 0 5 41
t1   13   12     7.260    -4.851   104.606 11536127 0 0 6 64
t1   15   12     4.851    -7.260   104.606 11536127 0 0 7 64
t1    4   12     3.341     8.067   104.606 11536127 0 0 2 41
t1    7   12     7.260     4.851   104.606 11536127 0 0 3 64
t1   10   12     8.731     0.000   104.606 11536127 0 0 5 41
t1   14   13     6.688    -6.688   101.695 10028799 0 0 7 40
t1   16   13     3.620    -8.739   101.695 10028799 0 0 8 40
t1    2   13     0.000     9.459   101.695 10028799 0 0 1 40
t1    5   13     5.255     7.865   101.695 10028799 0 0 2 65
t1    8   13     8.739     3.620   101.695 10028799 0 0 4 40
t1   11   13     9.277    -1.845   101.695 10028799 0 0 5 65
t1   14   13     6.688    -6.688   101.695 10028799 0 0 7 40
t1   16   13     3.620    -8.739   101.695 10028799 0 0 8 40
t1    2   13     0.000     9.459   101.695 10028799 0 0 1 40
t1    5   13     5.255     7.865   101.695 10028799 0 0 2 65
t1    8   13     8.739     3.620   101.695 10028799 0 0 4 40
t1   11   13     9.277    -1.845   101.695 10028799 0 0 5 65
t1   14   13     6.688    -6.688   101.695 10028799 0 0 7 40
t1   16   13     3.620    -8.739   101.695 10028799 0 0 8 40
t1    2   13     0.000     9.459   101.695 16777215 0 0 1 40
t1    5   13     5.255     7.865   101.695 10028799 0 0 2 65
t1    8   13     8.739     3.620   101.695 10028799 0 0 4 40
t1   11   13     9.277    -1.845   101.695 10028799 0 0 5 65
t1   14   13     6.688    -6.688   101.695 10028799 0 0 7 40
t1   16   13     3.620    -8.739   101.695 10028799 0 0 8 40
t1    2   13     0.000     9.459   101.695 10028799 0 0 1 40
t1    5   13     5.255     7.865   101.695 10028799 0 0 2 65
t1    8   13     8.739     3.620   101.695 10028799 0 0 4 40
t1   11   13     9.277    -1.845   101.695 10028799 0 0 5 65
t1   14   13     6.688    -6.688   101.695 10028799 0 0 7 40
t1   16   13     3.620    -8.739   101.695 10028799 0 0 8 40
t1    2   13     0.000     9.459   101.695 16777215 0 0 1 40
t1    5   13     5.255     7.865   101.695 10028799 0 0 2 65
t1    8   13     8.739     3.620   101.695 10028799 0 0 4 40
t1   11   13     9.277    -1.845   101.695 10028799 0 0 5 65
t1   15   14     5.659    -8.470    98.785 8587007 0 0 7 66
t1   17   14     1.987    -9.991    98.785 8587007 0 0 8 66
t1    3   14     1.987     9.991    98.785 8587007 0 0 1 66
t1    6   14     7.203     7.203    98.785 8587007 0 0 3 39
t1    9   14     9.991     1.987    98.785 8587007 0 0 4 66
t1   12   14     9.411    -3.898    98.785 16777215 0 0 6 39
t1   15   14     5.659    -8.470    98.785 8587007 0 0 7 66
t1   17   14     1.987    -9.991    98.785 8587007 0 0 8 66
t1    3   14     1.987     9.991    98.785 8587007 0 0 1 66
t1    6   14     7.203     7.203    98.785 8587007 0 0 3 39
t1    9   14     9.991     1.987    98.785 8587007 0 0 4 66
t1   12   14     9.411    -3.898    98.785 8587007 0 0 6 39
t1   15   14     5.659    -8.470    98.785 8587007 0 0 7 66
t1   17   14     1.987    -9.991    98.785 8587007 0 0 8 66
t1    3   14     1.987     9.991    98.785 8587007 0 0 1 66
t1    6   14     7.203     7.203    98.785 8587007 0 0 3 39
t1    9   14     9.991     1.987    98.785 8587007 0 0 4 66
t1   12   14     9.411    -3.898    98.785 16777215 0 0 6 39
t1   15   14     5.659    -8.470    98.785 8587007 0 0 7 66
t1   17   14     1.987    -9.991    98.785 8587007 0 0 8 66
t1    3   14     1.987     9.991    98.785 8587007 0 0 1 66
t1    6   14     7.203     7.203    98.785 8587007 0 0 3 39
t1    9   14     9.991     1.987    98.785 8587007 0 0 4 66
t1   12   14     9.411    -3.898    98.785 8587007 0 0 6 39
t1   15   14     5.659    -8.470    98.785 8587007 0 0 7 66
t1   17   14     1.987    -9.991    98.785 8587007 0 0 8 66
t1    3   14     1.987     9.991    98.785 8587007 0 0 1 66
t1    6   14     7.203     7.203    98.785 8587007 0 0 3 39
t1    9   14     9.991     1.987    98.785 8587007 0 0 4 66
t1   12   14     9.411    -3.898    98.785 8587007 0 0 6 39
t1   15   14     5.659    -8.470    98.785 8587007 0 0 7 66
t1   17   14     1.987    -9.991    98.785 8587007 0 0 8 66
t1    3   14     1.987     9.991    98.785 8587007 0 0 1 66
t1    6   14     7.203     7.203    98.785 8587007 0 0 3 39
t1    9   14     9.991     1.987    98.785 8587007 0 0 4 66
t1   12   14     9.411    -3.898    98.785 8587007 0 0 6 39
t1   16   15     4.177   -10.083    95.874 7079679 0 0 8 38
t1    4   15     4.177    10.083    95.874 7079679 0 0 2 38
t1    7   15     9.075     6.064    95.874 7079679 0 0 3 67
t1   10   15    10.914     0.000    95.874 7079679 0 0 5 38
t1   13   15     9.075    -6.064    95.874 7079679 0 0 6 67
t1   16   15     4.177   -10.083    95.874 7079679 0 0 8 38
t1    4   15     4.177    10.083    95.874 7079679 0 0 2 38
t1    7   15     9.075     6.064    95.874 16777215 0 0 3 67
t1   10   15    10.914     0.000    95.874 7079679 0 0 5 38
t1   13   15     9.075    -6.064    95.874 7079679 0 0 6 67
t1   16   15     4.177   -10.083    95.874 7079679 0 0 8 38
t1    4   15     4.177    10.083    95.874 7079679 0 0 2 38
t1    7   15     9.075     6.064    95.874 7079679 0 0 3 67
t1   10   15    10.914     0.000    95.874 7079679 0 0 5 38
t1   13   15     9.075    -6.064    95.874 7079679 0 0 6 67
t1   16   15     4.177   -10.083    95.874 7079679 0 0 8 38
t1    4   15     4.177    10.083    95.874 7079679 0 0 2 38
t1    7   15     9.075     6.064    95.874 7079679 0 0 3 67
t1   10   15    10.914     0.000    95.874 7079679 0 0 5 38
t1   13   15     9.075    -6.064    95.874 7079679 0 0 6 67
t1   16   15     4.177   -10.083    95.874 7079679 0 0 8 38
t1    4   15     4.177    10.083    95.874 7079679 0 0 2 38
t1    7   15     9.075     6.064    95.874 16777215 0 0 3 67
t1   10   15    10.914     0.000    95.874 7079679 0 0 5 38
t1   13   15     9.075    -6.064    95.874 7079679 0 0 6 67
t1   16   15     4.177   -10.083    95.874 7079679 0 0 8 38
t1    4   15     4.177    10.083    95.874 7079679 0 0 2 38
t1    7   15     9.075     6.064    95.874 16777215 0 0 3 67
t1   10   15    10.914     0.000    95.874 7079679 0 0 5 38
t1   13   15     9.075    -6.064    95.874 7079679 0 0 6 67
t1   17   16     2.271   -11.418    92.964 5637887 0 0 8 68
t1    2   16     0.000    11.642    92.964 5637887 0 0 1 37
t1    5   16     6.468     9.680    92.964 16777215 0 0 2 68
t1    8   16    10.756     4.455    92.964 16777215 0 0 4 37
t1   11   16    11.418    -2.271    92.964 5637887 0 0 5 68
t1   14   16     8.232    -8.232    92.964 5637887 0 0 7 37
t1   17   16     2.271   -11.418    92.964 5637887 0 0 8 68
t1    2   16     0.000    11.642    92.964 5637887 0 0 1 37
t1    5   16     6.468     9.680    92.964 5637887 0 0 2 68
t1    8   16    10.756     4.455    92.964 5637887 0 0 4 37
t1   11   16    11.418    -2.271    92.964 5637887 0 0 5 68
t1   14   16     8.232    -8.232    92.964 5637887 0 0 7 37
t1   17   16     2.271   -11.418    92.964 16777215 0 0 8 68
t1    2   16     0.000    11.642    92.964 5637887 0 0 1 37
t1    5   16     6.468     9.680    92.964 5637887 0 0 2 68
t1    8   16    10.756     4.455    92.964 5637887 0 0 4 37
t1   11   16    11.418    -2.271    92.964 5637887 0 0 5 68
t1   14   16     8.232    -8.232    92.964 5637887 0 0 7 37
t1   17   16     2.271   -11.418    92.964 5637887 0 0 8 68
t1    2   16     0.000    11.642    92.964 5637887 0 0 1 37
t1    5   16     6.468     9.680    92.964 5637887 0 0 2 68
t1    8   16    10.756     4.455    92.964 5637887 0 0 4 37
t1   11   16    11.418    -2.271    92.964 5637887 0 0 5 68
t1   14   16     8.232    -8.232    92.964 5637887 0 0 7 37
t1   17   16     2.271   -11.418    92.964 16777215 0 0 8 68
t1    2   16     0.000    11.642    92.964 5637887 0 0 1 37
t1    5   16     6.468     9.680    92.964 16777215 0 0 2 68
t1    8   16    10.756     4.455    92.964 5637887 0 0 4 37
t1   11   16    11.418    -2.271    92.964 5637887 0 0 5 68
t1   14   16     8.232    -8.232    92.964 5637887 0 0 7 37
t1    3   17     2.413    12.132    90.053 4130559 0 0 1 69
t1    6   17     8.746     8.746    90.053 4130559 0 0 3 36
t1    9   17    12.132     2.413    90.053 4130559 0 0 4 69
t1   12   17    11.428    -4.734    90.053 4130559 0 0 6 36
t1   15   17     6.872   -10.285    90.053 4130559 0 0 7 69
t1    3   17     2.413    12.132    90.053 4130559 0 0 1 69
t1    6   17     8.746     8.746    90.053 4130559 0 0 3 36
t1    9   17    12.132     2.413    90.053 4130559 0 0 4 69
t1   12   17    11.428    -4.734    90.053 4130559 0 0 6 36
t1   15   17     6.872   -10.285    90.053 4130559 0 0 7 69
t1    3   17     2.413    12.132    90.053 4130559 0 0 1 69
t1    6   17     8.746     8.746    90.053 4130559 0 0 3 36
t1    9   17    12.132     2.413    90.053 4130559 0 0 4 69
t1   12   17    11.428    -4.734    90.053 4130559 0 0 6 36
t1   15   17     6.872   -10.285    90.053 4130559 0 0 7 69
t1    3   17     2.413    12.132    90.053 4130559 0 0 1 69
t1    6   17     8.746     8.746    90.053 4130559 0 0 3 36
t1    9   17    12.132     2.413    90.053 4130559 0 0 4 69
t1   12   17    11.428    -4.734    90.053 16777215 0 0 6 36
t1   15   17     6.872   -10.285    90.053 4130559 0 0 7 69
t1    3   17     2.413    12.132    90.053 4130559 0 0 1 69
t1    6   17     8.746     8.746    90.053 4130559 0 0 3 36
t1    9   17    12.132     2.413    90.053 4130559 0 0 4 69
t1   12   17    11.428    -4.734    90.053 4130559 0 0 6 36
t1   15   17     6.872   -10.285    90.053 4130559 0 0 7 69
t1    3   17     2.413    12.132    90.053 16777215 0 0 1 69
t1    6   17     8.746     8.746    90.053 4130559 0 0 3 36
t1    9   17    12.132     2.413    90.053 4130559 0 0 4 69
t1   12   17    11.428    -4.734    90.053 4130559 0 0 6 36
t1   15   17     6.872   -10.285    90.053 4130559 0 0 7 69
t1    4   18     5.012    12.100    87.143 2688767 0 0 2 35
t1    7   18    10.890     7.276    87.143 2688767 0 0 3 70
t1   10   18    13.097     0.000    87.143 2688767 0 0 5 35
t1   13   18    10.890    -7.276    87.143 2688767 0 0 6 70
t1   16   18     5.012   -12.100    87.143 2688767 0 0 8 35
t1    4   18     5.012    12.100    87.143 2688767 0 0 2 35
t1    7   18    10.890     7.276    87.143 2688767 0 0 3 70
t1   10   18    13.097     0.000    87.143 2688767 0 0 5 35
t1   13   18    10.890    -7.276    87.143 16777215 0 0 6 70
t1   16   18     5.012   -12.100    87.143 2688767 0 0 8 35
t1    4   18     5.012    12.100    87.143 2688767 0 0 2 35
t1    7   18    10.890     7.276    87.143 2688767 0 0 3 70
t1   10   18    13.097     0.000    87.143 16777215 0 0 5 35
t1   13   18    10.890    -7.276    87.143 16777215 0 0 6 70
t1   16   18     5.012   -12.100    87.143 2688767 0 0 8 35
t1    4   18     5.012    12.100    87.143 2688767 0 0 2 35
t1    7   18    10.890     7.276    87.143 2688767 0 0 3 70
t1   10   18    13.097     0.000    87.143 2688767 0 0 5 35
t1   13   18    10.890    -7.276    87.143 2688767 0 0 6 70
t1   16   18     5.012   -12.100    87.143 2688767 0 0 8 35
t1    4   18     5.012    12.100    87.143 2688767 0 0 2 35
t1    7   18    10.890     7.276    87.143 2688767 0 0 3 70
t1   10   18    13.097     0.000    87.143 2688767 0 0 5 35
t1   13   18    10.890    -7.276    87.143 2688767 0 0 6 70
t1   16   18     5.012   -12.100    87.143 2688767 0 0 8 35
t1    2   19     0.000    13.825    84.233 1181439 0 0 1 34
t1    5   19     7.680    11.495    84.233 1181439 0 0 2 71
t1    8   19    12.772     5.290    84.233 1181439 0 0 4 34
t1   11   19    13.559    -2.697    84.233 1181439 0 0 5 71
t1   14   19     9.775    -9.775    84.233 1181439 0 0 7 34
t1   17   19     2.697   -13.559    84.233 1181439 0 0 8 71
t1    2   19     0.000    13.825    84.233 1181439 0 0 1 34
t1    5   19     7.680    11.495    84.233 1181439 0 0 2 71
t1    8   19    12.772     5.290    84.233 1181439 0 0 4 34
t1   11   19    13.559    -2.697    84.233 16777215 0 0 5 71
t1   14   19     9.775    -9.775    84.233 1181439 0 0 7 34
t1   17   19     2.697   -13.559    84.233 1181439 0 0 8 71
t1    2   19     0.000    13.825    84.233 1181439 0 0 1 34
t1    5   19     7.680    11.495    84.233 1181439 0 0 2 71
t1    8   19    12.772     5.290    84.233 1181439 0 0 4 34
t1   11   19    13.559    -2.697    84.233 1181439 0 0 5 71
t1   14   19     9.775    -9.775    84.233 1181439 0 0 7 34
t1   17   19     2.697   -13.559    84.233 1181439 0 0 8 71
t1    2   19     0.000    13.825    84.233 1181439 0 0 1 34
t1    5   19     7.680    11.495    84.233 1181439 0 0 2 71
t1    8   19    12.772     5.290    84.233 1181439 0 0 4 34
t1   11   19    13.559    -2.697    84.233 1181439 0 0 5 71
t1   14   19     9.775    -9.775    84.233 1181439 0 0 7 34
t1   17   19     2.697   -13.559    84.233 1181439 0 0 8 71
t1    2   19     0.000    13.825    84.233 1181439 0 0 1 34
t1    5   19     7.680    11.495    84.233 1181439 0 0 2 71
t1    8   19    12.772     5.290    84.233 1181439 0 0 4 34
t1   11   19    13.559    -2.697    84.233 1181439 0 0 5 71
t1   14   19     9.775    -9.775    84.233 1181439 0 0 7 34
t1   17   19     2.697   -13.559    84.233 1181439 0 0 8 71
t1    2   19     0.000    13.825    84.233 1181439 0 0 1 34
t1    5   19     7.680    11.495    84.233 1181439 0 0 2 71
t1    8   19    12.772     5.290    84.233 1181439 0 0 4 34
t1   11   19    13.559    -2.697    84.233 1181439 0 0 5 71
t1   14   19     9.775    -9.775    84.233 1181439 0 0 7 34
t1   17   19     2.697   -13.559    84.233 16777215 0 0 8 71
t1    3   20     2.839    14.273    81.322 397567 0 0 1 72
t1    6   20    10.290    10.290    81.322 397567 0 0 3 33
t1    9   20    14.273     2.839    81.322 397567 0 0 4 72
t1   12   20    13.444    -5.569    81.322 397567 0 0 6 33
t1   15   20     8.085   -12.100    81.322 397567 0 0 7 72
t1    3   20     2.839    14.273    81.322 397567 0 0 1 72
t1    6   20    10.290    10.290    81.322 397567 0 0 3 33
t1    9   20    14.273     2.839    81.322 16777215 0 0 4 72
t1   12   20    13.444    -5.569    81.322 397567 0 0 6 33
t1   15   20     8.085   -12.100    81.322 397567 0 0 7 72
t1    3   20     2.839    14.273    81.322 397567 0 0 1 72
t1    6   20    10.290    10.290    81.322 397567 0 0 3 33
t1    9   20    14.273     2.839    81.322 397567 0 0 4 72
t1   12   20    13.444    -5.569    81.322 397567 0 0 6 33
t1   15   20     8.085   -12.100    81.322 397567 0 0 7 72
t1    3   20     2.839    14.273    81.322 397567 0 0 1 72
t1    6   20    10.290    10.290    81.322 397567 0 0 3 33
t1    9   20    14.273     2.839    81.322 397567 0 0 4 72
t1   12   20    13.444    -5.569    81.322 397567 0 0 6 33
t1   15   20     8.085   -12.100    81.322 397567 0 0 7 72
t1    3   20     2.839    14.273    81.322 397567 0 0 1 72
t1    6   20    10.290    10.290    81.322 397567 0 0 3 33
t1    9   20    14.273     2.839    81.322 397567 0 0 4 72
t1   12   20    13.444    -5.569    81.322 397567 0 0 6 33
t1   15   20     8.085   -12.100    81.322 397567 0 0 7 72
t1    4   21     5.847    14.117    78.412 403455 0 0 2 32
t1    7   21    12.705     8.489    78.412 403455 0 0 3 73
t1   10   21    15.280     0.000    78.412 403455 0 0 5 32
t1   13   21    12.705    -8.489    78.412 403455 0 0 6 73
t1   16   21     5.847   -14.117    78.412 403455 0 0 8 32
t1    4   21     5.847    14.117    78.412 403455 0 0 2 32
t1    7   21    12.705     8.489    78.412 403455 0 0 3 73
t1   10   21    15.280     0.000    78.412 403455 0 0 5 32
t1   13   21    12.705    -8.489    78.412 403455 0 0 6 73
t1   16   21     5.847   -14.117    78.412 403455 0 0 8 32
t1    4   21     5.847    14.117    78.412 403455 0 0 2 32
t1    7   21    12.705     8.489    78.412 403455 0 0 3 73
t1   10   21    15.280     0.000    78.412 16777215 0 0 5 32
t1   13   21    12.705    -8.489    78.412 403455 0 0 6 73
t1   16   21     5.847   -14.117    78.412 403455 0 0 8 32
t1    4   21     5.847    14.117    78.412 403455 0 0 2 32
t1    7   21    12.705     8.489    78.412 403455 0 0 3 73
t1   10   21    15.280     0.000    78.412 403455 0 0 5 32
t1   13   21    12.705    -8.489    78.412 403455 0 0 6 73
t1   16   21     5.847   -14.117    78.412 16777215 0 0 8 32
t1    4   21     5.847    14.117    78.412 403455 0 0 2 32
t1    7   21    12.705     8.489    78.412 403455 0 0 3 73
t1   10   21    15.280     0.000    78.412 403455 0 0 5 32
t1   13   21    12.705    -8.489    78.412 403455 0 0 6 73
t1   16   21     5.847   -14.117    78.412 403455 0 0 8 32
t1    4   21     5.847    14.117    78.412 16777215 0 0 2 32
t1    7   21    12.705     8.489    78.412 403455 0 0 3 73
t1   10   21    15.280     0.000    78.412 403455 0 0 5 32
t1   13   21    12.705    -8.489    78.412 403455 0 0 6 73
t1   16   21     5.847   -14.117    78.412 403455 0 0 8 32
t1    2   22     0.000    16.007    75.501 409087 0 0 1 31
t1    5   22     8.893    13.310    75.501 409087 0 0 2 74
t1    8   22    14.789     6.126    75.501 409087 0 0 4 31
t1   11   22    15.700    -3.123    75.501 409087 0 0 5 74
t1   14   22    11.319   -11.319    75.501 409087 0 0 7 31
t1   17   22     3.123   -15.700    75.501 409087 0 0 8 74
t1    2   22     0.000    16.007    75.501 409087 0 0 1 31
t1    5   22     8.893    13.310    75.501 409087 0 0 2 74
t1    8   22    14.789     6.126    75.501 409087 0 0 4 31
t1   11   22    15.700    -3.123    75.501 409087 0 0 5 74
t1   14   22    11.319   -11.319    75.501 409087 0 0 7 31
t1   17   22     3.123   -15.700    75.501 409087 0 0 8 74
t1    2   22     0.000    16.007    75.501 409087 0 0 1 31
t1    5   22     8.893    13.310    75.501 409087 0 0 2 74
t1    8   22    14.789     6.126    75.501 409087 0 0 4 31
t1   11   22    15.700    -3.123    75.501 409087 0 0 5 74
t1   14   22    11.319   -11.319    75.501 409087 0 0 7 31
t1   17   22     3.123   -15.700    75.501 409087 0 0 8 74
t1    2   22     0.000    16.007    75.501 409087 0 0 1 31
t1    5   22     8.893    13.310    75.501 409087 0 0 2 74
t1    8   22    14.789     6.126    75.501 409087 0 0 4 31
t1   11   22    15.700    -3.123    75.501 409087 0 0 5 74
t1   14   22    11.319   -11.319    75.501 409087 0 0 7 31
t1   17   22     3.123   -15.700    75.501 409087 0 0 8 74
t1    2   22     0.000    16.007    75.501 16777215 0 0 1 31
t1    5   22     8.893    13.310    75.501 409087 0 0 2 74
t1    8   22    14.789     6.126    75.501 409087 0 0 4 31
t1   11   22    15.700    -3.123    75.501 409087 0 0 5 74
t1   14   22    11.319   -11.319    75.501 409087 0 0 7 31
t1   17   22     3.123   -15.700    75.501 409087 0 0 8 74
t1    3   23     3.265    16.413    72.591 414975 0 0 1 75
t1    6   23    11.833    11.833    72.591 414975 0 0 3 30
t1    9   23    16.413     3.265    72.591 414975 0 0 4 75
t1   12   23    15.461    -6.404    72.591 414975 0 0 6 30
t1   15   23     9.297   -13.915    72.591 414975 0 0 7 75
t1    3   23     3.265    16.413    72.591 414975 0 0 1 75
t1    6   23    11.833    11.833    72.591 16777215 0 0 3 30
t1    9   23    16.413     3.265    72.591 414975 0 0 4 75
t1   12   23    15.461    -6.404    72.591 414975 0 0 6 30
t1   15   23     9.297   -13.915    72.591 414975 0 0 7 75
t1    3   23     3.265    16.413    72.591 414975 0 0 1 75
t1    6   23    11.833    11.833    72.591 414975 0 0 3 30
t1    9   23    16.413     3.265    72.591 414975 0 0 4 75
t1   12   23    15.461    -6.404    72.591 414975 0 0 6 30
t1   15   23     9.297   -13.915    72.591 414975 0 0 7 75
t1    3   23     3.265    16.413    72.591 16777215 0 0 1 75
t1    6   23    11.833    11.833    72.591 414975 0 0 3 30
t1    9   23    16.413     3.265    72.591 414975 0 0 4 75
t1   12   23    15.461    -6.404    72.591 414975 0 0 6 30
t1   15   23     9.297   -13.915    72.591 414975 0 0 7 75
t1    3   23     3.265    16.413    72.591 414975 0 0 1 75
t1    6   23    11.833    11.833    72.591 414975 0 0 3 30
t1    9   23    16.413     3.265    72.591 414975 0 0 4 75
t1   12   23    15.461    -6.404    72.591 414975 0 0 6 30
t1   15   23     9.297   -13.915    72.591 16777215 0 0 7 75
t1    3   23     3.265    16.413    72.591 414975 0 0 1 75
t1    6   23    11.833    11.833    72.591 414975 0 0 3 30
t1    9   23    16.413     3.265    72.591 414975 0 0 4 75
t1   12   23    15.461    -6.404    72.591 414975 0 0 6 30
t1   15   23     9.297   -13.915    72.591 414975 0 0 7 75
t1    4   24     6.683    16.133    69.680 420863 0 0 2 29
t1    7   24    14.520     9.702    69.680 420863 0 0 3 76
t1   10   24    17.463     0.000    69.680 420863 0 0 5 29
t1   13   24    14.520    -9.702    69.680 420863 0 0 6 76
t1   16   24     6.683   -16.133    69.680 420863 0 0 8 29
t1    4   24     6.683    16.133    69.680 420863 0 0 2 29
t1    7   24    14.520     9.702    69.680 420863 0 0 3 76
t1   10   24    17.463     0.000    69.680 16777215 0 0 5 29
t1   13   24    14.520    -9.702    69.680 420863 0 0 6 76
t1   16   24     6.683   -16.133    69.680 420863 0 0 8 29
t1    4   24     6.683    16.133    69.680 420863 0 0 2 29
t1    7   24    14.520     9.702    69.680 420863 0 0 3 76
t1   10   24    17.463     0.000    69.680 420863 0 0 5 29
t1   13   24    14.520    -9.702    69.680 420863 0 0 6 76
t1   16   24     6.683   -16.133    69.680 420863 0 0 8 29
t1    4   24     6.683    16.133    69.680 420863 0 0 2 29
t1    7   24    14.520     9.702    69.680 420863 0 0 3 76
t1   10   24    17.463     0.000    69.680 420863 0 0 5 29
t1   13   24    14.520    -9.702    69.680 420863 0 0 6 76
t1   16   24     6.683   -16.133    69.680 420863 0 0 8 29
t1    4   24     6.683    16.133    69.680 420863 0 0 2 29
t1    7   24    14.520     9.702    69.680 420863 0 0 3 76
t1   10   24    17.463     0.000    69.680 420863 0 0 5 29
t1   13   24    14.520    -9.702    69.680 420863 0 0 6 76
t1   16   24     6.683   -16.133    69.680 420863 0 0 8 29
t1    2   25     0.000    18.190    66.770 16777215 0 0 1 28
t1    5   25    10.106    15.125    66.770 426495 0 0 2 77
t1    8   25    16.806     6.961    66.770 426495 0 0 4 28
t1   11   25    17.841    -3.549    66.770 16777215 0 0 5 77
t1   14   25    12.862   -12.862    66.770 426495 0 0 7 28
t1   17   25     3.549   -17.841    66.770 426495 0 0 8 77
t1    2   25     0.000    18.190    66.770 426495 0 0 1 28
t1    5   25    10.106    15.125    66.770 426495 0 0 2 77
t1    8   25    16.806     6.961    66.770 16777215 0 0 4 28
t1   11   25    17.841    -3.549    66.770 426495 0 0 5 77
t1   14   25    12.862   -12.862    66.770 426495 0 0 7 28
t1   17   25     3.549   -17.841    66.770 426495 0 0 8 77
t1    2   25     0.000    18.190    66.770 16777215 0 0 1 28
t1    5   25    10.106    15.125    66.770 426495 0 0 2 77
t1    8   25    16.806     6.961    66.770 426495 0 0 4 28
t1   11   25    17.841    -3.549    66.770 426495 0 0 5 77
t1   14   25    12.862   -12.862    66.770 426495 0 0 7 28
t1   17   25     3.549   -17.841    66.770 426495 0 0 8 77
t1    2   25     0.000    18.190    66.770 426495 0 0 1 28
t1    5   25    10.106    15.125    66.770 426495 0 0 2 77
t1    8   25    16.806     6.961    66.770 426495 0 0 4 28
t1   11   25    17.841    -3.549    66.770 16777215 0 0 5 77
t1   14   25    12.862   -12.862    66.770 426495 0 0 7 28
t1   17   25     3.549   -17.841    66.770 426495 0 0 8 77
t1    2   25     0.000    18.190    66.770 426495 0 0 1 28
t1    5   25    10.106    15.125    66.770 426495 0 0 2 77
t1    8   25    16.806     6.961    66.770 426495 0 0 4 28
t1   11   25    17.841    -3.549    66.770 426495 0 0 5 77
t1   14   25    12.862   -12.862    66.770 426495 0 0 7 28
t1   17   25     3.549   -17.841    66.770 426495 0 0 8 77
t1    2   25     0.000    18.190    66.770 426495 0 0 1 28
t1    5   25    10.106    15.125    66.770 426495 0 0 2 77
t1    8   25    16.806     6.961    66.770 16777215 0 0 4 28
t1   11   25    17.841    -3.549    66.770 16777215 0 0 5 77
t1   14   25    12.862   -12.862    66.770 426495 0 0 7 28
t1   17   25     3.549   -17.841    66.770 426495 0 0 8 77
t1    3   26     3.691    18.554    63.860 497919 0 0 1 78
t1    6   26    13.377    13.377    63.860 497919 0 0 3 27
t1    9   26    18.554     3.691    63.860 497919 0 0 4 78
t1   12   26    17.478    -7.240    63.860 497919 0 0 6 27
t1   15   26    10.510   -15.730    63.860 497919 0 0 7 78
t1    3   26     3.691    18.554    63.860 497919 0 0 1 78
t1    6   26    13.377    13.377    63.860 497919 0 0 3 27
t1    9   26    18.554     3.691    63.860 497919 0 0 4 78
t1   12   26    17.478    -7.240    63.860 497919 0 0 6 27
t1   15   26    10.510   -15.730    63.860 497919 0 0 7 78
t1    3   26     3.691    18.554    63.860 497919 0 0 1 78
t1    6   26    13.377    13.377    63.860 497919 0 0 3 27
t1    9   26    18.554     3.691    63.860 497919 0 0 4 78
t1   12   26    17.478    -7.240    63.860 497919 0 0 6 27
t1   15   26    10.510   -15.730    63.860 497919 0 0 7 78
t1    3   26     3.691    18.554    63.860 497919 0 0 1 78
t1    6   26    13.377    13.377    63.860 497919 0 0 3 27
t1    9   26    18.554     3.691    63.860 497919 0 0 4 78
t1   12   26    17.478    -7.240    63.860 497919 0 0 6 27
t1   15   26    10.510   -15.730    63.860 16777215 0 0 7 78
t1    3   26     3.691    18.554    63.860 497919 0 0 1 78
t1    6   26    13.377    13.377    63.860 497919 0 0 3 27
t1    9   26    18.554     3.691    63.860 497919 0 0 4 78
t1   12   26    17.478    -7.240    63.860 497919 0 0 6 27
t1   15   26    10.510   -15.730    63.860 497919 0 0 7 78
t1    4   27     7.518    18.150    60.949 503551 0 0 2 26
t1    7   27    16.335    10.914    60.949 503551 0 0 3 79
t1   10   27    19.645     0.000    60.949 503551 0 0 5 26
t1   13   27    16.335   -10.914    60.949 503551 0 0 6 79
t1   16   27     7.518   -18.150    60.949 503551 0 0 8 26
t1    4   27     7.518    18.150    60.949 503551 0 0 2 26
t1    7   27    16.335    10.914    60.949 503551 0 0 3 79
t1   10   27    19.645     0.000    60.949 503551 0 0 5 26
t1   13   27    16.335   -10.914    60.949 503551 0 0 6 79
t1   16   27     7.518   -18.150    60.949 503551 0 0 8 26
t1    4   27     7.518    18.150    60.949 503551 0 0 2 26
t1    7   27    16.335    10.914    60.949 16777215 0 0 3 79
t1   10   27    19.645     0.000    60.949 503551 0 0 5 26
t1   13   27    16.335   -10.914    60.949 503551 0 0 6 79
t1   16   27     7.518   -18.150    60.949 16777215 0 0 8 26
t1    4   27     7.518    18.150    60.949 503551 0 0 2 26
t1    7   27    16.335    10.914    60.949 503551 0 0 3 79
t1   10   27    19.645     0.000    60.949 503551 0 0 5 26
t1   13   27    16.335   -10.914    60.949 16777215 0 0 6 79
t1   16   27     7.518   -18.150    60.949 503551 0 0 8 26
t1    4   27     7.518    18.150    60.949 503551 0 0 2 26
t1    7   27    16.335    10.914    60.949 16777215 0 0 3 79
t1   10   27    19.645     0.000    60.949 503551 0 0 5 26
t1   13   27    16.335   -10.914    60.949 503551 0 0 6 79
t1   16   27     7.518   -18.150    60.949 503551 0 0 8 26
t1    4   27     7.518    18.150    60.949 503551 0 0 2 26
t1    7   27    16.335    10.914    60.949 503551 0 0 3 79
t1   10   27    19.645     0.000    60.949 503551 0 0 5 26
t1   13   27    16.335   -10.914    60.949 503551 0 0 6 79
t1   16   27     7.518   -18.150    60.949 16777215 0 0 8 26
t1    2   28     0.000    20.373    58.039 509439 0 0 1 25
t1    5   28    11.319    16.940    58.039 509439 0 0 2 80
t1    8   28    18.822     7.796    58.039 509439 0 0 4 25
t1   11   28    19.982    -3.975    58.039 509439 0 0 5 80
t1   14   28    14.406   -14.406    58.039 509439 0 0 7 25
t1   17   28     3.975   -19.982    58.039 509439 0 0 8 80
t1    2   28     0.000    20.373    58.039 509439 0 0 1 25
t1    5   28    11.319    16.940    58.039 509439 0 0 2 80
t1    8   28    18.822     7.796    58.039 509439 0 0 4 25
t1   11   28    19.982    -3.975    58.039 509439 0 0 5 80
t1   14   28    14.406   -14.406    58.039 16777215 0 0 7 25
t1   17   28     3.975   -19.982    58.039 16777215 0 0 8 80
t1    2   28     0.000    20.373    58.039 509439 0 0 1 25
t1    5   28    11.319    16.940    58.039 509439 0 0 2 80
t1    8   28    18.822     7.796    58.039 509439 0 0 4 25
t1   11   28    19.982    -3.975    58.039 509439 0 0 5 80
t1   14   28    14.406   -14.406    58.039 509439 0 0 7 25
t1   17   28     3.975   -19.982    58.039 509439 0 0 8 80
t1    2   28     0.000    20.373    58.039 16777215 0 0 1 25
t1    5   28    11.319    16.940    58.039 509439 0 0 2 80
t1    8   28    18.822     7.796    58.039 509439 0 0 4 25
t1   11   28    19.982    -3.975    58.039 509439 0 0 5 80
t1   14   28    14.406   -14.406    58.039 509439 0 0 7 25
t1   17   28     3.975   -19.982    58.039 509439 0 0 8 80
t1    2   28     0.000    20.373    58.039 509439 0 0 1 25
t1    5   28    11.319    16.940    58.039 509439 0 0 2 80
t1    8   28    18.822     7.796    58.039 509439 0 0 4 25
t1   11   28    19.982    -3.975    58.039 509439 0 0 5 80
t1   14   28    14.406   -14.406    58.039 509439 0 0 7 25
t1   17   28     3.975   -19.982    58.039 509439 0 0 8 80
t1    2   28     0.000    20.373    58.039 509439 0 0 1 25
t1    5   28    11.319    16.940    58.039 509439 0 0 2 80
t1    8   28    18.822     7.796    58.039 509439 0 0 4 25
t1   11   28    19.982    -3.975    58.039 509439 0 0 5 80
t1   14   28    14.406   -14.406    58.039 509439 0 0 7 25
t1   17   28     3.975   -19.982    58.039 509439 0 0 8 80
t1    3   29     4.117    20.695    55.128 16777215 0 0 1 81
t1    6   29    14.920    14.920    55.128 515071 0 0 3 24
t1    9   29    20.695     4.117    55.128 515071 0 0 4 81
t1   12   29    19.494    -8.075    55.128 515071 0 0 6 24
t1   15   29    11.723   -17.545    55.128 515071 0 0 7 81
t1    3   29     4.117    20.695    55.128 515071 0 0 1 81
t1    6   29    14.920    14.920    55.128 515071 0 0 3 24
t1    9   29    20.695     4.117    55.128 515071 0 0 4 81
t1   12   29    19.494    -8.075    55.128 515071 0 0 6 24
t1   15   29    11.723   -17.545    55.128 515071 0 0 7 81
t1    3   29     4.117    20.695    55.128 16777215 0 0 1 81
t1    6   29    14.920    14.920    55.128 515071 0 0 3 24
t1    9   29    20.695     4.117    55.128 515071 0 0 4 81
t1   12   29    19.494    -8.075    55.128 515071 0 0 6 24
t1   15   29    11.723   -17.545    55.128 515071 0 0 7 81
t1    3   29     4.117    20.695    55.128 515071 0 0 1 81
t1    6   29    14.920    14.920    55.128 515071 0 0 3 24
t1    9   29    20.695     4.117    55.128 515071 0 0 4 81
t1   12   29    19.494    -8.075    55.128 16777215 0 0 6 24
t1   15   29    11.723   -17.545    55.128 515071 0 0 7 81
t1    3   29     4.117    20.695    55.128 515071 0 0 1 81
t1    6   29    14.920    14.920    55.128 515071 0 0 3 24
t1    9   29    20.695     4.117    55.128 515071 0 0 4 81
t1   12   29    19.494    -8.075    55.128 515071 0 0 6 24
t1   15   29    11.723   -17.545    55.128 515071 0 0 7 81
t1    4   30     8.353    20.167    52.218 520703 0 0 2 23
t1    7   30    18.149    12.127    52.218 520703 0 0 3 82
t1   10   30    21.828     0.000    52.218 520703 0 0 5 23
t1   13   30    18.149   -12.127    52.218 16777215 0 0 6 82
t1   16   30     8.353   -20.167    52.218 520703 0 0 8 23
t1    4   30     8.353    20.167    52.218 520703 0 0 2 23
t1    7   30    18.149    12.127    52.218 520703 0 0 3 82
t1   10   30    21.828     0.000    52.218 520703 0 0 5 23
t1   13   30    18.149   -12.127    52.218 520703 0 0 6 82
t1   16   30     8.353   -20.167    52.218 520703 0 0 8 23
t1    4   30     8.353    20.167    52.218 520703 0 0 2 23
t1    7   30    18.149    12.127    52.218 520703 0 0 3 82
t1   10   30    21.828     0.000    52.218 520703 0 0 5 23
t1   13   30    18.149   -12.127    52.218 520703 0 0 6 82
t1   16   30     8.353   -20.167    52.218 520703 0 0 8 23
t1    4   30     8.353    20.167    52.218 520703 0 0 2 23
t1    7   30    18.149    12.127    52.218 520703 0 0 3 82
t1   10   30    21.828     0.000    52.218 520703 0 0 5 23
t1   13   30    18.149   -12.127    52.218 520703 0 0 6 82
t1   16   30     8.353   -20.167    52.218 520703 0 0 8 23
t1    4   30     8.353    20.167    52.218 520703 0 0 2 23
t1    7   30    18.149    12.127    52.218 520703 0 0 3 82
t1   10   30    21.828     0.000    52.218 520703 0 0 5 23
t1   13   30    18.149   -12.127    52.218 520703 0 0 6 82
t1   16   30     8.353   -20.167    52.218 520703 0 0 8 23
t1    4   30     8.353    20.167    52.218 520703 0 0 2 23
t1    7   30    18.149    12.127    52.218 16777215 0 0 3 82
t1   10   30    21.828     0.000    52.218 520703 0 0 5 23
t1   13   30    18.149   -12.127    52.218 520703 0 0 6 82
t1   16   30     8.353   -20.167    52.218 520703 0 0 8 23
t1    2   31     0.000    22.556    49.307 524278 0 0 1 22
t1    5   31    12.531    18.754    49.307 524278 0 0 2 83
t1    8   31    20.839     8.632    49.307 524278 0 0 4 22
t1   11   31    22.122    -4.400    49.307 524278 0 0 5 83
t1   14   31    15.949   -15.949    49.307 524278 0 0 7 22
t1   17   31     4.400   -22.122    49.307 524278 0 0 8 83
t1    2   31     0.000    22.556    49.307 524278 0 0 1 22
t1    5   31    12.531    18.754    49.307 524278 0 0 2 83
t1    8   31    20.839     8.632    49.307 524278 0 0 4 22
t1   11   31    22.122    -4.400    49.307 524278 0 0 5 83
t1   14   31    15.949   -15.949    49.307 524278 0 0 7 22
t1   17   31     4.400   -22.122    49.307 524278 0 0 8 83
t1    2   31     0.000    22.556    49.307 524278 0 0 1 22
t1    5   31    12.531    18.754    49.307 524278 0 0 2 83
t1    8   31    20.839     8.632    49.307 16777215 0 0 4 22
t1   11   31    22.122    -4.400    49.307 524278 0 0 5 83
t1   14   31    15.949   -15.949    49.307 524278 0 0 7 22
t1   17   31     4.400   -22.122    49.307 524278 0 0 8 83
t1    2   31     0.000    22.556    49.307 524278 0 0 1 22
t1    5   31    12.531    18.754    49.307 524278 0 0 2 83
t1    8   31    20.839     8.632    49.307 524278 0 0 4 22
t1   11   31    22.122    -4.400    49.307 524278 0 0 5 83
t1   14   31    15.949   -15.949    49.307 524278 0 0 7 22
t1   17   31     4.400   -22.122    49.307 524278 0 0 8 83
t1    2   31     0.000    22.556    49.307 524278 0 0 1 22
t1    5   31    12.531    18.754    49.307 16777215 0 0 2 83
t1    8   31    20.839     8.632    49.307 16777215 0 0 4 22
t1   11   31    22.122    -4.400    49.307 524278 0 0 5 83
t1   14   31    15.949   -15.949    49.307 524278 0 0 7 22
t1   17   31     4.400   -22.122    49.307 524278 0 0 8 83
t1    3   32     4.542    22.836    46.397 524256 0 0 1 84
t1    6   32    16.464    16.464    46.397 524256 0 0 3 21
t1    9   32    22.836     4.542    46.397 524256 0 0 4 84
t1   12   32    21.511    -8.910    46.397 524256 0 0 6 21
t1   15   32    12.936   -19.359    46.397 524256 0 0 7 84
t1    3   32     4.542    22.836    46.397 524256 0 0 1 84
t1    6   32    16.464    16.464    46.397 524256 0 0 3 21
t1    9   32    22.836     4.542    46.397 524256 0 0 4 84
t1   12   32    21.511    -8.910    46.397 524256 0 0 6 21
t1   15   32    12.936   -19.359    46.397 524256 0 0 7 84
t1    3   32     4.542    22.836    46.397 524256 0 0 1 84
t1    6   32    16.464    16.464    46.397 524256 0 0 3 21
t1    9   32    22.836     4.542    46.397 524256 0 0 4 84
t1   12   32    21.511    -8.910    46.397 524256 0 0 6 21
t1   15   32    12.936   -19.359    46.397 524256 0 0 7 84
t1    3   32     4.542    22.836    46.397 524256 0 0 1 84
t1    6   32    16.464    16.464    46.397 16777215 0 0 3 21
t1    9   32    22.836     4.542    46.397 524256 0 0 4 84
t1   12   32    21.511    -8.910    46.397 524256 0 0 6 21
t1   15   32    12.936   -19.359    46.397 524256 0 0 7 84
t1    3   32     4.542    22.836    46.397 524256 0 0 1 84
t1    6   32    16.464    16.464    46.397 524256 0 0 3 21
t1    9   32    22.836     4.542    46.397 524256 0 0 4 84
t1   12   32    21.511    -8.910    46.397 524256 0 0 6 21
t1   15   32    12.936   -19.359    46.397 524256 0 0 7 84
t1    3   32     4.542    22.836    46.397 524256 0 0 1 84
t1    6   32    16.464    16.464    46.397 524256 0 0 3 21
t1    9   32    22.836     4.542    46.397 524256 0 0 4 84
t1   12   32    21.511    -8.910    46.397 524256 0 0 6 21
t1   15   32    12.936   -19.359    46.397 524256 0 0 7 84
t1    2   33     0.000    24.011    43.487 524233 0 0 1 20
t1    4   33     9.189    22.183    43.487 524233 0 0 2 20
t1    7   33    19.964    13.340    43.487 524233 0 0 3 85
t1   10   33    24.011     0.000    43.487 524233 0 0 5 20
t1   13   33    19.964   -13.340    43.487 524233 0 0 6 85
t1   16   33     9.189   -22.183    43.487 524233 0 0 8 20
t1    2   33     0.000    24.011    43.487 524233 0 0 1 20
t1    4   33     9.189    22.183    43.487 16777215 0 0 2 20
t1    7   33    19.964    13.340    43.487 524233 0 0 3 85
t1   10   33    24.011     0.000    43.487 524233 0 0 5 20
t1   13   33    19.964   -13.340    43.487 16777215 0 0 6 85
t1   16   33     9.189   -22.183    43.487 524233 0 0 8 20
t1    2   33     0.000    24.011    43.487 524233 0 0 1 20
t1    4   33     9.189    22.183    43.487 524233 0 0 2 20
t1    7   33    19.964    13.340    43.487 524233 0 0 3 85
t1   10   33    24.011     0.000    43.487 524233 0 0 5 20
t1   13   33    19.964   -13.340    43.487 524233 0 0 6 85
t1   16   33     9.189   -22.183    43.487 524233 0 0 8 20
t1    2   33     0.000    24.011    43.487 524233 0 0 1 20
t1    4   33     9.189    22.183    43.487 16777215 0 0 2 20
t1    7   33    19.964    13.340    43.487 524233 0 0 3 85
t1   10   33    24.011     0.000    43.487 524233 0 0 5 20
t1   13   33    19.964   -13.340    43.487 524233 0 0 6 85
t1   16   33     9.189   -22.183    43.487 524233 0 0 8 20
t1    2   33     0.000    24.011    43.487 524233 0 0 1 20
t1    4   33     9.189    22.183    43.487 524233 0 0 2 20
t1    7   33    19.964    13.340    43.487 524233 0 0 3 85
t1   10   33    24.011     0.000    43.487 524233 0 0 5 20
t1   13   33    19.964   -13.340    43.487 16777215 0 0 6 85
t1   16   33     9.189   -22.183    43.487 524233 0 0 8 20
t1    3   34     4.826    24.263    40.576 524211 0 0 1 86
t1    5   34    13.744    20.569    40.576 524211 0 0 2 86
t1    8   34    22.856     9.467    40.576 524211 0 0 4 19
t1   11   34    24.263    -4.826    40.576 524211 0 0 5 86
t1   14   34    17.493   -17.493    40.576 16777215 0 0 7 19
t1   17   34     4.826   -24.263    40.576 524211 0 0 8 86
t1    3   34     4.826    24.263    40.576 524211 0 0 1 86
t1    5   34    13.744    20.569    40.576 524211 0 0 2 86
t1    8   34    22.856     9.467    40.576 524211 0 0 4 19
t1   11   34    24.263    -4.826    40.576 16777215 0 0 5 86
t1   14   34    17.493   -17.493    40.576 16777215 0 0 7 19
t1   17   34     4.826   -24.263    40.576 524211 0 0 8 86
t1    3   34     4.826    24.263    40.576 524211 0 0 1 86
t1    5   34    13.744    20.569    40.576 524211 0 0 2 86
t1    8   34    22.856     9.467    40.576 524211 0 0 4 19
t1   11   34    24.263    -4.826    40.576 524211 0 0 5 86
t1   14   34    17.493   -17.493    40.576 524211 0 0 7 19
t1   17   34     4.826   -24.263    40.576 524211 0 0 8 86
t1    3   34     4.826    24.263    40.576 524211 0 0 1 86
t1    5   34    13.744    20.569    40.576 524211 0 0 2 86
t1    8   34    22.856     9.467    40.576 524211 0 0 4 19
t1   11   34    24.263    -4.826    40.576 524211 0 0 5 86
t1   14   34    17.493   -17.493    40.576 524211 0 0 7 19
t1   17   34     4.826   -24.263    40.576 524211 0 0 8 86
t1    3   34     4.826    24.263    40.576 524211 0 0 1 86
t1    5   34    13.744    20.569    40.576 524211 0 0 2 86
t1    8   34    22.856     9.467    40.576 524211 0 0 4 19
t1   11   34    24.263    -4.826    40.576 524211 0 0 5 86
t1   14   34    17.493   -17.493    40.576 524211 0 0 7 19
t1   17   34     4.826   -24.263    40.576 524211 0 0 8 86
t1    3   34     4.826    24.263    40.576 524211 0 0 1 86
t1    5   34    13.744    20.569    40.576 524211 0 0 2 86
t1    8   34    22.856     9.467    40.576 524211 0 0 4 19
t1   11   34    24.263    -4.826    40.576 16777215 0 0 5 86
t1   14   34    17.493   -17.493    40.576 524211 0 0 7 19
t1   17   34     4.826   -24.263    40.576 524211 0 0 8 86
t1    4   35     9.746    23.528    37.666 524188 0 0 2 18
t1    6   35    18.007    18.007    37.666 524188 0 0 3 18
t1    9   35    24.977     4.968    37.666 524188 0 0 4 87
t1   12   35    23.528    -9.746    37.666 524188 0 0 6 18
t1   15   35    14.148   -21.174    37.666 524188 0 0 7 87
t1    4   35     9.746    23.528    37.666 524188 0 0 2 18
t1    6   35    18.007    18.007    37.666 524188 0 0 3 18
t1    9   35    24.977     4.968    37.666 524188 0 0 4 87
t1   12   35    23.528    -9.746    37.666 524188 0 0 6 18
t1   15   35    14.148   -21.174    37.666 524188 0 0 7 87
t1    4   35     9.746    23.528    37.666 524188 0 0 2 18
t1    6   35    18.007    18.007    37.666 524188 0 0 3 18
t1    9   35    24.977     4.968    37.666 524188 0 0 4 87
t1   12   35    23.528    -9.746    37.666 524188 0 0 6 18
t1   15   35    14.148   -21.174    37.666 524188 0 0 7 87
t1    4   35     9.746    23.528    37.666 524188 0 0 2 18
t1    6   35    18.007    18.007    37.666 524188 0 0 3 18
t1    9   35    24.977     4.968    37.666 524188 0 0 4 87
t1   12   35    23.528    -9.746    37.666 524188 0 0 6 18
t1   15   35    14.148   -21.174    37.666 524188 0 0 7 87
t1    4   35     9.746    23.528    37.666 524188 0 0 2 18
t1    6   35    18.007    18.007    37.666 524188 0 0 3 18
t1    9   35    24.977     4.968    37.666 524188 0 0 4 87
t1   12   35    23.528    -9.746    37.666 524188 0 0 6 18
t1   15   35    14.148   -21.174    37.666 524188 0 0 7 87
t1    5   36    14.553    21.779    34.755 524166 0 0 2 88
t1    7   36    21.779    14.553    34.755 524166 0 0 3 88
t1   10   36    26.194     0.000    34.755 16777215 0 0 5 17
t1   13   36    21.779   -14.553    34.755 524166 0 0 6 88
t1   16   36    10.024   -24.200    34.755 524166 0 0 8 17
t1    2   36     0.000    26.194    34.755 524166 0 0 1 17
t1    5   36    14.553    21.779    34.755 524166 0 0 2 88
t1    7   36    21.779    14.553    34.755 524166 0 0 3 88
t1   10   36    26.194     0.000    34.755 524166 0 0 5 17
t1   13   36    21.779   -14.553    34.755 524166 0 0 6 88
t1   16   36    10.024   -24.200    34.755 524166 0 0 8 17
t1    2   36     0.000    26.194    34.755 524166 0 0 1 17
t1    5   36    14.553    21.779    34.755 524166 0 0 2 88
t1    7   36    21.779    14.553    34.755 524166 0 0 3 88
t1   10   36    26.194     0.000    34.755 524166 0 0 5 17
t1   13   36    21.779   -14.553    34.755 524166 0 0 6 88
t1   16   36    10.024   -24.200    34.755 524166 0 0 8 17
t1    2   36     0.000    26.194    34.755 524166 0 0 1 17
t1    5   36    14.553    21.779    34.755 524166 0 0 2 88
t1    7   36    21.779    14.553    34.755 524166 0 0 3 88
t1   10   36    26.194     0.000    34.755 524166 0 0 5 17
t1   13   36    21.779   -14.553    34.755 524166 0 0 6 88
t1   16   36    10.024   -24.200    34.755 16777215 0 0 8 17
t1    2   36     0.000    26.194    34.755 524166 0 0 1 17
t1    5   36    14.553    21.779    34.755 524166 0 0 2 88
t1    7   36    21.779    14.553    34.755 524166 0 0 3 88
t1   10   36    26.194     0.000    34.755 524166 0 0 5 17
t1   13   36    21.779   -14.553    34.755 524166 0 0 6 88
t1   16   36    10.024   -24.200    34.755 524166 0 0 8 17
t1    2   36     0.000    26.194    34.755 524166 0 0 1 17
t1    5   36    14.553    21.779    34.755 16777215 0 0 2 88
t1    7   36    21.779    14.553    34.755 524166 0 0 3 88
t1   10   36    26.194     0.000    34.755 524166 0 0 5 17
t1   13   36    21.779   -14.553    34.755 524166 0 0 6 88
t1   16   36    10.024   -24.200    34.755 524166 0 0 8 17
t1    2   36     0.000    26.194    34.755 524166 0 0 1 17
t1    6   37    19.036    19.036    31.845 524144 0 0 3 16
t1    8   37    24.872    10.302    31.845 524144 0 0 4 16
t1   11   37    26.404    -5.252    31.845 524144 0 0 5 89
t1   14   37    19.036   -19.036    31.845 524144 0 0 7 16
t1   17   37     5.252   -26.404    31.845 524144 0 0 8 89
t1    3   37     5.252    26.404    31.845 524144 0 0 1 89
t1    6   37    19.036    19.036    31.845 524144 0 0 3 16
t1    8   37    24.872    10.302    31.845 524144 0 0 4 16
t1   11   37    26.404    -5.252    31.845 524144 0 0 5 89
t1   14   37    19.036   -19.036    31.845 524144 0 0 7 16
t1   17   37     5.252   -26.404    31.845 16777215 0 0 8 89
t1    3   37     5.252    26.404    31.845 524144 0 0 1 89
t1    6   37    19.036    19.036    31.845 524144 0 0 3 16
t1    8   37    24.872    10.302    31.845 524144 0 0 4 16
t1   11   37    26.404    -5.252    31.845 524144 0 0 5 89
t1   14   37    19.036   -19.036    31.845 524144 0 0 7 16
t1   17   37     5.252   -26.404    31.845 524144 0 0 8 89
t1    3   37     5.252    26.404    31.845 524144 0 0 1 89
t1    6   37    19.036    19.036    31.845 16777215 0 0 3 16
t1    8   37    24.872    10.302    31.845 524144 0 0 4 16
t1   11   37    26.404    -5.252    31.845 524144 0 0 5 89
t1   14   37    19.036   -19.036    31.845 524144 0 0 7 16
t1   17   37     5.252   -26.404    31.845 524144 0 0 8 89
t1    3   37     5.252    26.404    31.845 524144 0 0 1 89
t1    6   37    19.036    19.036    31.845 16777215 0 0 3 16
t1    8   37    24.872    10.302    31.845 524144 0 0 4 16
t1   11   37    26.404    -5.252    31.845 524144 0 0 5 89
t1   14   37    19.036   -19.036    31.845 524144 0 0 7 16
t1   17   37     5.252   -26.404    31.845 524144 0 0 8 89
t1    3   37     5.252    26.404    31.845 524144 0 0 1 89
t1    7   38    22.989    15.361    28.934 524121 0 0 3 90
t1    9   38    27.118     5.394    28.934 524121 0 0 4 90
t1   12   38    25.544   -10.581    28.934 524121 0 0 6 15
t1   15   38    15.361   -22.989    28.934 524121 0 0 7 90
t1    4   38    10.581    25.544    28.934 524121 0 0 2 15
t1    7   38    22.989    15.361    28.934 524121 0 0 3 90
t1    9   38    27.118     5.394    28.934 524121 0 0 4 90
t1   12   38    25.544   -10.581    28.934 524121 0 0 6 15
t1   15   38    15.361   -22.989    28.934 524121 0 0 7 90
t1    4   38    10.581    25.544    28.934 524121 0 0 2 15
t1    7   38    22.989    15.361    28.934 524121 0 0 3 90
t1    9   38    27.118     5.394    28.934 524121 0 0 4 90
t1   12   38    25.544   -10.581    28.934 524121 0 0 6 15
t1   15   38    15.361   -22.989    28.934 524121 0 0 7 90
t1    4   38    10.581    25.544    28.934 16777215 0 0 2 15
t1    7   38    22.989    15.361    28.934 524121 0 0 3 90
t1    9   38    27.118     5.394    28.934 524121 0 0 4 90
t1   12   38    25.544   -10.581    28.934 524121 0 0 6 15
t1   15   38    15.361   -22.989    28.934 524121 0 0 7 90
t1    4   38    10.581    25.544    28.934 524121 0 0 2 15
t1    7   38    22.989    15.361    28.934 524121 0 0 3 90
t1    9   38    27.118     5.394    28.934 524121 0 0 4 90
t1   12   38    25.544   -10.581    28.934 524121 0 0 6 15
t1   15   38    15.361   -22.989    28.934 524121 0 0 7 90
t1    4   38    10.581    25.544    28.934 524121 0 0 2 15
t1    7   38    22.989    15.361    28.934 16777215 0 0 3 90
t1    9   38    27.118     5.394    28.934 524121 0 0 4 90
t1   12   38    25.544   -10.581    28.934 524121 0 0 6 15
t1   15   38    15.361   -22.989    28.934 524121 0 0 7 90
t1    4   38    10.581    25.544    28.934 524121 0 0 2 15
t1    8   39    26.217    10.859    26.024 524099 0 0 4 14
t1   10   39    28.377     0.000    26.024 524099 0 0 5 14
t1   13   39    23.594   -15.765    26.024 524099 0 0 6 91
t1   16   39    10.859   -26.217    26.024 524099 0 0 8 14
t1    2   39     0.000    28.377    26.024 524099 0 0 1 14
t1    5   39    15.765    23.594    26.024 524099 0 0 2 91
t1    8   39    26.217    10.859    26.024 524099 0 0 4 14
t1   10   39    28.377     0.000    26.024 524099 0 0 5 14
t1   13   39    23.594   -15.765    26.024 524099 0 0 6 91
t1   16   39    10.859   -26.217    26.024 524099 0 0 8 14
t1    2   39     0.000    28.377    26.024 524099 0 0 1 14
t1    5   39    15.765    23.594    26.024 524099 0 0 2 91
t1    8   39    26.217    10.859    26.024 524099 0 0 4 14
t1   10   39    28.377     0.000    26.024 524099 0 0 5 14
t1   13   39    23.594   -15.765    26.024 524099 0 0 6 91
t1   16   39    10.859   -26.217    26.024 16777215 0 0 8 14
t1    2   39     0.000    28.377    26.024 524099 0 0 1 14
t1    5   39    15.765    23.594    26.024 524099 0 0 2 91
t1    8   39    26.217    10.859    26.024 524099 0 0 4 14
t1   10   39    28.377     0.000    26.024 524099 0 0 5 14
t1   13   39    23.594   -15.765    26.024 524099 0 0 6 91
t1   16   39    10.859   -26.217    26.024 524099 0 0 8 14
t1    2   39     0.000    28.377    26.024 524099 0 0 1 14
t1    5   39    15.765    23.594    26.024 524099 0 0 2 91
t1    8   39    26.217    10.859    26.024 524099 0 0 4 14
t1   10   39    28.377     0.000    26.024 524099 0 0 5 14
t1   13   39    23.594   -15.765    26.024 524099 0 0 6 91
t1   16   39    10.859   -26.217    26.024 524099 0 0 8 14
t1    2   39     0.000    28.377    26.024 524099 0 0 1 14
t1    5   39    15.765    23.594    26.024 524099 0 0 2 91
t1    9   40    28.545     5.678    23.114 524076 0 0 4 92
t1   11   40    28.545    -5.678    23.114 16777215 0 0 5 92
t1   14   40    20.580   -20.580    23.114 524076 0 0 7 13
t1   17   40     5.678   -28.545    23.114 524076 0 0 8 92
t1    3   40     5.678    28.545    23.114 524076 0 0 1 92
t1    6   40    20.580    20.580    23.114 524076 0 0 3 13
t1    9   40    28.545     5.678    23.114 524076 0 0 4 92
t1   11   40    28.545    -5.678    23.114 524076 0 0 5 92
t1   14   40    20.580   -20.580    23.114 524076 0 0 7 13
t1   17   40     5.678   -28.545    23.114 524076 0 0 8 92
t1    3   40     5.678    28.545    23.114 524076 0 0 1 92
t1    6   40    20.580    20.580    23.114 524076 0 0 3 13
t1    9   40    28.545     5.678    23.114 524076 0 0 4 92
t1   11   40    28.545    -5.678    23.114 524076 0 0 5 92
t1   14   40    20.580   -20.580    23.114 524076 0 0 7 13
t1   17   40     5.678   -28.545    23.114 524076 0 0 8 92
t1    3   40     5.678    28.545    23.114 524076 0 0 1 92
t1    6   40    20.580    20.580    23.114 524076 0 0 3 13
t1    9   40    28.545     5.678    23.114 524076 0 0 4 92
t1   11   40    28.545    -5.678    23.114 524076 0 0 5 92
t1   14   40    20.580   -20.580    23.114 524076 0 0 7 13
t1   17   40     5.678   -28.545    23.114 524076 0 0 8 92
t1    3   40     5.678    28.545    23.114 16777215 0 0 1 92
t1    6   40    20.580    20.580    23.114 524076 0 0 3 13
t1    9   40    28.545     5.678    23.114 524076 0 0 4 92
t1   11   40    28.545    -5.678    23.114 16777215 0 0 5 92
t1   14   40    20.580   -20.580    23.114 524076 0 0 7 13
t1   17   40     5.678   -28.545    23.114 524076 0 0 8 92
t1    3   40     5.678    28.545    23.114 524076 0 0 1 92
t1    6   40    20.580    20.580    23.114 524076 0 0 3 13
t1    9   40    28.545     5.678    23.114 16777215 0 0 4 92
t1   11   40    28.545    -5.678    23.114 524076 0 0 5 92
t1   14   40    20.580   -20.580    23.114 524076 0 0 7 13
t1   17   40     5.678   -28.545    23.114 524076 0 0 8 92
t1    3   40     5.678    28.545    23.114 524076 0 0 1 92
t1    6   40    20.580    20.580    23.114 524076 0 0 3 13
t1   10   41    29.832     0.000    20.203 524054 0 0 5 12
t1   12   41    27.561   -11.416    20.203 524054 0 0 6 12
t1   15   41    16.574   -24.804    20.203 524054 0 0 7 93
t1    4   41    11.416    27.561    20.203 524054 0 0 2 12
t1    7   41    24.804    16.574    20.203 524054 0 0 3 93
t1   10   41    29.832     0.000    20.203 524054 0 0 5 12
t1   12   41    27.561   -11.416    20.203 16777215 0 0 6 12
t1   15   41    16.574   -24.804    20.203 524054 0 0 7 93
t1    4   41    11.416    27.561    20.203 524054 0 0 2 12
t1    7   41    24.804    16.574    20.203 524054 0 0 3 93
t1   10   41    29.832     0.000    20.203 524054 0 0 5 12
t1   12   41    27.561   -11.416    20.203 524054 0 0 6 12
t1   15   41    16.574   -24.804    20.203 524054 0 0 7 93
t1    4   41    11.416    27.561    20.203 524054 0 0 2 12
t1    7   41    24.804    16.574    20.203 524054 0 0 3 93
t1   10   41    29.832     0.000    20.203 16777215 0 0 5 12
t1   12   41    27.561   -11.416    20.203 16777215 0 0 6 12
t1   15   41    16.574   -24.804    20.203 524054 0 0 7 93
t1    4   41    11.416    27.561    20.203 524054 0 0 2 12
t1    7   41    24.804    16.574    20.203 524054 0 0 3 93
t1   10   41    29.832     0.000    20.203 524054 0 0 5 12
t1   12   41    27.561   -11.416    20.203 524054 0 0 6 12
t1   15   41    16.574   -24.804    20.203 524054 0 0 7 93
t1    4   41    11.416    27.561    20.203 524054 0 0 2 12
t1    7   41    24.804    16.574    20.203 524054 0 0 3 93
t1   10   41    29.832     0.000    20.203 524054 0 0 5 12
t1   12   41    27.561   -11.416    20.203 524054 0 0 6 12
t1   15   41    16.574   -24.804    20.203 524054 0 0 7 93
t1    4   41    11.416    27.561    20.203 524054 0 0 2 12
t1    7   41    24.804    16.574    20.203 524054 0 0 3 93
t1   11   42    29.972    -5.962    17.293 1048327 0 0 5 94
t1   13   42    25.409   -16.978    17.293 1048327 0 0 6 94
t1   16   42    11.695   -28.233    17.293 1048327 0 0 8 11
t1    2   42     0.000    30.559    17.293 1048327 0 0 1 11
t1    5   42    16.978    25.409    17.293 1048327 0 0 2 94
t1    8   42    28.233    11.695    17.293 1048327 0 0 4 11
t1   11   42    29.972    -5.962    17.293 1048327 0 0 5 94
t1   13   42    25.409   -16.978    17.293 1048327 0 0 6 94
t1   16   42    11.695   -28.233    17.293 16777215 0 0 8 11
t1    2   42     0.000    30.559    17.293 1048327 0 0 1 11
t1    5   42    16.978    25.409    17.293 1048327 0 0 2 94
t1    8   42    28.233    11.695    17.293 1048327 0 0 4 11
t1   11   42    29.972    -5.962    17.293 1048327 0 0 5 94
t1   13   42    25.409   -16.978    17.293 1048327 0 0 6 94
t1   16   42    11.695   -28.233    17.293 1048327 0 0 8 11
t1    2   42     0.000    30.559    17.293 1048327 0 0 1 11
t1    5   42    16.978    25.409    17.293 1048327 0 0 2 94
t1    8   42    28.233    11.695    17.293 1048327 0 0 4 11
t1   11   42    29.972    -5.962    17.293 1048327 0 0 5 94
t1   13   42    25.409   -16.978    17.293 1048327 0 0 6 94
t1   16   42    11.695   -28.233    17.293 1048327 0 0 8 11
t1    2   42     0.000    30.559    17.293 1048327 0 0 1 11
t1    5   42    16.978    25.409    17.293 1048327 0 0 2 94
t1    8   42    28.233    11.695    17.293 1048327 0 0 4 11
t1   11   42    29.972    -5.962    17.293 1048327 0 0 5 94
t1   13   42    25.409   -16.978    17.293 1048327 0 0 6 94
t1   16   42    11.695   -28.233    17.293 1048327 0 0 8 11
t1    2   42     0.000    30.559    17.293 1048327 0 0 1 11
t1    5   42    16.978    25.409    17.293 1048327 0 0 2 94
t1    8   42    28.233    11.695    17.293 16777215 0 0 4 11
t1   12   43    28.906   -11.973    14.382 2490119 0 0 6 10
t1   14   43    22.123   -22.123    14.382 2490119 0 0 7 10
t1   17   43     6.104   -30.686    14.382 16777215 0 0 8 95
t1    3   43     6.104    30.686    14.382 2490119 0 0 1 95
t1    6   43    22.123    22.123    14.382 2490119 0 0 3 10
t1    9   43    30.686     6.104    14.382 2490119 0 0 4 95
t1   12   43    28.906   -11.973    14.382 2490119 0 0 6 10
t1   14   43    22.123   -22.123    14.382 16777215 0 0 7 10
t1   17   43     6.104   -30.686    14.382 2490119 0 0 8 95
t1    3   43     6.104    30.686    14.382 2490119 0 0 1 95
t1    6   43    22.123    22.123    14.382 2490119 0 0 3 10
t1    9   43    30.686     6.104    14.382 16777215 0 0 4 95
t1   12   43    28.906   -11.973    14.382 2490119 0 0 6 10
t1   14   43    22.123   -22.123    14.382 2490119 0 0 7 10
t1   17   43     6.104   -30.686    14.382 2490119 0 0 8 95
t1    3   43     6.104    30.686    14.382 16777215 0 0 1 95
t1    6   43    22.123    22.123    14.382 2490119 0 0 3 10
t1    9   43    30.686     6.104    14.382 2490119 0 0 4 95
t1   12   43    28.906   -11.973    14.382 2490119 0 0 6 10
t1   14   43    22.123   -22.123    14.382 2490119 0 0 7 10
t1   17   43     6.104   -30.686    14.382 16777215 0 0 8 95
t1    3   43     6.104    30.686    14.382 2490119 0 0 1 95
t1    6   43    22.123    22.123    14.382 2490119 0 0 3 10
t1    9   43    30.686     6.104    14.382 2490119 0 0 4 95
t1   12   43    28.906   -11.973    14.382 2490119 0 0 6 10
t1   14   43    22.123   -22.123    14.382 2490119 0 0 7 10
t1   17   43     6.104   -30.686    14.382 2490119 0 0 8 95
t1    3   43     6.104    30.686    14.382 2490119 0 0 1 95
t1    6   43    22.123    22.123    14.382 2490119 0 0 3 10
t1    9   43    30.686     6.104    14.382 2490119 0 0 4 95
t1   12   43    28.906   -11.973    14.382 2490119 0 0 6 10
t1   14   43    22.123   -22.123    14.382 16777215 0 0 7 10
t1   17   43     6.104   -30.686    14.382 16777215 0 0 8 95
t1    3   43     6.104    30.686    14.382 2490119 0 0 1 95
t1    6   43    22.123    22.123    14.382 2490119 0 0 3 10
t1    9   43    30.686     6.104    14.382 2490119 0 0 4 95
t1   13   44    26.619   -17.786    11.472 3997448 0 0 6 96
t1   15   44    17.786   -26.619    11.472 3997448 0 0 7 96
t1    4   44    12.251    29.578    11.472 16777215 0 0 2 9
t1    7   44    26.619    17.786    11.472 3997448 0 0 3 96
t1   10   44    32.015     0.000    11.472 3997448 0 0 5 9
t1   13   44    26.619   -17.786    11.472 3997448 0 0 6 96
t1   15   44    17.786   -26.619    11.472 3997448 0 0 7 96
t1    4   44    12.251    29.578    11.472 3997448 0 0 2 9
t1    7   44    26.619    17.786    11.472 3997448 0 0 3 96
t1   10   44    32.015     0.000    11.472 3997448 0 0 5 9
t1   13   44    26.619   -17.786    11.472 3997448 0 0 6 96
t1   15   44    17.786   -26.619    11.472 3997448 0 0 7 96
t1    4   44    12.251    29.578    11.472 3997448 0 0 2 9
t1    7   44    26.619    17.786    11.472 3997448 0 0 3 96
t1   10   44    32.015     0.000    11.472 3997448 0 0 5 9
t1   13   44    26.619   -17.786    11.472 3997448 0 0 6 96
t1   15   44    17.786   -26.619    11.472 3997448 0 0 7 96
t1    4   44    12.251    29.578    11.472 16777215 0 0 2 9
t1    7   44    26.619    17.786    11.472 3997448 0 0 3 96
t1   10   44    32.015     0.000    11.472 3997448 0 0 5 9
t1   13   44    26.619   -17.786    11.472 3997448 0 0 6 96
t1   15   44    17.786   -26.619    11.472 3997448 0 0 7 96
t1    4   44    12.251    29.578    11.472 3997448 0 0 2 9
t1    7   44    26.619    17.786    11.472 3997448 0 0 3 96
t1   10   44    32.015     0.000    11.472 3997448 0 0 5 9
t1   14   45    23.152   -23.152     8.561 5439240 0 0 7 8
t1   16   45    12.530   -30.250     8.561 5439240 0 0 8 8
t1    2   45     0.000    32.742     8.561 16777215 0 0 1 8
t1    5   45    18.191    27.224     8.561 16777215 0 0 2 97
t1    8   45    30.250    12.530     8.561 5439240 0 0 4 8
t1   11   45    32.113    -6.388     8.561 5439240 0 0 5 97
t1   14   45    23.152   -23.152     8.561 5439240 0 0 7 8
t1   16   45    12.530   -30.250     8.561 5439240 0 0 8 8
t1    2   45     0.000    32.742     8.561 5439240 0 0 1 8
t1    5   45    18.191    27.224     8.561 5439240 0 0 2 97
t1    8   45    30.250    12.530     8.561 5439240 0 0 4 8
t1   11   45    32.113    -6.388     8.561 5439240 0 0 5 97
t1   14   45    23.152   -23.152     8.561 16777215 0 0 7 8
t1   16   45    12.530   -30.250     8.561 5439240 0 0 8 8
t1    2   45     0.000    32.742     8.561 5439240 0 0 1 8
t1    5   45    18.191    27.224     8.561 5439240 0 0 2 97
t1    8   45    30.250    12.530     8.561 5439240 0 0 4 8
t1   11   45    32.113    -6.388     8.561 5439240 0 0 5 97
t1   14   45    23.152   -23.152     8.561 5439240 0 0 7 8
t1   16   45    12.530   -30.250     8.561 5439240 0 0 8 8
t1    2   45     0.000    32.742     8.561 5439240 0 0 1 8
t1    5   45    18.191    27.224     8.561 5439240 0 0 2 97
t1    8   45    30.250    12.530     8.561 5439240 0 0 4 8
t1   11   45    32.113    -6.388     8.561 5439240 0 0 5 97
t1   14   45    23.152   -23.152     8.561 16777215 0 0 7 8
t1   16   45    12.530   -30.250     8.561 5439240 0 0 8 8
t1    2   45     0.000    32.742     8.561 5439240 0 0 1 8
t1    5   45    18.191    27.224     8.561 5439240 0 0 2 97
t1    8   45    30.250    12.530     8.561 5439240 0 0 4 8
t1   11   45    32.113    -6.388     8.561 5439240 0 0 5 97
t1   14   45    23.152   -23.152     8.561 5439240 0 0 7 8
t1   16   45    12.530   -30.250     8.561 5439240 0 0 8 8
t1    2   45     0.000    32.742     8.561 5439240 0 0 1 8
t1    5   45    18.191    27.224     8.561 5439240 0 0 2 97
t1    8   45    30.250    12.530     8.561 5439240 0 0 4 8
t1   11   45    32.113    -6.388     8.561 5439240 0 0 5 97
t1   15   46    18.595   -27.829     5.651 6946568 0 0 7 98
t1   17   46     6.530   -32.827     5.651 6946568 0 0 8 98
t1    3   46     6.530    32.827     5.651 6946568 0 0 1 98
t1    6   46    23.667    23.667     5.651 6946568 0 0 3 7
t1    9   46    32.827     6.530     5.651 6946568 0 0 4 98
t1   12   46    30.922   -12.808     5.651 6946568 0 0 6 7
t1   15   46    18.595   -27.829     5.651 6946568 0 0 7 98
t1   17   46     6.530   -32.827     5.651 6946568 0 0 8 98
t1    3   46     6.530    32.827     5.651 6946568 0 0 1 98
t1    6   46    23.667    23.667     5.651 6946568 0 0 3 7
t1    9   46    32.827     6.530     5.651 6946568 0 0 4 98
t1   12   46    30.922   -12.808     5.651 6946568 0 0 6 7
t1   15   46    18.595   -27.829     5.651 6946568 0 0 7 98
t1   17   46     6.530   -32.827     5.651 6946568 0 0 8 98
t1    3   46     6.530    32.827     5.651 6946568 0 0 1 98
t1    6   46    23.667    23.667     5.651 6946568 0 0 3 7
t1    9   46    32.827     6.530     5.651 16777215 0 0 4 98
t1   12   46    30.922   -12.808     5.651 6946568 0 0 6 7
t1   15   46    18.595   -27.829     5.651 6946568 0 0 7 98
t1   17   46     6.530   -32.827     5.651 6946568 0 0 8 98
t1    3   46     6.530    32.827     5.651 6946568 0 0 1 98
t1    6   46    23.667    23.667     5.651 6946568 0 0 3 7
t1    9   46    32.827     6.530     5.651 6946568 0 0 4 98
t1   12   46    30.922   -12.808     5.651 6946568 0 0 6 7
t1   15   46    18.595   -27.829     5.651 6946568 0 0 7 98
t1   17   46     6.530   -32.827     5.651 6946568 0 0 8 98
t1    3   46     6.530    32.827     5.651 6946568 0 0 1 98
t1    6   46    23.667    23.667     5.651 6946568 0 0 3 7
t1    9   46    32.827     6.530     5.651 6946568 0 0 4 98
t1   12   46    30.922   -12.808     5.651 6946568 0 0 6 7
t1   16   47    13.087   -31.594     2.741 8388360 0 0 8 6
t1    4   47    13.087    31.594     2.741 8388360 0 0 2 6
t1    7   47    28.434    18.999     2.741 8388360 0 0 3 99
t1   10   47    34.198     0.000     2.741 16777215 0 0 5 6
t1   13   47    28.434   -18.999     2.741 8388360 0 0 6 99
t1   16   47    13.087   -31.594     2.741 8388360 0 0 8 6
t1    4   47    13.087    31.594     2.741 8388360 0 0 2 6
t1    7   47    28.434    18.999     2.741 8388360 0 0 3 99
t1   10   47    34.198     0.000     2.741 8388360 0 0 5 6
t1   13   47    28.434   -18.999     2.741 8388360 0 0 6 99
t1   16   47    13.087   -31.594     2.741 8388360 0 0 8 6
t1    4   47    13.087    31.594     2.741 8388360 0 0 2 6
t1    7   47    28.434    18.999     2.741 16777215 0 0 3 99
t1   10   47    34.198     0.000     2.741 16777215 0 0 5 6
t1   13   47    28.434   -18.999     2.741 8388360 0 0 6 99
t1   16   47    13.087   -31.594     2.741 8388360 0 0 8 6
t1    4   47    13.087    31.594     2.741 8388360 0 0 2 6
t1    7   47    28.434    18.999     2.741 8388360 0 0 3 99
t1   10   47    34.198     0.000     2.741 8388360 0 0 5 6
t1   13   47    28.434   -18.999     2.741 8388360 0 0 6 99
t1   16   47    13.087   -31.594     2.741 8388360 0 0 8 6
t1    4   47    13.087    31.594     2.741 8388360 0 0 2 6
t1    7   47    28.434    18.999     2.741 8388360 0 0 3 99
t1   10   47    34.198     0.000     2.741 8388360 0 0 5 6
t1   13   47    28.434   -18.999     2.741 8388360 0 0 6 99
t1   16   47    13.087   -31.594     2.741 8388360 0 0 8 6
t1    4   47    13.087    31.594     2.741 8388360 0 0 2 6
t1    7   47    28.434    18.999     2.741 8388360 0 0 3 99
t1   10   47    34.198     0.000     2.741 8388360 0 0 5 6
t1   13   47    28.434   -18.999     2.741 8388360 0 0 6 99
t1   17   48     6.814   -34.254    -0.170 9895688 0 0 8 100
t1    2   48     0.000    34.925    -0.170 9895688 0 0 1 5
t1    5   48    19.403    29.039    -0.170 9895688 0 0 2 100
t1    8   48    32.267    13.365    -0.170 9895688 0 0 4 5
t1   11   48    34.254    -6.814    -0.170 9895688 0 0 5 100
t1   14   48    24.696   -24.696    -0.170 9895688 0 0 7 5
t1   17   48     6.814   -34.254    -0.170 9895688 0 0 8 100
t1    2   48     0.000    34.925    -0.170 9895688 0 0 1 5
t1    5   48    19.403    29.039    -0.170 9895688 0 0 2 100
t1    8   48    32.267    13.365    -0.170 9895688 0 0 4 5
t1   11   48    34.254    -6.814    -0.170 9895688 0 0 5 100
t1   14   48    24.696   -24.696    -0.170 9895688 0 0 7 5
t1   17   48     6.814   -34.254    -0.170 9895688 0 0 8 100
t1    2   48     0.000    34.925    -0.170 9895688 0 0 1 5
t1    5   48    19.403    29.039    -0.170 9895688 0 0 2 100
t1    8   48    32.267    13.365    -0.170 9895688 0 0 4 5
t1   11   48    34.254    -6.814    -0.170 9895688 0 0 5 100
t1   14   48    24.696   -24.696    -0.170 9895688 0 0 7 5
t1   17   48     6.814   -34.254    -0.170 9895688 0 0 8 100
t1    2   48     0.000    34.925    -0.170 9895688 0 0 1 5
t1    5   48    19.403    29.039    -0.170 9895688 0 0 2 100
t1    8   48    32.267    13.365    -0.170 9895688 0 0 4 5
t1   11   48    34.254    -6.814    -0.170 9895688 0 0 5 100
t1   14   48    24.696   -24.696    -0.170 9895688 0 0 7 5
t1   17   48     6.814   -34.254    -0.170 9895688 0 0 8 100
t1    2   48     0.000    34.925    -0.170 9895688 0 0 1 5
t1    5   48    19.403    29.039    -0.170 16777215 0 0 2 100
t1    8   48    32.267    13.365    -0.170 9895688 0 0 4 5
t1   11   48    34.254    -6.814    -0.170 9895688 0 0 5 100
t1   14   48    24.696   -24.696    -0.170 16777215 0 0 7 5
t1    3   49     6.956    34.968    -3.080 11337480 0 0 1 101
t1    6   49    25.210    25.210    -3.080 11337480 0 0 3 4
t1    9   49    34.968     6.956    -3.080 11337480 0 0 4 101
t1   12   49    32.939   -13.644    -3.080 11337480 0 0 6 4
t1   15   49    19.808   -29.644    -3.080 11337480 0 0 7 101
t1    3   49     6.956    34.968    -3.080 11337480 0 0 1 101
t1    6   49    25.210    25.210    -3.080 16777215 0 0 3 4
t1    9   49    34.968     6.956    -3.080 11337480 0 0 4 101
t1   12   49    32.939   -13.644    -3.080 11337480 0 0 6 4
t1   15   49    19.808   -29.644    -3.080 11337480 0 0 7 101
t1    3   49     6.956    34.968    -3.080 11337480 0 0 1 101
t1    6   49    25.210    25.210    -3.080 11337480 0 0 3 4
t1    9   49    34.968     6.956    -3.080 11337480 0 0 4 101
t1   12   49    32.939   -13.644    -3.080 11337480 0 0 6 4
t1   15   49    19.808   -29.644    -3.080 16777215 0 0 7 101
t1    3   49     6.956    34.968    -3.080 11337480 0 0 1 101
t1    6   49    25.210    25.210    -3.080 11337480 0 0 3 4
t1    9   49    34.968     6.956    -3.080 11337480 0 0 4 101
t1   12   49    32.939   -13.644    -3.080 11337480 0 0 6 4
t1   15   49    19.808   -29.644    -3.080 16777215 0 0 7 101
t1    3   49     6.956    34.968    -3.080 11337480 0 0 1 101
t1    6   49    25.210    25.210    -3.080 11337480 0 0 3 4
t1    9   49    34.968     6.956    -3.080 11337480 0 0 4 101
t1   12   49    32.939   -13.644    -3.080 16777215 0 0 6 4
t1   15   49    19.808   -29.644    -3.080 16777215 0 0 7 101
t1    3   49     6.956    34.968    -3.080 11337480 0 0 1 101
t1    6   49    25.210    25.210    -3.080 11337480 0 0 3 4
t1    9   49    34.968     6.956    -3.080 11337480 0 0 4 101
t1   12   49    32.939   -13.644    -3.080 11337480 0 0 6 4
t1   15   49    19.808   -29.644    -3.080 11337480 0 0 7 101
t1    4   50    13.922    33.611    -5.991 12779272 0 0 2 3
t1    7   50    30.249    20.212    -5.991 12779272 0 0 3 102
t1   10   50    36.380     0.000    -5.991 12779272 0 0 5 3
t1   13   50    30.249   -20.212    -5.991 12779272 0 0 6 102
t1   16   50    13.922   -33.611    -5.991 12779272 0 0 8 3
t1    4   50    13.922    33.611    -5.991 12779272 0 0 2 3
t1    7   50    30.249    20.212    -5.991 12779272 0 0 3 102
t1   10   50    36.380     0.000    -5.991 12779272 0 0 5 3
t1   13   50    30.249   -20.212    -5.991 12779272 0 0 6 102
t1   16   50    13.922   -33.611    -5.991 12779272 0 0 8 3
t1    4   50    13.922    33.611    -5.991 12779272 0 0 2 3
t1    7   50    30.249    20.212    -5.991 12779272 0 0 3 102
t1   10   50    36.380     0.000    -5.991 12779272 0 0 5 3
t1   13   50    30.249   -20.212    -5.991 16777215 0 0 6 102
t1   16   50    13.922   -33.611    -5.991 12779272 0 0 8 3
t1    4   50    13.922    33.611    -5.991 12779272 0 0 2 3
t1    7   50    30.249    20.212    -5.991 12779272 0 0 3 102
t1   10   50    36.380     0.000    -5.991 12779272 0 0 5 3
t1   13   50    30.249   -20.212    -5.991 12779272 0 0 6 102
t1   16   50    13.922   -33.611    -5.991 12779272 0 0 8 3
t1    4   50    13.922    33.611    -5.991 12779272 0 0 2 3
t1    7   50    30.249    20.212    -5.991 12779272 0 0 3 102
t1   10   50    36.380     0.000    -5.991 12779272 0 0 5 3
t1   13   50    30.249   -20.212    -5.991 12779272 0 0 6 102
t1   16   50    13.922   -33.611    -5.991 12779272 0 0 8 3
t1    2   51     0.000    37.108    -8.901 16777215 0 0 1 2
t1    5   51    20.616    30.854    -8.901 14286600 0 0 2 103
t1    8   51    34.283    14.201    -8.901 14286600 0 0 4 2
t1   11   51    36.395    -7.239    -8.901 14286600 0 0 5 103
t1   14   51    26.239   -26.239    -8.901 14286600 0 0 7 2
t1   17   51     7.239   -36.395    -8.901 14286600 0 0 8 103
t1    2   51     0.000    37.108    -8.901 14286600 0 0 1 2
t1    5   51    20.616    30.854    -8.901 14286600 0 0 2 103
t1    8   51    34.283    14.201    -8.901 14286600 0 0 4 2
t1   11   51    36.395    -7.239    -8.901 14286600 0 0 5 103
t1   14   51    26.239   -26.239    -8.901 14286600 0 0 7 2
t1   17   51     7.239   -36.395    -8.901 14286600 0 0 8 103
t1    2   51     0.000    37.108    -8.901 14286600 0 0 1 2
t1    5   51    20.616    30.854    -8.901 14286600 0 0 2 103
t1    8   51    34.283    14.201    -8.901 14286600 0 0 4 2
t1   11   51    36.395    -7.239    -8.901 14286600 0 0 5 103
t1   14   51    26.239   -26.239    -8.901 14286600 0 0 7 2
t1   17   51     7.239   -36.395    -8.901 14286600 0 0 8 103
t1    2   51     0.000    37.108    -8.901 14286600 0 0 1 2
t1    5   51    20.616    30.854    -8.901 14286600 0 0 2 103
t1    8   51    34.283    14.201    -8.901 14286600 0 0 4 2
t1   11   51    36.395    -7.239    -8.901 16777215 0 0 5 103
t1   14   51    26.239   -26.239    -8.901 14286600 0 0 7 2
t1   17   51     7.239   -36.395    -8.901 14286600 0 0 8 103
t1    2   51     0.000    37.108    -8.901 14286600 0 0 1 2
t1    5   51    20.616    30.854    -8.901 14286600 0 0 2 103
t1    8   51    34.283    14.201    -8.901 14286600 0 0 4 2
t1   11   51    36.395    -7.239    -8.901 14286600 0 0 5 103
t1   14   51    26.239   -26.239    -8.901 14286600 0 0 7 2
t1   17   51     7.239   -36.395    -8.901 14286600 0 0 8 103
t1    2   51     0.000    37.108    -8.901 14286600 0 0 1 2
t1    5   51    20.616    30.854    -8.901 14286600 0 0 2 103
t1    8   51    34.283    14.201    -8.901 14286600 0 0 4 2
t1   11   51    36.395    -7.239    -8.901 14286600 0 0 5 103
t1   14   51    26.239   -26.239    -8.901 14286600 0 0 7 2
t1   17   51     7.239   -36.395    -8.901 14286600 0 0 8 103
t1    3   52     7.381    37.109   -11.812 15728392 0 0 1 104
t1    6   52    26.754    26.754   -11.812 15728392 0 0 3 1
t1    9   52    37.109     7.381   -11.812 15728392 0 0 4 104
t1   12   52    34.955   -14.479   -11.812 15728392 0 0 6 1
t1   15   52    21.020   -31.459   -11.812 15728392 0 0 7 104
t1    3   52     7.381    37.109   -11.812 15728392 0 0 1 104
t1    6   52    26.754    26.754   -11.812 15728392 0 0 3 1
t1    9   52    37.109     7.381   -11.812 15728392 0 0 4 104
t1   12   52    34.955   -14.479   -11.812 15728392 0 0 6 1
t1   15   52    21.020   -31.459   -11.812 15728392 0 0 7 104
t1    3   52     7.381    37.109   -11.812 15728392 0 0 1 104
t1    6   52    26.754    26.754   -11.812 16777215 0 0 3 1
t1    9   52    37.109     7.381   -11.812 15728392 0 0 4 104
t1   12   52    34.955   -14.479   -11.812 15728392 0 0 6 1
t1   15   52    21.020   -31.459   -11.812 15728392 0 0 7 104
t1    3   52     7.381    37.109   -11.812 15728392 0 0 1 104
t1    6   52    26.754    26.754   -11.812 15728392 0 0 3 1
t1    9   52    37.109     7.381   -11.812 15728392 0 0 4 104
t1   12   52    34.955   -14.479   -11.812 15728392 0 0 6 1
t1   15   52    21.020   -31.459   -11.812 15728392 0 0 7 104
t1    3   52     7.381    37.109   -11.812 15728392 0 0 1 104
t1    6   52    26.754    26.754   -11.812 15728392 0 0 3 1
t1    9   52    37.109     7.381   -11.812 15728392 0 0 4 104
t1   12   52    34.955   -14.479   -11.812 15728392 0 0 6 1
t1   15   52    21.020   -31.459   -11.812 15728392 0 0 7 104
