#    workspaces/2/AA+SEAN33_d_8.dat
t1    2    1     0.728     0.000   136.620 16713046 0 0 5 52
t1    4    1     0.672    -0.278   136.620 16713046 0 0 6 52
t1    7    1     0.404    -0.605   136.620 16713046 0 0 7 53
t1   28    1     0.278     0.672   136.620 16777215 0 0 2 52
t1   31    1     0.605     0.404   136.620 16713046 0 0 3 53
t1    2    1     0.728     0.000   136.620 16713046 0 0 5 52
t1    4    1     0.672    -0.278   136.620 16713046 0 0 6 52
t1    7    1     0.404    -0.605   136.620 16713046 0 0 7 53
t1   28    1     0.278     0.672   136.620 16713046 0 0 2 52
t1   31    1     0.605     0.404   136.620 16777215 0 0 3 53
t1    2    1     0.728     0.000   136.620 16713046 0 0 5 52
t1    4    1     0.672    -0.278   136.620 16713046 0 0 6 52
t1    7    1     0.404    -0.605   136.620 16713046 0 0 7 53
t1   28    1     0.278     0.672   136.620 16713046 0 0 2 52
t1   31    1     0.605     0.404   136.620 16777215 0 0 3 53
t1    2    1     0.728     0.000   136.620 16713046 0 0 5 52
t1    4    1     0.672    -0.278   136.620 16713046 0 0 6 52
t1    7    1     0.404    -0.605   136.620 16713046 0 0 7 53
t1   28    1     0.278     0.672   136.620 16713046 0 0 2 52
t1   31    1     0.605     0.404   136.620 16713046 0 0 3 53
t1    2    1     0.728     0.000   136.620 16713046 0 0 5 52
t1    4    1     0.672    -0.278   136.620 16713046 0 0 6 52
t1    7    1     0.404    -0.605   136.620 16713046 0 0 7 53
t1   28    1     0.278     0.672   136.620 16713046 0 0 2 52
t1   31    1     0.605     0.404   136.620 16713046 0 0 3 53
t1    2    1     0.728     0.000   136.620 16713046 0 0 5 52
t1    4    1     0.672    -0.278   136.620 16713046 0 0 6 52
t1    7    1     0.404    -0.605   136.620 16713046 0 0 7 53
t1   28    1     0.278     0.672   136.620 16713046 0 0 2 52
t1   31    1     0.605     0.404   136.620 16713046 0 0 3 53
t1    3    2     1.427    -0.284   133.710 16777215 0 0 5 54
t1    5    2     1.210    -0.808   133.710 16713068 0 0 6 54
t1    8    2     0.557    -1.344   133.710 16713068 0 0 8 51
t1   26    2     0.000     1.455   133.710 16713068 0 0 1 51
t1   29    2     0.808     1.210   133.710 16777215 0 0 2 54
t1   32    2     1.344     0.557   133.710 16713068 0 0 4 51
t1    3    2     1.427    -0.284   133.710 16713068 0 0 5 54
t1    5    2     1.210    -0.808   133.710 16713068 0 0 6 54
t1    8    2     0.557    -1.344   133.710 16713068 0 0 8 51
t1   26    2     0.000     1.455   133.710 16713068 0 0 1 51
t1   29    2     0.808     1.210   133.710 16713068 0 0 2 54
t1   32    2     1.344     0.557   133.710 16777215 0 0 4 51
t1    3    2     1.427    -0.284   133.710 16713068 0 0 5 54
t1    5    2     1.210    -0.808   133.710 16713068 0 0 6 54
t1    8    2     0.557    -1.344   133.710 16713068 0 0 8 51
t1   26    2     0.000     1.455   133.710 16713068 0 0 1 51
t1   29    2     0.808     1.210   133.710 16713068 0 0 2 54
t1   32    2     1.344     0.557   133.710 16713068 0 0 4 51
t1    3    2     1.427    -0.284   133.710 16777215 0 0 5 54
t1    5    2     1.210    -0.808   133.710 16713068 0 0 6 54
t1    8    2     0.557    -1.344   133.710 16777215 0 0 8 51
t1   26    2     0.000     1.455   133.710 16713068 0 0 1 51
t1   29    2     0.808     1.210   133.710 16713068 0 0 2 54
t1   32    2     1.344     0.557   133.710 16713068 0 0 4 51
t1    3    2     1.427    -0.284   133.710 16713068 0 0 5 54
t1    5    2     1.210    -0.808   133.710 16713068 0 0 6 54
t1    8    2     0.557    -1.344   133.710 16777215 0 0 8 51
t1   26    2     0.000     1.455   133.710 16777215 0 0 1 51
t1   29    2     0.808     1.210   133.710 16713068 0 0 2 54
t1   32    2     1.344     0.557   133.710 16713068 0 0 4 51
t1    3    2     1.427    -0.284   133.710 16713068 0 0 5 54
t1    5    2     1.210    -0.808   133.710 16713068 0 0 6 54
t1    8    2     0.557    -1.344   133.710 16713068 0 0 8 51
t1   26    2     0.000     1.455   133.710 16713068 0 0 1 51
t1   29    2     0.808     1.210   133.710 16713068 0 0 2 54
t1   32    2     1.344     0.557   133.710 16713068 0 0 4 51
t1    4    3     2.017    -0.835   130.799 16713091 0 0 6 50
t1    6    3     1.543    -1.543   130.799 16713091 0 0 7 50
t1    9    3     0.426    -2.141   130.799 16713091 0 0 8 55
t1   27    3     0.426     2.141   130.799 16713091 0 0 1 55
t1   30    3     1.543     1.543   130.799 16713091 0 0 3 50
t1    1    3     2.141     0.426   130.799 16713091 0 0 4 55
t1    4    3     2.017    -0.835   130.799 16713091 0 0 6 50
t1    6    3     1.543    -1.543   130.799 16713091 0 0 7 50
t1    9    3     0.426    -2.141   130.799 16713091 0 0 8 55
t1   27    3     0.426     2.141   130.799 16713091 0 0 1 55
t1   30    3     1.543     1.543   130.799 16713091 0 0 3 50
t1    1    3     2.141     0.426   130.799 16713091 0 0 4 55
t1    4    3     2.017    -0.835   130.799 16713091 0 0 6 50
t1    6    3     1.543    -1.543   130.799 16713091 0 0 7 50
t1    9    3     0.426    -2.141   130.799 16713091 0 0 8 55
t1   27    3     0.426     2.141   130.799 16713091 0 0 1 55
t1   30    3     1.543     1.543   130.799 16713091 0 0 3 50
t1    1    3     2.141     0.426   130.799 16777215 0 0 4 55
t1    4    3     2.017    -0.835   130.799 16713091 0 0 6 50
t1    6    3     1.543    -1.543   130.799 16713091 0 0 7 50
t1    9    3     0.426    -2.141   130.799 16713091 0 0 8 55
t1   27    3     0.426     2.141   130.799 16713091 0 0 1 55
t1   30    3     1.543     1.543   130.799 16713091 0 0 3 50
t1    1    3     2.141     0.426   130.799 16713091 0 0 4 55
t1    4    3     2.017    -0.835   130.799 16713091 0 0 6 50
t1    6    3     1.543    -1.543   130.799 16713091 0 0 7 50
t1    9    3     0.426    -2.141   130.799 16713091 0 0 8 55
t1   27    3     0.426     2.141   130.799 16713091 0 0 1 55
t1   30    3     1.543     1.543   130.799 16713091 0 0 3 50
t1    1    3     2.141     0.426   130.799 16713091 0 0 4 55
t1    5    4     2.420    -1.617   127.889 16713114 0 0 6 56
t1    7    4     1.617    -2.420   127.889 16713114 0 0 7 56
t1   28    4     1.114     2.689   127.889 16713114 0 0 2 49
t1   31    4     2.420     1.617   127.889 16713114 0 0 3 56
t1    2    4     2.910     0.000   127.889 16713114 0 0 5 49
t1    5    4     2.420    -1.617   127.889 16777215 0 0 6 56
t1    7    4     1.617    -2.420   127.889 16713114 0 0 7 56
t1   28    4     1.114     2.689   127.889 16713114 0 0 2 49
t1   31    4     2.420     1.617   127.889 16713114 0 0 3 56
t1    2    4     2.910     0.000   127.889 16713114 0 0 5 49
t1    5    4     2.420    -1.617   127.889 16713114 0 0 6 56
t1    7    4     1.617    -2.420   127.889 16713114 0 0 7 56
t1   28    4     1.114     2.689   127.889 16713114 0 0 2 49
t1   31    4     2.420     1.617   127.889 16713114 0 0 3 56
t1    2    4     2.910     0.000   127.889 16713114 0 0 5 49
t1    5    4     2.420    -1.617   127.889 16713114 0 0 6 56
t1    7    4     1.617    -2.420   127.889 16713114 0 0 7 56
t1   28    4     1.114     2.689   127.889 16713114 0 0 2 49
t1   31    4     2.420     1.617   127.889 16713114 0 0 3 56
t1    2    4     2.910     0.000   127.889 16713114 0 0 5 49
t1    5    4     2.420    -1.617   127.889 16713114 0 0 6 56
t1    7    4     1.617    -2.420   127.889 16713114 0 0 7 56
t1   28    4     1.114     2.689   127.889 16713114 0 0 2 49
t1   31    4     2.420     1.617   127.889 16713114 0 0 3 56
t1    2    4     2.910     0.000   127.889 16713114 0 0 5 49
t1    5    4     2.420    -1.617   127.889 16713114 0 0 6 56
t1    7    4     1.617    -2.420   127.889 16713114 0 0 7 56
t1   28    4     1.114     2.689   127.889 16777215 0 0 2 49
t1   31    4     2.420     1.617   127.889 16713114 0 0 3 56
t1    2    4     2.910     0.000   127.889 16713114 0 0 5 49
t1    6    5     2.572    -2.572   124.979 16713136 0 0 7 48
t1    8    5     1.392    -3.361   124.979 16713136 0 0 8 48
t1   26    5     0.000     3.638   124.979 16713136 0 0 1 48
t1   29    5     2.021     3.025   124.979 16713136 0 0 2 57
t1   32    5     3.361     1.392   124.979 16713136 0 0 4 48
t1    3    5     3.568    -0.710   124.979 16713136 0 0 5 57
t1    6    5     2.572    -2.572   124.979 16713136 0 0 7 48
t1    8    5     1.392    -3.361   124.979 16713136 0 0 8 48
t1   26    5     0.000     3.638   124.979 16777215 0 0 1 48
t1   29    5     2.021     3.025   124.979 16713136 0 0 2 57
t1   32    5     3.361     1.392   124.979 16713136 0 0 4 48
t1    3    5     3.568    -0.710   124.979 16713136 0 0 5 57
t1    6    5     2.572    -2.572   124.979 16713136 0 0 7 48
t1    8    5     1.392    -3.361   124.979 16713136 0 0 8 48
t1   26    5     0.000     3.638   124.979 16713136 0 0 1 48
t1   29    5     2.021     3.025   124.979 16777215 0 0 2 57
t1   32    5     3.361     1.392   124.979 16713136 0 0 4 48
t1    3    5     3.568    -0.710   124.979 16777215 0 0 5 57
t1    6    5     2.572    -2.572   124.979 16713136 0 0 7 48
t1    8    5     1.392    -3.361   124.979 16713136 0 0 8 48
t1   26    5     0.000     3.638   124.979 16713136 0 0 1 48
t1   29    5     2.021     3.025   124.979 16713136 0 0 2 57
t1   32    5     3.361     1.392   124.979 16713136 0 0 4 48
t1    3    5     3.568    -0.710   124.979 16777215 0 0 5 57
t1    6    5     2.572    -2.572   124.979 16777215 0 0 7 48
t1    8    5     1.392    -3.361   124.979 16713136 0 0 8 48
t1   26    5     0.000     3.638   124.979 16713136 0 0 1 48
t1   29    5     2.021     3.025   124.979 16713136 0 0 2 57
t1   32    5     3.361     1.392   124.979 16713136 0 0 4 48
t1    3    5     3.568    -0.710   124.979 16713136 0 0 5 57
t1    7    6     2.425    -3.630   122.068 16713159 0 0 7 58
t1    9    6     0.852    -4.282   122.068 16777215 0 0 8 58
t1   27    6     0.852     4.282   122.068 16713159 0 0 1 58
t1   30    6     3.087     3.087   122.068 16713159 0 0 3 47
t1    1    6     4.282     0.852   122.068 16713159 0 0 4 58
t1    4    6     4.033    -1.671   122.068 16713159 0 0 6 47
t1    7    6     2.425    -3.630   122.068 16713159 0 0 7 58
t1    9    6     0.852    -4.282   122.068 16713159 0 0 8 58
t1   27    6     0.852     4.282   122.068 16713159 0 0 1 58
t1   30    6     3.087     3.087   122.068 16713159 0 0 3 47
t1    1    6     4.282     0.852   122.068 16713159 0 0 4 58
t1    4    6     4.033    -1.671   122.068 16713159 0 0 6 47
t1    7    6     2.425    -3.630   122.068 16713159 0 0 7 58
t1    9    6     0.852    -4.282   122.068 16713159 0 0 8 58
t1   27    6     0.852     4.282   122.068 16713159 0 0 1 58
t1   30    6     3.087     3.087   122.068 16713159 0 0 3 47
t1    1    6     4.282     0.852   122.068 16713159 0 0 4 58
t1    4    6     4.033    -1.671   122.068 16713159 0 0 6 47
t1    7    6     2.425    -3.630   122.068 16713159 0 0 7 58
t1    9    6     0.852    -4.282   122.068 16713159 0 0 8 58
t1   27    6     0.852     4.282   122.068 16777215 0 0 1 58
t1   30    6     3.087     3.087   122.068 16713159 0 0 3 47
t1    1    6     4.282     0.852   122.068 16713159 0 0 4 58
t1    4    6     4.033    -1.671   122.068 16713159 0 0 6 47
t1    7    6     2.425    -3.630   122.068 16713159 0 0 7 58
t1    9    6     0.852    -4.282   122.068 16713159 0 0 8 58
t1   27    6     0.852     4.282   122.068 16713159 0 0 1 58
t1   30    6     3.087     3.087   122.068 16713159 0 0 3 47
t1    1    6     4.282     0.852   122.068 16713159 0 0 4 58
t1    4    6     4.033    -1.671   122.068 16713159 0 0 6 47
t1    7    6     2.425    -3.630   122.068 16777215 0 0 7 58
t1    9    6     0.852    -4.282   122.068 16713159 0 0 8 58
t1   27    6     0.852     4.282   122.068 16713159 0 0 1 58
t1   30    6     3.087     3.087   122.068 16713159 0 0 3 47
t1    1    6     4.282     0.852   122.068 16713159 0 0 4 58
t1    4    6     4.033    -1.671   122.068 16713159 0 0 6 47
t1    8    7     1.949    -4.706   119.158 16713181 0 0 8 46
t1   28    7     1.949     4.706   119.158 16713181 0 0 2 46
t1   31    7     4.235     2.830   119.158 16713181 0 0 3 59
t1    2    7     5.093     0.000   119.158 16713181 0 0 5 46
t1    5    7     4.235    -2.830   119.158 16713181 0 0 6 59
t1    8    7     1.949    -4.706   119.158 16713181 0 0 8 46
t1   28    7     1.949     4.706   119.158 16713181 0 0 2 46
t1   31    7     4.235     2.830   119.158 16713181 0 0 3 59
t1    2    7     5.093     0.000   119.158 16713181 0 0 5 46
t1    5    7     4.235    -2.830   119.158 16713181 0 0 6 59
t1    8    7     1.949    -4.706   119.158 16713181 0 0 8 46
t1   28    7     1.949     4.706   119.158 16713181 0 0 2 46
t1   31    7     4.235     2.830   119.158 16713181 0 0 3 59
t1    2    7     5.093     0.000   119.158 16713181 0 0 5 46
t1    5    7     4.235    -2.830   119.158 16777215 0 0 6 59
t1    8    7     1.949    -4.706   119.158 16713181 0 0 8 46
t1   28    7     1.949     4.706   119.158 16713181 0 0 2 46
t1   31    7     4.235     2.830   119.158 16713181 0 0 3 59
t1    2    7     5.093     0.000   119.158 16713181 0 0 5 46
t1    5    7     4.235    -2.830   119.158 16713181 0 0 6 59
t1    8    7     1.949    -4.706   119.158 16713181 0 0 8 46
t1   28    7     1.949     4.706   119.158 16713181 0 0 2 46
t1   31    7     4.235     2.830   119.158 16713181 0 0 3 59
t1    2    7     5.093     0.000   119.158 16713181 0 0 5 46
t1    5    7     4.235    -2.830   119.158 16713181 0 0 6 59
t1    9    8     1.136    -5.709   116.247 16713204 0 0 8 60
t1   26    8     0.000     5.821   116.247 16713204 0 0 1 45
t1   29    8     3.234     4.840   116.247 16713204 0 0 2 60
t1   32    8     5.378     2.228   116.247 16713204 0 0 4 45
t1    3    8     5.709    -1.136   116.247 16713204 0 0 5 60
t1    6    8     4.116    -4.116   116.247 16713204 0 0 7 45
t1    9    8     1.136    -5.709   116.247 16713204 0 0 8 60
t1   26    8     0.000     5.821   116.247 16713204 0 0 1 45
t1   29    8     3.234     4.840   116.247 16713204 0 0 2 60
t1   32    8     5.378     2.228   116.247 16713204 0 0 4 45
t1    3    8     5.709    -1.136   116.247 16713204 0 0 5 60
t1    6    8     4.116    -4.116   116.247 16713204 0 0 7 45
t1    9    8     1.136    -5.709   116.247 16713204 0 0 8 60
t1   26    8     0.000     5.821   116.247 16713204 0 0 1 45
t1   29    8     3.234     4.840   116.247 16713204 0 0 2 60
t1   32    8     5.378     2.228   116.247 16713204 0 0 4 45
t1    3    8     5.709    -1.136   116.247 16713204 0 0 5 60
t1    6    8     4.116    -4.116   116.247 16713204 0 0 7 45
t1    9    8     1.136    -5.709   116.247 16713204 0 0 8 60
t1   26    8     0.000     5.821   116.247 16713204 0 0 1 45
t1   29    8     3.234     4.840   116.247 16713204 0 0 2 60
t1   32    8     5.378     2.228   116.247 16713204 0 0 4 45
t1    3    8     5.709    -1.136   116.247 16713204 0 0 5 60
t1    6    8     4.116    -4.116   116.247 16713204 0 0 7 45
t1    9    8     1.136    -5.709   116.247 16713204 0 0 8 60
t1   26    8     0.000     5.821   116.247 16713204 0 0 1 45
t1   29    8     3.234     4.840   116.247 16777215 0 0 2 60
t1   32    8     5.378     2.228   116.247 16777215 0 0 4 45
t1    3    8     5.709    -1.136   116.247 16713204 0 0 5 60
t1    6    8     4.116    -4.116   116.247 16713204 0 0 7 45
t1    9    8     1.136    -5.709   116.247 16713204 0 0 8 60
t1   26    8     0.000     5.821   116.247 16713204 0 0 1 45
t1   29    8     3.234     4.840   116.247 16713204 0 0 2 60
t1   32    8     5.378     2.228   116.247 16713204 0 0 4 45
t1    3    8     5.709    -1.136   116.247 16777215 0 0 5 60
t1    6    8     4.116    -4.116   116.247 16713204 0 0 7 45
t1   27    9     1.278     6.423   113.337 15992575 0 0 1 61
t1   30    9     4.630     4.630   113.337 15992575 0 0 3 44
t1    1    9     6.423     1.278   113.337 15992575 0 0 4 61
t1    4    9     6.050    -2.506   113.337 15992575 0 0 6 44
t1    7    9     3.638    -5.445   113.337 15992575 0 0 7 61
t1   27    9     1.278     6.423   113.337 15992575 0 0 1 61
t1   30    9     4.630     4.630   113.337 15992575 0 0 3 44
t1    1    9     6.423     1.278   113.337 15992575 0 0 4 61
t1    4    9     6.050    -2.506   113.337 15992575 0 0 6 44
t1    7    9     3.638    -5.445   113.337 15992575 0 0 7 61
t1   27    9     1.278     6.423   113.337 15992575 0 0 1 61
t1   30    9     4.630     4.630   113.337 15992575 0 0 3 44
t1    1    9     6.423     1.278   113.337 15992575 0 0 4 61
t1    4    9     6.050    -2.506   113.337 15992575 0 0 6 44
t1    7    9     3.638    -5.445   113.337 15992575 0 0 7 61
t1   27    9     1.278     6.423   113.337 15992575 0 0 1 61
t1   30    9     4.630     4.630   113.337 15992575 0 0 3 44
t1    1    9     6.423     1.278   113.337 15992575 0 0 4 61
t1    4    9     6.050    -2.506   113.337 15992575 0 0 6 44
t1    7    9     3.638    -5.445   113.337 16777215 0 0 7 61
t1   27    9     1.278     6.423   113.337 15992575 0 0 1 61
t1   30    9     4.630     4.630   113.337 15992575 0 0 3 44
t1    1    9     6.423     1.278   113.337 16777215 0 0 4 61
t1    4    9     6.050    -2.506   113.337 15992575 0 0 6 44
t1    7    9     3.638    -5.445   113.337 15992575 0 0 7 61
t1   28   10     2.784     6.722   110.426 14485247 0 0 2 43
t1   31   10     6.050     4.042   110.426 14485247 0 0 3 62
t1    2   10     7.276     0.000   110.426 14485247 0 0 5 43
t1    5   10     6.050    -4.042   110.426 16777215 0 0 6 62
t1    8   10     2.784    -6.722   110.426 14485247 0 0 8 43
t1   28   10     2.784     6.722   110.426 14485247 0 0 2 43
t1   31   10     6.050     4.042   110.426 14485247 0 0 3 62
t1    2   10     7.276     0.000   110.426 14485247 0 0 5 43
t1    5   10     6.050    -4.042   110.426 14485247 0 0 6 62
t1    8   10     2.784    -6.722   110.426 14485247 0 0 8 43
t1   28   10     2.784     6.722   110.426 14485247 0 0 2 43
t1   31   10     6.050     4.042   110.426 14485247 0 0 3 62
t1    2   10     7.276     0.000   110.426 14485247 0 0 5 43
t1    5   10     6.050    -4.042   110.426 14485247 0 0 6 62
t1    8   10     2.784    -6.722   110.426 14485247 0 0 8 43
t1   28   10     2.784     6.722   110.426 14485247 0 0 2 43
t1   31   10     6.050     4.042   110.426 16777215 0 0 3 62
t1    2   10     7.276     0.000   110.426 14485247 0 0 5 43
t1    5   10     6.050    -4.042   110.426 14485247 0 0 6 62
t1    8   10     2.784    -6.722   110.426 14485247 0 0 8 43
t1   28   10     2.784     6.722   110.426 14485247 0 0 2 43
t1   31   10     6.050     4.042   110.426 14485247 0 0 3 62
t1    2   10     7.276     0.000   110.426 14485247 0 0 5 43
t1    5   10     6.050    -4.042   110.426 14485247 0 0 6 62
t1    8   10     2.784    -6.722   110.426 14485247 0 0 8 43
t1   28   10     2.784     6.722   110.426 14485247 0 0 2 43
t1   31   10     6.050     4.042   110.426 14485247 0 0 3 62
t1    2   10     7.276     0.000   110.426 14485247 0 0 5 43
t1    5   10     6.050    -4.042   110.426 14485247 0 0 6 62
t1    8   10     2.784    -6.722   110.426 14485247 0 0 8 43
t1   26   11     0.000     8.004   107.516 12977919 0 0 1 42
t1   29   11     4.447     6.655   107.516 12977919 0 0 2 63
t1   32   11     7.394     3.063   107.516 12977919 0 0 4 42
t1    3   11     7.850    -1.561   107.516 12977919 0 0 5 63
t1    6   11     5.659    -5.659   107.516 12977919 0 0 7 42
t1    9   11     1.561    -7.850   107.516 12977919 0 0 8 63
t1   26   11     0.000     8.004   107.516 12977919 0 0 1 42
t1   29   11     4.447     6.655   107.516 12977919 0 0 2 63
t1   32   11     7.394     3.063   107.516 12977919 0 0 4 42
t1    3   11     7.850    -1.561   107.516 12977919 0 0 5 63
t1    6   11     5.659    -5.659   107.516 16777215 0 0 7 42
t1    9   11     1.561    -7.850   107.516 12977919 0 0 8 63
t1   26   11     0.000     8.004   107.516 12977919 0 0 1 42
t1   29   11     4.447     6.655   107.516 12977919 0 0 2 63
t1   32   11     7.394     3.063   107.516 12977919 0 0 4 42
t1    3   11     7.850    -1.561   107.516 12977919 0 0 5 63
t1    6   11     5.659    -5.659   107.516 12977919 0 0 7 42
t1    9   11     1.561    -7.850   107.516 12977919 0 0 8 63
t1   26   11     0.000     8.004   107.516 12977919 0 0 1 42
t1   29   11     4.447     6.655   107.516 12977919 0 0 2 63
t1   32   11     7.394     3.063   107.516 12977919 0 0 4 42
t1    3   11     7.850    -1.561   107.516 12977919 0 0 5 63
t1    6   11     5.659    -5.659   107.516 12977919 0 0 7 42
t1    9   11     1.561    -7.850   107.516 12977919 0 0 8 63
t1   26   11     0.000     8.004   107.516 16777215 0 0 1 42
t1   29   11     4.447     6.655   107.516 12977919 0 0 2 63
t1   32   11     7.394     3.063   107.516 12977919 0 0 4 42
t1    3   11     7.850    -1.561   107.516 12977919 0 0 5 63
t1    6   11     5.659    -5.659   107.516 12977919 0 0 7 42
t1    9   11     1.561    -7.850   107.516 16777215 0 0 8 63
t1   27   12     1.703     8.564   104.606 11536127 0 0 1 64
t1   30   12     6.174     6.174   104.606 16777215 0 0 3 41
t1    1   12     8.564     1.703   104.606 11536127 0 0 4 64
t1    4   12     8.067    -3.341   104.606 11536127 0 0 6 41
t1    7   12     4.851    -7.260   104.606 11536127 0 0 7 64
t1   27   12     1.703     8.564   104.606 11536127 0 0 1 64
t1   30   12     6.174     6.174   104.606 11536127 0 0 3 41
t1    1   12     8.564     1.703   104.606 11536127 0 0 4 64
t1    4   12     8.067    -3.341   104.606 11536127 0 0 6 41
t1    7   12     4.851    -7.260   104.606 11536127 0 0 7 64
t1   27   12     1.703     8.564   104.606 11536127 0 0 1 64
t1   30   12     6.174     6.174   104.606 11536127 0 0 3 41
t1    1   12     8.564     1.703   104.606 11536127 0 0 4 64
t1    4   12     8.067    -3.341   104.606 11536127 0 0 6 41
t1    7   12     4.851    -7.260   104.606 11536127 0 0 7 64
t1   27   12     1.703     8.564   104.606 11536127 0 0 1 64
t1   30   12     6.174     6.174   104.606 11536127 0 0 3 41
t1    1   12     8.564     1.703   104.606 11536127 0 0 4 64
t1    4   12     8.067    -3.341   104.606 11536127 0 0 6 41
t1    7   12     4.851    -7.260   104.606 11536127 0 0 7 64
t1   27   12     1.703     8.564   104.606 11536127 0 0 1 64
t1   30   12     6.174     6.174   104.606 11536127 0 0 3 41
t1    1   12     8.564     1.703   104.606 16777215 0 0 4 64
t1    4   12     8.067    -3.341   104.606 11536127 0 0 6 41
t1    7   12     4.851    -7.260   104.606 11536127 0 0 7 64
t1   27   12     1.703     8.564   104.606 16777215 0 0 1 64
t1   30   12     6.174     6.174   104.606 11536127 0 0 3 41
t1    1   12     8.564     1.703   104.606 11536127 0 0 4 64
t1    4   12     8.067    -3.341   104.606 11536127 0 0 6 41
t1    7   12     4.851    -7.260   104.606 11536127 0 0 7 64
t1   28   13     3.620     8.739   101.695 10028799 0 0 2 40
t1   31   13     7.865     5.255   101.695 16777215 0 0 3 65
t1    2   13     9.459     0.000   101.695 10028799 0 0 5 40
t1    5   13     7.865    -5.255   101.695 10028799 0 0 6 65
t1    8   13     3.620    -8.739   101.695 10028799 0 0 8 40
t1   28   13     3.620     8.739   101.695 10028799 0 0 2 40
t1   31   13     7.865     5.255   101.695 10028799 0 0 3 65
t1    2   13     9.459     0.000   101.695 10028799 0 0 5 40
t1    5   13     7.865    -5.255   101.695 10028799 0 0 6 65
t1    8   13     3.620    -8.739   101.695 16777215 0 0 8 40
t1   28   13     3.620     8.739   101.695 10028799 0 0 2 40
t1   31   13     7.865     5.255   101.695 10028799 0 0 3 65
t1    2   13     9.459     0.000   101.695 10028799 0 0 5 40
t1    5   13     7.865    -5.255   101.695 10028799 0 0 6 65
t1    8   13     3.620    -8.739   101.695 16777215 0 0 8 40
t1   28   13     3.620     8.739   101.695 10028799 0 0 2 40
t1   31   13     7.865     5.255   101.695 10028799 0 0 3 65
t1    2   13     9.459     0.000   101.695 10028799 0 0 5 40
t1    5   13     7.865    -5.255   101.695 10028799 0 0 6 65
t1    8   13     3.620    -8.739   101.695 10028799 0 0 8 40
t1   28   13     3.620     8.739   101.695 10028799 0 0 2 40
t1   31   13     7.865     5.255   101.695 10028799 0 0 3 65
t1    2   13     9.459     0.000   101.695 10028799 0 0 5 40
t1    5   13     7.865    -5.255   101.695 10028799 0 0 6 65
t1    8   13     3.620    -8.739   101.695 10028799 0 0 8 40
t1   26   14     0.000    10.186    98.785 8587007 0 0 1 39
t1   29   14     5.659     8.470    98.785 8587007 0 0 2 66
t1   32   14     9.411     3.898    98.785 8587007 0 0 4 39
t1    3   14     9.991    -1.987    98.785 8587007 0 0 5 66
t1    6   14     7.203    -7.203    98.785 8587007 0 0 7 39
t1    9   14     1.987    -9.991    98.785 8587007 0 0 8 66
t1   26   14     0.000    10.186    98.785 8587007 0 0 1 39
t1   29   14     5.659     8.470    98.785 8587007 0 0 2 66
t1   32   14     9.411     3.898    98.785 8587007 0 0 4 39
t1    3   14     9.991    -1.987    98.785 8587007 0 0 5 66
t1    6   14     7.203    -7.203    98.785 8587007 0 0 7 39
t1    9   14     1.987    -9.991    98.785 8587007 0 0 8 66
t1   26   14     0.000    10.186    98.785 8587007 0 0 1 39
t1   29   14     5.659     8.470    98.785 8587007 0 0 2 66
t1   32   14     9.411     3.898    98.785 16777215 0 0 4 39
t1    3   14     9.991    -1.987    98.785 8587007 0 0 5 66
t1    6   14     7.203    -7.203    98.785 8587007 0 0 7 39
t1    9   14     1.987    -9.991    98.785 16777215 0 0 8 66
t1   26   14     0.000    10.186    98.785 8587007 0 0 1 39
t1   29   14     5.659     8.470    98.785 8587007 0 0 2 66
t1   32   14     9.411     3.898    98.785 8587007 0 0 4 39
t1    3   14     9.991    -1.987    98.785 8587007 0 0 5 66
t1    6   14     7.203    -7.203    98.785 8587007 0 0 7 39
t1    9   14     1.987    -9.991    98.785 8587007 0 0 8 66
t1   26   14     0.000    10.186    98.785 8587007 0 0 1 39
t1   29   14     5.659     8.470    98.785 8587007 0 0 2 66
t1   32   14     9.411     3.898    98.785 8587007 0 0 4 39
t1    3   14     9.991    -1.987    98.785 8587007 0 0 5 66
t1    6   14     7.203    -7.203    98.785 8587007 0 0 7 39
t1    9   14     1.987    -9.991    98.785 8587007 0 0 8 66
t1   26   14     0.000    10.186    98.785 8587007 0 0 1 39
t1   29   14     5.659     8.470    98.785 8587007 0 0 2 66
t1   32   14     9.411     3.898    98.785 8587007 0 0 4 39
t1    3   14     9.991    -1.987    98.785 16777215 0 0 5 66
t1    6   14     7.203    -7.203    98.785 8587007 0 0 7 39
t1    9   14     1.987    -9.991    98.785 8587007 0 0 8 66
t1   27   15     2.129    10.704    95.874 7079679 0 0 1 67
t1   30   15     7.717     7.717    95.874 7079679 0 0 3 38
t1    1   15    10.704     2.129    95.874 7079679 0 0 4 67
t1    4   15    10.083    -4.177    95.874 7079679 0 0 6 38
t1    7   15     6.064    -9.075    95.874 7079679 0 0 7 67
t1   27   15     2.129    10.704    95.874 7079679 0 0 1 67
t1   30   15     7.717     7.717    95.874 7079679 0 0 3 38
t1    1   15    10.704     2.129    95.874 7079679 0 0 4 67
t1    4   15    10.083    -4.177    95.874 7079679 0 0 6 38
t1    7   15     6.064    -9.075    95.874 7079679 0 0 7 67
t1   27   15     2.129    10.704    95.874 7079679 0 0 1 67
t1   30   15     7.717     7.717    95.874 7079679 0 0 3 38
t1    1   15    10.704     2.129    95.874 7079679 0 0 4 67
t1    4   15    10.083    -4.177    95.874 7079679 0 0 6 38
t1    7   15     6.064    -9.075    95.874 7079679 0 0 7 67
t1   27   15     2.129    10.704    95.874 7079679 0 0 1 67
t1   30   15     7.717     7.717    95.874 7079679 0 0 3 38
t1    1   15    10.704     2.129    95.874 7079679 0 0 4 67
t1    4   15    10.083    -4.177    95.874 7079679 0 0 6 38
t1    7   15     6.064    -9.075    95.874 7079679 0 0 7 67
t1   27   15     2.129    10.704    95.874 16777215 0 0 1 67
t1   30   15     7.717     7.717    95.874 7079679 0 0 3 38
t1    1   15    10.704     2.129    95.874 7079679 0 0 4 67
t1    4   15    10.083    -4.177    95.874 7079679 0 0 6 38
t1    7   15     6.064    -9.075    95.874 7079679 0 0 7 67
t1   27   15     2.129    10.704    95.874 7079679 0 0 1 67
t1   30   15     7.717     7.717    95.874 7079679 0 0 3 38
t1    1   15    10.704     2.129    95.874 7079679 0 0 4 67
t1    4   15    10.083    -4.177    95.874 7079679 0 0 6 38
t1    7   15     6.064    -9.075    95.874 7079679 0 0 7 67
t1   28   16     4.455    10.756    92.964 5637887 0 0 2 37
t1   31   16     9.680     6.468    92.964 5637887 0 0 3 68
t1    2   16    11.642     0.000    92.964 5637887 0 0 5 37
t1    5   16     9.680    -6.468    92.964 5637887 0 0 6 68
t1    8   16     4.455   -10.756    92.964 5637887 0 0 8 37
t1   28   16     4.455    10.756    92.964 5637887 0 0 2 37
t1   31   16     9.680     6.468    92.964 5637887 0 0 3 68
t1    2   16    11.642     0.000    92.964 16777215 0 0 5 37
t1    5   16     9.680    -6.468    92.964 5637887 0 0 6 68
t1    8   16     4.455   -10.756    92.964 5637887 0 0 8 37
t1   28   16     4.455    10.756    92.964 5637887 0 0 2 37
t1   31   16     9.680     6.468    92.964 5637887 0 0 3 68
t1    2   16    11.642     0.000    92.964 16777215 0 0 5 37
t1    5   16     9.680    -6.468    92.964 16777215 0 0 6 68
t1    8   16     4.455   -10.756    92.964 5637887 0 0 8 37
t1   28   16     4.455    10.756    92.964 5637887 0 0 2 37
t1   31   16     9.680     6.468    92.964 5637887 0 0 3 68
t1    2   16    11.642     0.000    92.964 5637887 0 0 5 37
t1    5   16     9.680    -6.468    92.964 5637887 0 0 6 68
t1    8   16     4.455   -10.756    92.964 5637887 0 0 8 37
t1   28   16     4.455    10.756    92.964 5637887 0 0 2 37
t1   31   16     9.680     6.468    92.964 5637887 0 0 3 68
t1    2   16    11.642     0.000    92.964 5637887 0 0 5 37
t1    5   16     9.680    -6.468    92.964 5637887 0 0 6 68
t1    8   16     4.455   -10.756    92.964 5637887 0 0 8 37
t1   26   17     0.000    12.369    90.053 4130559 0 0 1 36
t1   29   17     6.872    10.285    90.053 4130559 0 0 2 69
t1   32   17    11.428     4.734    90.053 4130559 0 0 4 36
t1    3   17    12.132    -2.413    90.053 4130559 0 0 5 69
t1    6   17     8.746    -8.746    90.053 4130559 0 0 7 36
t1    9   17     2.413   -12.132    90.053 4130559 0 0 8 69
t1   26   17     0.000    12.369    90.053 4130559 0 0 1 36
t1   29   17     6.872    10.285    90.053 4130559 0 0 2 69
t1   32   17    11.428     4.734    90.053 4130559 0 0 4 36
t1    3   17    12.132    -2.413    90.053 4130559 0 0 5 69
t1    6   17     8.746    -8.746    90.053 4130559 0 0 7 36
t1    9   17     2.413   -12.132    90.053 4130559 0 0 8 69
t1   26   17     0.000    12.369    90.053 16777215 0 0 1 36
t1   29   17     6.872    10.285    90.053 4130559 0 0 2 69
t1   32   17    11.428     4.734    90.053 4130559 0 0 4 36
t1    3   17    12.132    -2.413    90.053 16777215 0 0 5 69
t1    6   17     8.746    -8.746    90.053 4130559 0 0 7 36
t1    9   17     2.413   -12.132    90.053 4130559 0 0 8 69
t1   26   17     0.000    12.369    90.053 4130559 0 0 1 36
t1   29   17     6.872    10.285    90.053 4130559 0 0 2 69
t1   32   17    11.428     4.734    90.053 4130559 0 0 4 36
t1    3   17    12.132    -2.413    90.053 4130559 0 0 5 69
t1    6   17     8.746    -8.746    90.053 16777215 0 0 7 36
t1    9   17     2.413   -12.132    90.053 4130559 0 0 8 69
t1   26   17     0.000    12.369    90.053 4130559 0 0 1 36
t1   29   17     6.872    10.285    90.053 4130559 0 0 2 69
t1   32   17    11.428     4.734    90.053 4130559 0 0 4 36
t1    3   17    12.132    -2.413    90.053 4130559 0 0 5 69
t1    6   17     8.746    -8.746    90.053 4130559 0 0 7 36
t1    9   17     2.413   -12.132    90.053 4130559 0 0 8 69
t1   26   17     0.000    12.369    90.053 4130559 0 0 1 36
t1   29   17     6.872    10.285    90.053 16777215 0 0 2 69
t1   32   17    11.428     4.734    90.053 4130559 0 0 4 36
t1    3   17    12.132    -2.413    90.053 4130559 0 0 5 69
t1    6   17     8.746    -8.746    90.053 4130559 0 0 7 36
t1    9   17     2.413   -12.132    90.053 4130559 0 0 8 69
t1   27   18     2.555    12.845    87.143 2688767 0 0 1 70
t1   30   18     9.261     9.261    87.143 2688767 0 0 3 35
t1    1   18    12.845     2.555    87.143 2688767 0 0 4 70
t1    4   18    12.100    -5.012    87.143 2688767 0 0 6 35
t1    7   18     7.276   -10.890    87.143 2688767 0 0 7 70
t1   27   18     2.555    12.845    87.143 2688767 0 0 1 70
t1   30   18     9.261     9.261    87.143 2688767 0 0 3 35
t1    1   18    12.845     2.555    87.143 2688767 0 0 4 70
t1    4   18    12.100    -5.012    87.143 2688767 0 0 6 35
t1    7   18     7.276   -10.890    87.143 2688767 0 0 7 70
t1   27   18     2.555    12.845    87.143 2688767 0 0 1 70
t1   30   18     9.261     9.261    87.143 2688767 0 0 3 35
t1    1   18    12.845     2.555    87.143 2688767 0 0 4 70
t1    4   18    12.100    -5.012    87.143 2688767 0 0 6 35
t1    7   18     7.276   -10.890    87.143 2688767 0 0 7 70
t1   27   18     2.555    12.845    87.143 2688767 0 0 1 70
t1   30   18     9.261     9.261    87.143 2688767 0 0 3 35
t1    1   18    12.845     2.555    87.143 2688767 0 0 4 70
t1    4   18    12.100    -5.012    87.143 16777215 0 0 6 35
t1    7   18     7.276   -10.890    87.143 2688767 0 0 7 70
t1   27   18     2.555    12.845    87.143 2688767 0 0 1 70
t1   30   18     9.261     9.261    87.143 2688767 0 0 3 35
t1    1   18    12.845     2.555    87.143 2688767 0 0 4 70
t1    4   18    12.100    -5.012    87.143 2688767 0 0 6 35
t1    7   18     7.276   -10.890    87.143 2688767 0 0 7 70
t1   28   19     5.290    12.772    84.233 1181439 0 0 2 34
t1   31   19    11.495     7.680    84.233 1181439 0 0 3 71
t1    2   19    13.825     0.000    84.233 1181439 0 0 5 34
t1    5   19    11.495    -7.680    84.233 1181439 0 0 6 71
t1    8   19     5.290   -12.772    84.233 1181439 0 0 8 34
t1   28   19     5.290    12.772    84.233 1181439 0 0 2 34
t1   31   19    11.495     7.680    84.233 1181439 0 0 3 71
t1    2   19    13.825     0.000    84.233 1181439 0 0 5 34
t1    5   19    11.495    -7.680    84.233 1181439 0 0 6 71
t1    8   19     5.290   -12.772    84.233 1181439 0 0 8 34
t1   28   19     5.290    12.772    84.233 16777215 0 0 2 34
t1   31   19    11.495     7.680    84.233 1181439 0 0 3 71
t1    2   19    13.825     0.000    84.233 1181439 0 0 5 34
t1    5   19    11.495    -7.680    84.233 1181439 0 0 6 71
t1    8   19     5.290   -12.772    84.233 1181439 0 0 8 34
t1   28   19     5.290    12.772    84.233 16777215 0 0 2 34
t1   31   19    11.495     7.680    84.233 16777215 0 0 3 71
t1    2   19    13.825     0.000    84.233 1181439 0 0 5 34
t1    5   19    11.495    -7.680    84.233 1181439 0 0 6 71
t1    8   19     5.290   -12.772    84.233 1181439 0 0 8 34
t1   28   19     5.290    12.772    84.233 1181439 0 0 2 34
t1   31   19    11.495     7.680    84.233 1181439 0 0 3 71
t1    2   19    13.825     0.000    84.233 1181439 0 0 5 34
t1    5   19    11.495    -7.680    84.233 1181439 0 0 6 71
t1    8   19     5.290   -12.772    84.233 1181439 0 0 8 34
t1   28   19     5.290    12.772    84.233 1181439 0 0 2 34
t1   31   19    11.495     7.680    84.233 1181439 0 0 3 71
t1    2   19    13.825     0.000    84.233 1181439 0 0 5 34
t1    5   19    11.495    -7.680    84.233 1181439 0 0 6 71
t1    8   19     5.290   -12.772    84.233 1181439 0 0 8 34
t1   26   20     0.000    14.552    81.322 397567 0 0 1 33
t1   29   20     8.085    12.100    81.322 397567 0 0 2 72
t1   32   20    13.444     5.569    81.322 397567 0 0 4 33
t1    3   20    14.273    -2.839    81.322 397567 0 0 5 72
t1    6   20    10.290   -10.290    81.322 397567 0 0 7 33
t1    9   20     2.839   -14.273    81.322 397567 0 0 8 72
t1   26   20     0.000    14.552    81.322 397567 0 0 1 33
t1   29   20     8.085    12.100    81.322 397567 0 0 2 72
t1   32   20    13.444     5.569    81.322 397567 0 0 4 33
t1    3   20    14.273    -2.839    81.322 397567 0 0 5 72
t1    6   20    10.290   -10.290    81.322 397567 0 0 7 33
t1    9   20     2.839   -14.273    81.322 397567 0 0 8 72
t1   26   20     0.000    14.552    81.322 397567 0 0 1 33
t1   29   20     8.085    12.100    81.322 397567 0 0 2 72
t1   32   20    13.444     5.569    81.322 397567 0 0 4 33
t1    3   20    14.273    -2.839    81.322 397567 0 0 5 72
t1    6   20    10.290   -10.290    81.322 16777215 0 0 7 33
t1    9   20     2.839   -14.273    81.322 397567 0 0 8 72
t1   26   20     0.000    14.552    81.322 397567 0 0 1 33
t1   29   20     8.085    12.100    81.322 397567 0 0 2 72
t1   32   20    13.444     5.569    81.322 16777215 0 0 4 33
t1    3   20    14.273    -2.839    81.322 397567 0 0 5 72
t1    6   20    10.290   -10.290    81.322 397567 0 0 7 33
t1    9   20     2.839   -14.273    81.322 397567 0 0 8 72
t1   26   20     0.000    14.552    81.322 397567 0 0 1 33
t1   29   20     8.085    12.100    81.322 397567 0 0 2 72
t1   32   20    13.444     5.569    81.322 397567 0 0 4 33
t1    3   20    14.273    -2.839    81.322 16777215 0 0 5 72
t1    6   20    10.290   -10.290    81.322 397567 0 0 7 33
t1    9   20     2.839   -14.273    81.322 16777215 0 0 8 72
t1   27   21     2.981    14.986    78.412 403455 0 0 1 73
t1   30   21    10.804    10.804    78.412 403455 0 0 3 32
t1    1   21    14.986     2.981    78.412 403455 0 0 4 73
t1    4   21    14.117    -5.847    78.412 403455 0 0 6 32
t1    7   21     8.489   -12.705    78.412 403455 0 0 7 73
t1   27   21     2.981    14.986    78.412 403455 0 0 1 73
t1   30   21    10.804    10.804    78.412 403455 0 0 3 32
t1    1   21    14.986     2.981    78.412 403455 0 0 4 73
t1    4   21    14.117    -5.847    78.412 403455 0 0 6 32
t1    7   21     8.489   -12.705    78.412 403455 0 0 7 73
t1   27   21     2.981    14.986    78.412 403455 0 0 1 73
t1   30   21    10.804    10.804    78.412 403455 0 0 3 32
t1    1   21    14.986     2.981    78.412 403455 0 0 4 73
t1    4   21    14.117    -5.847    78.412 403455 0 0 6 32
t1    7   21     8.489   -12.705    78.412 403455 0 0 7 73
t1   27   21     2.981    14.986    78.412 403455 0 0 1 73
t1   30   21    10.804    10.804    78.412 403455 0 0 3 32
t1    1   21    14.986     2.981    78.412 403455 0 0 4 73
t1    4   21    14.117    -5.847    78.412 403455 0 0 6 32
t1    7   21     8.489   -12.705    78.412 403455 0 0 7 73
t1   27   21     2.981    14.986    78.412 403455 0 0 1 73
t1   30   21    10.804    10.804    78.412 16777215 0 0 3 32
t1    1   21    14.986     2.981    78.412 403455 0 0 4 73
t1    4   21    14.117    -5.847    78.412 403455 0 0 6 32
t1    7   21     8.489   -12.705    78.412 403455 0 0 7 73
t1   27   21     2.981    14.986    78.412 403455 0 0 1 73
t1   30   21    10.804    10.804    78.412 403455 0 0 3 32
t1    1   21    14.986     2.981    78.412 403455 0 0 4 73
t1    4   21    14.117    -5.847    78.412 403455 0 0 6 32
t1    7   21     8.489   -12.705    78.412 403455 0 0 7 73
t1   28   22     6.126    14.789    75.501 409087 0 0 2 31
t1   31   22    13.310     8.893    75.501 409087 0 0 3 74
t1    2   22    16.007     0.000    75.501 409087 0 0 5 31
t1    5   22    13.310    -8.893    75.501 16777215 0 0 6 74
t1    8   22     6.126   -14.789    75.501 409087 0 0 8 31
t1   28   22     6.126    14.789    75.501 409087 0 0 2 31
t1   31   22    13.310     8.893    75.501 409087 0 0 3 74
t1    2   22    16.007     0.000    75.501 409087 0 0 5 31
t1    5   22    13.310    -8.893    75.501 409087 0 0 6 74
t1    8   22     6.126   -14.789    75.501 409087 0 0 8 31
t1   28   22     6.126    14.789    75.501 409087 0 0 2 31
t1   31   22    13.310     8.893    75.501 409087 0 0 3 74
t1    2   22    16.007     0.000    75.501 409087 0 0 5 31
t1    5   22    13.310    -8.893    75.501 409087 0 0 6 74
t1    8   22     6.126   -14.789    75.501 409087 0 0 8 31
t1   28   22     6.126    14.789    75.501 409087 0 0 2 31
t1   31   22    13.310     8.893    75.501 409087 0 0 3 74
t1    2   22    16.007     0.000    75.501 409087 0 0 5 31
t1    5   22    13.310    -8.893    75.501 409087 0 0 6 74
t1    8   22     6.126   -14.789    75.501 16777215 0 0 8 31
t1   28   22     6.126    14.789    75.501 16777215 0 0 2 31
t1   31   22    13.310     8.893    75.501 409087 0 0 3 74
t1    2   22    16.007     0.000    75.501 409087 0 0 5 31
t1    5   22    13.310    -8.893    75.501 409087 0 0 6 74
t1    8   22     6.126   -14.789    75.501 409087 0 0 8 31
t1   26   23     0.000    16.735    72.591 414975 0 0 1 30
t1   29   23     9.297    13.915    72.591 414975 0 0 2 75
t1   32   23    15.461     6.404    72.591 414975 0 0 4 30
t1    3   23    16.413    -3.265    72.591 414975 0 0 5 75
t1    6   23    11.833   -11.833    72.591 414975 0 0 7 30
t1    9   23     3.265   -16.413    72.591 414975 0 0 8 75
t1   26   23     0.000    16.735    72.591 414975 0 0 1 30
t1   29   23     9.297    13.915    72.591 414975 0 0 2 75
t1   32   23    15.461     6.404    72.591 414975 0 0 4 30
t1    3   23    16.413    -3.265    72.591 414975 0 0 5 75
t1    6   23    11.833   -11.833    72.591 414975 0 0 7 30
t1    9   23     3.265   -16.413    72.591 414975 0 0 8 75
t1   26   23     0.000    16.735    72.591 414975 0 0 1 30
t1   29   23     9.297    13.915    72.591 414975 0 0 2 75
t1   32   23    15.461     6.404    72.591 414975 0 0 4 30
t1    3   23    16.413    -3.265    72.591 414975 0 0 5 75
t1    6   23    11.833   -11.833    72.591 414975 0 0 7 30
t1    9   23     3.265   -16.413    72.591 414975 0 0 8 75
t1   26   23     0.000    16.735    72.591 414975 0 0 1 30
t1   29   23     9.297    13.915    72.591 414975 0 0 2 75
t1   32   23    15.461     6.404    72.591 16777215 0 0 4 30
t1    3   23    16.413    -3.265    72.591 414975 0 0 5 75
t1    6   23    11.833   -11.833    72.591 414975 0 0 7 30
t1    9   23     3.265   -16.413    72.591 414975 0 0 8 75
t1   26   23     0.000    16.735    72.591 16777215 0 0 1 30
t1   29   23     9.297    13.915    72.591 414975 0 0 2 75
t1   32   23    15.461     6.404    72.591 414975 0 0 4 30
t1    3   23    16.413    -3.265    72.591 414975 0 0 5 75
t1    6   23    11.833   -11.833    72.591 414975 0 0 7 30
t1    9   23     3.265   -16.413    72.591 414975 0 0 8 75
t1   26   23     0.000    16.735    72.591 414975 0 0 1 30
t1   29   23     9.297    13.915    72.591 16777215 0 0 2 75
t1   32   23    15.461     6.404    72.591 414975 0 0 4 30
t1    3   23    16.413    -3.265    72.591 414975 0 0 5 75
t1    6   23    11.833   -11.833    72.591 414975 0 0 7 30
t1    9   23     3.265   -16.413    72.591 414975 0 0 8 75
t1   27   24     3.407    17.127    69.680 420863 0 0 1 76
t1   30   24    12.348    12.348    69.680 420863 0 0 3 29
t1    1   24    17.127     3.407    69.680 420863 0 0 4 76
t1    4   24    16.133    -6.683    69.680 420863 0 0 6 29
t1    7   24     9.702   -14.520    69.680 16777215 0 0 7 76
t1   27   24     3.407    17.127    69.680 420863 0 0 1 76
t1   30   24    12.348    12.348    69.680 420863 0 0 3 29
t1    1   24    17.127     3.407    69.680 420863 0 0 4 76
t1    4   24    16.133    -6.683    69.680 420863 0 0 6 29
t1    7   24     9.702   -14.520    69.680 16777215 0 0 7 76
t1   27   24     3.407    17.127    69.680 420863 0 0 1 76
t1   30   24    12.348    12.348    69.680 420863 0 0 3 29
t1    1   24    17.127     3.407    69.680 420863 0 0 4 76
t1    4   24    16.133    -6.683    69.680 420863 0 0 6 29
t1    7   24     9.702   -14.520    69.680 420863 0 0 7 76
t1   27   24     3.407    17.127    69.680 420863 0 0 1 76
t1   30   24    12.348    12.348    69.680 420863 0 0 3 29
t1    1   24    17.127     3.407    69.680 420863 0 0 4 76
t1    4   24    16.133    -6.683    69.680 420863 0 0 6 29
t1    7   24     9.702   -14.520    69.680 420863 0 0 7 76
t1   27   24     3.407    17.127    69.680 420863 0 0 1 76
t1   30   24    12.348    12.348    69.680 420863 0 0 3 29
t1    1   24    17.127     3.407    69.680 420863 0 0 4 76
t1    4   24    16.133    -6.683    69.680 420863 0 0 6 29
t1    7   24     9.702   -14.520    69.680 420863 0 0 7 76
t1   26   25     0.000    18.190    66.770 426495 0 0 1 28
t1   28   25     6.961    16.806    66.770 426495 0 0 2 28
t1   31   25    15.125    10.106    66.770 426495 0 0 3 77
t1    2   25    18.190     0.000    66.770 426495 0 0 5 28
t1    5   25    15.125   -10.106    66.770 426495 0 0 6 77
t1    8   25     6.961   -16.806    66.770 426495 0 0 8 28
t1   26   25     0.000    18.190    66.770 426495 0 0 1 28
t1   28   25     6.961    16.806    66.770 426495 0 0 2 28
t1   31   25    15.125    10.106    66.770 16777215 0 0 3 77
t1    2   25    18.190     0.000    66.770 426495 0 0 5 28
t1    5   25    15.125   -10.106    66.770 426495 0 0 6 77
t1    8   25     6.961   -16.806    66.770 16777215 0 0 8 28
t1   26   25     0.000    18.190    66.770 426495 0 0 1 28
t1   28   25     6.961    16.806    66.770 426495 0 0 2 28
t1   31   25    15.125    10.106    66.770 426495 0 0 3 77
t1    2   25    18.190     0.000    66.770 426495 0 0 5 28
t1    5   25    15.125   -10.106    66.770 426495 0 0 6 77
t1    8   25     6.961   -16.806    66.770 426495 0 0 8 28
t1   26   25     0.000    18.190    66.770 426495 0 0 1 28
t1   28   25     6.961    16.806    66.770 426495 0 0 2 28
t1   31   25    15.125    10.106    66.770 426495 0 0 3 77
t1    2   25    18.190     0.000    66.770 426495 0 0 5 28
t1    5   25    15.125   -10.106    66.770 426495 0 0 6 77
t1    8   25     6.961   -16.806    66.770 426495 0 0 8 28
t1   26   25     0.000    18.190    66.770 426495 0 0 1 28
t1   28   25     6.961    16.806    66.770 426495 0 0 2 28
t1   31   25    15.125    10.106    66.770 426495 0 0 3 77
t1    2   25    18.190     0.000    66.770 16777215 0 0 5 28
t1    5   25    15.125   -10.106    66.770 426495 0 0 6 77
t1    8   25     6.961   -16.806    66.770 426495 0 0 8 28
t1   26   25     0.000    18.190    66.770 426495 0 0 1 28
t1   28   25     6.961    16.806    66.770 426495 0 0 2 28
t1   31   25    15.125    10.106    66.770 426495 0 0 3 77
t1    2   25    18.190     0.000    66.770 426495 0 0 5 28
t1    5   25    15.125   -10.106    66.770 426495 0 0 6 77
t1    8   25     6.961   -16.806    66.770 426495 0 0 8 28
t1   27   26     3.691    18.554    63.860 497919 0 0 1 78
t1   29   26    10.510    15.730    63.860 497919 0 0 2 78
t1   32   26    17.478     7.240    63.860 497919 0 0 4 27
t1    3   26    18.554    -3.691    63.860 497919 0 0 5 78
t1    6   26    13.377   -13.377    63.860 497919 0 0 7 27
t1    9   26     3.691   -18.554    63.860 497919 0 0 8 78
t1   27   26     3.691    18.554    63.860 497919 0 0 1 78
t1   29   26    10.510    15.730    63.860 497919 0 0 2 78
t1   32   26    17.478     7.240    63.860 497919 0 0 4 27
t1    3   26    18.554    -3.691    63.860 497919 0 0 5 78
t1    6   26    13.377   -13.377    63.860 497919 0 0 7 27
t1    9   26     3.691   -18.554    63.860 497919 0 0 8 78
t1   27   26     3.691    18.554    63.860 497919 0 0 1 78
t1   29   26    10.510    15.730    63.860 497919 0 0 2 78
t1   32   26    17.478     7.240    63.860 497919 0 0 4 27
t1    3   26    18.554    -3.691    63.860 497919 0 0 5 78
t1    6   26    13.377   -13.377    63.860 497919 0 0 7 27
t1    9   26     3.691   -18.554    63.860 16777215 0 0 8 78
t1   27   26     3.691    18.554    63.860 16777215 0 0 1 78
t1   29   26    10.510    15.730    63.860 497919 0 0 2 78
t1   32   26    17.478     7.240    63.860 497919 0 0 4 27
t1    3   26    18.554    -3.691    63.860 497919 0 0 5 78
t1    6   26    13.377   -13.377    63.860 497919 0 0 7 27
t1    9   26     3.691   -18.554    63.860 497919 0 0 8 78
t1   27   26     3.691    18.554    63.860 497919 0 0 1 78
t1   29   26    10.510    15.730    63.860 497919 0 0 2 78
t1   32   26    17.478     7.240    63.860 497919 0 0 4 27
t1    3   26    18.554    -3.691    63.860 497919 0 0 5 78
t1    6   26    13.377   -13.377    63.860 497919 0 0 7 27
t1    9   26     3.691   -18.554    63.860 497919 0 0 8 78
t1   28   27     7.518    18.150    60.949 503551 0 0 2 26
t1   30   27    13.891    13.891    60.949 503551 0 0 3 26
t1    1   27    19.268     3.833    60.949 503551 0 0 4 79
t1    4   27    18.150    -7.518    60.949 503551 0 0 6 26
t1    7   27    10.914   -16.335    60.949 503551 0 0 7 79
t1   28   27     7.518    18.150    60.949 503551 0 0 2 26
t1   30   27    13.891    13.891    60.949 503551 0 0 3 26
t1    1   27    19.268     3.833    60.949 16777215 0 0 4 79
t1    4   27    18.150    -7.518    60.949 503551 0 0 6 26
t1    7   27    10.914   -16.335    60.949 503551 0 0 7 79
t1   28   27     7.518    18.150    60.949 503551 0 0 2 26
t1   30   27    13.891    13.891    60.949 503551 0 0 3 26
t1    1   27    19.268     3.833    60.949 16777215 0 0 4 79
t1    4   27    18.150    -7.518    60.949 16777215 0 0 6 26
t1    7   27    10.914   -16.335    60.949 503551 0 0 7 79
t1   28   27     7.518    18.150    60.949 503551 0 0 2 26
t1   30   27    13.891    13.891    60.949 503551 0 0 3 26
t1    1   27    19.268     3.833    60.949 503551 0 0 4 79
t1    4   27    18.150    -7.518    60.949 503551 0 0 6 26
t1    7   27    10.914   -16.335    60.949 503551 0 0 7 79
t1   28   27     7.518    18.150    60.949 503551 0 0 2 26
t1   30   27    13.891    13.891    60.949 503551 0 0 3 26
t1    1   27    19.268     3.833    60.949 503551 0 0 4 79
t1    4   27    18.150    -7.518    60.949 503551 0 0 6 26
t1    7   27    10.914   -16.335    60.949 503551 0 0 7 79
t1   28   27     7.518    18.150    60.949 503551 0 0 2 26
t1   30   27    13.891    13.891    60.949 503551 0 0 3 26
t1    1   27    19.268     3.833    60.949 503551 0 0 4 79
t1    4   27    18.150    -7.518    60.949 16777215 0 0 6 26
t1    7   27    10.914   -16.335    60.949 503551 0 0 7 79
t1   29   28    11.319    16.940    58.039 509439 0 0 2 80
t1   31   28    16.940    11.319    58.039 509439 0 0 3 80
t1    2   28    20.373     0.000    58.039 509439 0 0 5 25
t1    5   28    16.940   -11.319    58.039 509439 0 0 6 80
t1    8   28     7.796   -18.822    58.039 509439 0 0 8 25
t1   26   28     0.000    20.373    58.039 16777215 0 0 1 25
t1   29   28    11.319    16.940    58.039 509439 0 0 2 80
t1   31   28    16.940    11.319    58.039 509439 0 0 3 80
t1    2   28    20.373     0.000    58.039 16777215 0 0 5 25
t1    5   28    16.940   -11.319    58.039 509439 0 0 6 80
t1    8   28     7.796   -18.822    58.039 509439 0 0 8 25
t1   26   28     0.000    20.373    58.039 509439 0 0 1 25
t1   29   28    11.319    16.940    58.039 509439 0 0 2 80
t1   31   28    16.940    11.319    58.039 509439 0 0 3 80
t1    2   28    20.373     0.000    58.039 509439 0 0 5 25
t1    5   28    16.940   -11.319    58.039 16777215 0 0 6 80
t1    8   28     7.796   -18.822    58.039 509439 0 0 8 25
t1   26   28     0.000    20.373    58.039 509439 0 0 1 25
t1   29   28    11.319    16.940    58.039 509439 0 0 2 80
t1   31   28    16.940    11.319    58.039 509439 0 0 3 80
t1    2   28    20.373     0.000    58.039 509439 0 0 5 25
t1    5   28    16.940   -11.319    58.039 509439 0 0 6 80
t1    8   28     7.796   -18.822    58.039 509439 0 0 8 25
t1   26   28     0.000    20.373    58.039 509439 0 0 1 25
t1   29   28    11.319    16.940    58.039 16777215 0 0 2 80
t1   31   28    16.940    11.319    58.039 509439 0 0 3 80
t1    2   28    20.373     0.000    58.039 509439 0 0 5 25
t1    5   28    16.940   -11.319    58.039 509439 0 0 6 80
t1    8   28     7.796   -18.822    58.039 509439 0 0 8 25
t1   26   28     0.000    20.373    58.039 509439 0 0 1 25
t1   29   28    11.319    16.940    58.039 509439 0 0 2 80
t1   31   28    16.940    11.319    58.039 509439 0 0 3 80
t1    2   28    20.373     0.000    58.039 509439 0 0 5 25
t1    5   28    16.940   -11.319    58.039 509439 0 0 6 80
t1    8   28     7.796   -18.822    58.039 509439 0 0 8 25
t1   26   28     0.000    20.373    58.039 509439 0 0 1 25
t1   30   29    14.920    14.920    55.128 515071 0 0 3 24
t1   32   29    19.494     8.075    55.128 515071 0 0 4 24
t1    3   29    20.695    -4.117    55.128 515071 0 0 5 81
t1    6   29    14.920   -14.920    55.128 515071 0 0 7 24
t1    9   29     4.117   -20.695    55.128 515071 0 0 8 81
t1   27   29     4.117    20.695    55.128 515071 0 0 1 81
t1   30   29    14.920    14.920    55.128 515071 0 0 3 24
t1   32   29    19.494     8.075    55.128 515071 0 0 4 24
t1    3   29    20.695    -4.117    55.128 515071 0 0 5 81
t1    6   29    14.920   -14.920    55.128 515071 0 0 7 24
t1    9   29     4.117   -20.695    55.128 515071 0 0 8 81
t1   27   29     4.117    20.695    55.128 515071 0 0 1 81
t1   30   29    14.920    14.920    55.128 515071 0 0 3 24
t1   32   29    19.494     8.075    55.128 515071 0 0 4 24
t1    3   29    20.695    -4.117    55.128 16777215 0 0 5 81
t1    6   29    14.920   -14.920    55.128 515071 0 0 7 24
t1    9   29     4.117   -20.695    55.128 515071 0 0 8 81
t1   27   29     4.117    20.695    55.128 515071 0 0 1 81
t1   30   29    14.920    14.920    55.128 515071 0 0 3 24
t1   32   29    19.494     8.075    55.128 515071 0 0 4 24
t1    3   29    20.695    -4.117    55.128 515071 0 0 5 81
t1    6   29    14.920   -14.920    55.128 515071 0 0 7 24
t1    9   29     4.117   -20.695    55.128 515071 0 0 8 81
t1   27   29     4.117    20.695    55.128 515071 0 0 1 81
t1   30   29    14.920    14.920    55.128 515071 0 0 3 24
t1   32   29    19.494     8.075    55.128 515071 0 0 4 24
t1    3   29    20.695    -4.117    55.128 515071 0 0 5 81
t1    6   29    14.920   -14.920    55.128 515071 0 0 7 24
t1    9   29     4.117   -20.695    55.128 515071 0 0 8 81
t1   27   29     4.117    20.695    55.128 515071 0 0 1 81
t1   31   30    18.149    12.127    52.218 520703 0 0 3 82
t1    1   30    21.409     4.258    52.218 520703 0 0 4 82
t1    4   30    20.167    -8.353    52.218 520703 0 0 6 23
t1    7   30    12.127   -18.149    52.218 520703 0 0 7 82
t1   28   30     8.353    20.167    52.218 16777215 0 0 2 23
t1   31   30    18.149    12.127    52.218 520703 0 0 3 82
t1    1   30    21.409     4.258    52.218 520703 0 0 4 82
t1    4   30    20.167    -8.353    52.218 520703 0 0 6 23
t1    7   30    12.127   -18.149    52.218 520703 0 0 7 82
t1   28   30     8.353    20.167    52.218 16777215 0 0 2 23
t1   31   30    18.149    12.127    52.218 16777215 0 0 3 82
t1    1   30    21.409     4.258    52.218 520703 0 0 4 82
t1    4   30    20.167    -8.353    52.218 520703 0 0 6 23
t1    7   30    12.127   -18.149    52.218 520703 0 0 7 82
t1   28   30     8.353    20.167    52.218 520703 0 0 2 23
t1   31   30    18.149    12.127    52.218 520703 0 0 3 82
t1    1   30    21.409     4.258    52.218 520703 0 0 4 82
t1    4   30    20.167    -8.353    52.218 520703 0 0 6 23
t1    7   30    12.127   -18.149    52.218 520703 0 0 7 82
t1   28   30     8.353    20.167    52.218 520703 0 0 2 23
t1   31   30    18.149    12.127    52.218 520703 0 0 3 82
t1    1   30    21.409     4.258    52.218 520703 0 0 4 82
t1    4   30    20.167    -8.353    52.218 520703 0 0 6 23
t1    7   30    12.127   -18.149    52.218 520703 0 0 7 82
t1   28   30     8.353    20.167    52.218 520703 0 0 2 23
t1   31   30    18.149    12.127    52.218 16777215 0 0 3 82
t1    1   30    21.409     4.258    52.218 520703 0 0 4 82
t1    4   30    20.167    -8.353    52.218 520703 0 0 6 23
t1    7   30    12.127   -18.149    52.218 520703 0 0 7 82
t1   28   30     8.353    20.167    52.218 520703 0 0 2 23
t1   32   31    20.839     8.632    49.307 524278 0 0 4 22
t1    2   31    22.556     0.000    49.307 524278 0 0 5 22
t1    5   31    18.754   -12.531    49.307 524278 0 0 6 83
t1    8   31     8.632   -20.839    49.307 524278 0 0 8 22
t1   26   31     0.000    22.556    49.307 524278 0 0 1 22
t1   29   31    12.531    18.754    49.307 16777215 0 0 2 83
t1   32   31    20.839     8.632    49.307 524278 0 0 4 22
t1    2   31    22.556     0.000    49.307 524278 0 0 5 22
t1    5   31    18.754   -12.531    49.307 16777215 0 0 6 83
t1    8   31     8.632   -20.839    49.307 524278 0 0 8 22
t1   26   31     0.000    22.556    49.307 524278 0 0 1 22
t1   29   31    12.531    18.754    49.307 524278 0 0 2 83
t1   32   31    20.839     8.632    49.307 16777215 0 0 4 22
t1    2   31    22.556     0.000    49.307 524278 0 0 5 22
t1    5   31    18.754   -12.531    49.307 524278 0 0 6 83
t1    8   31     8.632   -20.839    49.307 524278 0 0 8 22
t1   26   31     0.000    22.556    49.307 524278 0 0 1 22
t1   29   31    12.531    18.754    49.307 524278 0 0 2 83
t1   32   31    20.839     8.632    49.307 524278 0 0 4 22
t1    2   31    22.556     0.000    49.307 524278 0 0 5 22
t1    5   31    18.754   -12.531    49.307 524278 0 0 6 83
t1    8   31     8.632   -20.839    49.307 16777215 0 0 8 22
t1   26   31     0.000    22.556    49.307 524278 0 0 1 22
t1   29   31    12.531    18.754    49.307 524278 0 0 2 83
t1   32   31    20.839     8.632    49.307 524278 0 0 4 22
t1    2   31    22.556     0.000    49.307 524278 0 0 5 22
t1    5   31    18.754   -12.531    49.307 524278 0 0 6 83
t1    8   31     8.632   -20.839    49.307 524278 0 0 8 22
t1   26   31     0.000    22.556    49.307 524278 0 0 1 22
t1   29   31    12.531    18.754    49.307 524278 0 0 2 83
t1    1   32    22.836     4.542    46.397 524256 0 0 4 84
t1    3   32    22.836    -4.542    46.397 524256 0 0 5 84
t1    6   32    16.464   -16.464    46.397 524256 0 0 7 21
t1    9   32     4.542   -22.836    46.397 524256 0 0 8 84
t1   27   32     4.542    22.836    46.397 524256 0 0 1 84
t1   30   32    16.464    16.464    46.397 524256 0 0 3 21
t1    1   32    22.836     4.542    46.397 524256 0 0 4 84
t1    3   32    22.836    -4.542    46.397 524256 0 0 5 84
t1    6   32    16.464   -16.464    46.397 524256 0 0 7 21
t1    9   32     4.542   -22.836    46.397 524256 0 0 8 84
t1   27   32     4.542    22.836    46.397 524256 0 0 1 84
t1   30   32    16.464    16.464    46.397 524256 0 0 3 21
t1    1   32    22.836     4.542    46.397 524256 0 0 4 84
t1    3   32    22.836    -4.542    46.397 524256 0 0 5 84
t1    6   32    16.464   -16.464    46.397 524256 0 0 7 21
t1    9   32     4.542   -22.836    46.397 524256 0 0 8 84
t1   27   32     4.542    22.836    46.397 524256 0 0 1 84
t1   30   32    16.464    16.464    46.397 16777215 0 0 3 21
t1    1   32    22.836     4.542    46.397 524256 0 0 4 84
t1    3   32    22.836    -4.542    46.397 524256 0 0 5 84
t1    6   32    16.464   -16.464    46.397 524256 0 0 7 21
t1    9   32     4.542   -22.836    46.397 524256 0 0 8 84
t1   27   32     4.542    22.836    46.397 524256 0 0 1 84
t1   30   32    16.464    16.464    46.397 524256 0 0 3 21
t1    1   32    22.836     4.542    46.397 524256 0 0 4 84
t1    3   32    22.836    -4.542    46.397 524256 0 0 5 84
t1    6   32    16.464   -16.464    46.397 524256 0 0 7 21
t1    9   32     4.542   -22.836    46.397 16777215 0 0 8 84
t1   27   32     4.542    22.836    46.397 524256 0 0 1 84
t1   30   32    16.464    16.464    46.397 524256 0 0 3 21
t1    1   32    22.836     4.542    46.397 524256 0 0 4 84
t1    3   32    22.836    -4.542    46.397 524256 0 0 5 84
t1    6   32    16.464   -16.464    46.397 524256 0 0 7 21
t1    9   32     4.542   -22.836    46.397 524256 0 0 8 84
t1   27   32     4.542    22.836    46.397 524256 0 0 1 84
t1   30   32    16.464    16.464    46.397 524256 0 0 3 21
t1    2   33    24.011     0.000    43.487 524233 0 0 5 20
t1    4   33    22.183    -9.189    43.487 524233 0 0 6 20
t1    7   33    13.340   -19.964    43.487 524233 0 0 7 85
t1   28   33     9.189    22.183    43.487 524233 0 0 2 20
t1   31   33    19.964    13.340    43.487 524233 0 0 3 85
t1    2   33    24.011     0.000    43.487 524233 0 0 5 20
t1    4   33    22.183    -9.189    43.487 524233 0 0 6 20
t1    7   33    13.340   -19.964    43.487 524233 0 0 7 85
t1   28   33     9.189    22.183    43.487 524233 0 0 2 20
t1   31   33    19.964    13.340    43.487 524233 0 0 3 85
t1    2   33    24.011     0.000    43.487 524233 0 0 5 20
t1    4   33    22.183    -9.189    43.487 524233 0 0 6 20
t1    7   33    13.340   -19.964    43.487 16777215 0 0 7 85
t1   28   33     9.189    22.183    43.487 524233 0 0 2 20
t1   31   33    19.964    13.340    43.487 524233 0 0 3 85
t1    2   33    24.011     0.000    43.487 524233 0 0 5 20
t1    4   33    22.183    -9.189    43.487 524233 0 0 6 20
t1    7   33    13.340   -19.964    43.487 524233 0 0 7 85
t1   28   33     9.189    22.183    43.487 524233 0 0 2 20
t1   31   33    19.964    13.340    43.487 524233 0 0 3 85
t1    2   33    24.011     0.000    43.487 524233 0 0 5 20
t1    4   33    22.183    -9.189    43.487 524233 0 0 6 20
t1    7   33    13.340   -19.964    43.487 524233 0 0 7 85
t1   28   33     9.189    22.183    43.487 524233 0 0 2 20
t1   31   33    19.964    13.340    43.487 524233 0 0 3 85
t1    3   34    24.263    -4.826    40.576 524211 0 0 5 86
t1    5   34    20.569   -13.744    40.576 524211 0 0 6 86
t1    8   34     9.467   -22.856    40.576 524211 0 0 8 19
t1   26   34     0.000    24.739    40.576 524211 0 0 1 19
t1   29   34    13.744    20.569    40.576 524211 0 0 2 86
t1   32   34    22.856     9.467    40.576 524211 0 0 4 19
t1    3   34    24.263    -4.826    40.576 524211 0 0 5 86
t1    5   34    20.569   -13.744    40.576 524211 0 0 6 86
t1    8   34     9.467   -22.856    40.576 524211 0 0 8 19
t1   26   34     0.000    24.739    40.576 524211 0 0 1 19
t1   29   34    13.744    20.569    40.576 524211 0 0 2 86
t1   32   34    22.856     9.467    40.576 16777215 0 0 4 19
t1    3   34    24.263    -4.826    40.576 524211 0 0 5 86
t1    5   34    20.569   -13.744    40.576 524211 0 0 6 86
t1    8   34     9.467   -22.856    40.576 524211 0 0 8 19
t1   26   34     0.000    24.739    40.576 16777215 0 0 1 19
t1   29   34    13.744    20.569    40.576 524211 0 0 2 86
t1   32   34    22.856     9.467    40.576 524211 0 0 4 19
t1    3   34    24.263    -4.826    40.576 524211 0 0 5 86
t1    5   34    20.569   -13.744    40.576 524211 0 0 6 86
t1    8   34     9.467   -22.856    40.576 524211 0 0 8 19
t1   26   34     0.000    24.739    40.576 524211 0 0 1 19
t1   29   34    13.744    20.569    40.576 524211 0 0 2 86
t1   32   34    22.856     9.467    40.576 524211 0 0 4 19
t1    3   34    24.263    -4.826    40.576 16777215 0 0 5 86
t1    5   34    20.569   -13.744    40.576 524211 0 0 6 86
t1    8   34     9.467   -22.856    40.576 524211 0 0 8 19
t1   26   34     0.000    24.739    40.576 524211 0 0 1 19
t1   29   34    13.744    20.569    40.576 524211 0 0 2 86
t1   32   34    22.856     9.467    40.576 524211 0 0 4 19
t1    3   34    24.263    -4.826    40.576 524211 0 0 5 86
t1    5   34    20.569   -13.744    40.576 16777215 0 0 6 86
t1    8   34     9.467   -22.856    40.576 524211 0 0 8 19
t1   26   34     0.000    24.739    40.576 524211 0 0 1 19
t1   29   34    13.744    20.569    40.576 524211 0 0 2 86
t1   32   34    22.856     9.467    40.576 524211 0 0 4 19
t1    4   35    23.528    -9.746    37.666 524188 0 0 6 18
t1    6   35    18.007   -18.007    37.666 16777215 0 0 7 18
t1    9   35     4.968   -24.977    37.666 524188 0 0 8 87
t1   27   35     4.968    24.977    37.666 524188 0 0 1 87
t1   30   35    18.007    18.007    37.666 524188 0 0 3 18
t1    1   35    24.977     4.968    37.666 524188 0 0 4 87
t1    4   35    23.528    -9.746    37.666 524188 0 0 6 18
t1    6   35    18.007   -18.007    37.666 524188 0 0 7 18
t1    9   35     4.968   -24.977    37.666 524188 0 0 8 87
t1   27   35     4.968    24.977    37.666 524188 0 0 1 87
t1   30   35    18.007    18.007    37.666 524188 0 0 3 18
t1    1   35    24.977     4.968    37.666 524188 0 0 4 87
t1    4   35    23.528    -9.746    37.666 524188 0 0 6 18
t1    6   35    18.007   -18.007    37.666 524188 0 0 7 18
t1    9   35     4.968   -24.977    37.666 524188 0 0 8 87
t1   27   35     4.968    24.977    37.666 524188 0 0 1 87
t1   30   35    18.007    18.007    37.666 524188 0 0 3 18
t1    1   35    24.977     4.968    37.666 524188 0 0 4 87
t1    4   35    23.528    -9.746    37.666 524188 0 0 6 18
t1    6   35    18.007   -18.007    37.666 524188 0 0 7 18
t1    9   35     4.968   -24.977    37.666 16777215 0 0 8 87
t1   27   35     4.968    24.977    37.666 524188 0 0 1 87
t1   30   35    18.007    18.007    37.666 524188 0 0 3 18
t1    1   35    24.977     4.968    37.666 524188 0 0 4 87
t1    4   35    23.528    -9.746    37.666 16777215 0 0 6 18
t1    6   35    18.007   -18.007    37.666 524188 0 0 7 18
t1    9   35     4.968   -24.977    37.666 524188 0 0 8 87
t1   27   35     4.968    24.977    37.666 524188 0 0 1 87
t1   30   35    18.007    18.007    37.666 524188 0 0 3 18
t1    1   35    24.977     4.968    37.666 524188 0 0 4 87
t1    5   36    21.779   -14.553    34.755 524166 0 0 6 88
t1    7   36    14.553   -21.779    34.755 16777215 0 0 7 88
t1   28   36    10.024    24.200    34.755 524166 0 0 2 17
t1   31   36    21.779    14.553    34.755 524166 0 0 3 88
t1    2   36    26.194     0.000    34.755 524166 0 0 5 17
t1    5   36    21.779   -14.553    34.755 524166 0 0 6 88
t1    7   36    14.553   -21.779    34.755 524166 0 0 7 88
t1   28   36    10.024    24.200    34.755 524166 0 0 2 17
t1   31   36    21.779    14.553    34.755 524166 0 0 3 88
t1    2   36    26.194     0.000    34.755 524166 0 0 5 17
t1    5   36    21.779   -14.553    34.755 524166 0 0 6 88
t1    7   36    14.553   -21.779    34.755 524166 0 0 7 88
t1   28   36    10.024    24.200    34.755 524166 0 0 2 17
t1   31   36    21.779    14.553    34.755 524166 0 0 3 88
t1    2   36    26.194     0.000    34.755 16777215 0 0 5 17
t1    5   36    21.779   -14.553    34.755 524166 0 0 6 88
t1    7   36    14.553   -21.779    34.755 524166 0 0 7 88
t1   28   36    10.024    24.200    34.755 524166 0 0 2 17
t1   31   36    21.779    14.553    34.755 524166 0 0 3 88
t1    2   36    26.194     0.000    34.755 524166 0 0 5 17
t1    5   36    21.779   -14.553    34.755 524166 0 0 6 88
t1    7   36    14.553   -21.779    34.755 524166 0 0 7 88
t1   28   36    10.024    24.200    34.755 524166 0 0 2 17
t1   31   36    21.779    14.553    34.755 524166 0 0 3 88
t1    2   36    26.194     0.000    34.755 524166 0 0 5 17
t1    5   36    21.779   -14.553    34.755 524166 0 0 6 88
t1    7   36    14.553   -21.779    34.755 524166 0 0 7 88
t1   28   36    10.024    24.200    34.755 524166 0 0 2 17
t1   31   36    21.779    14.553    34.755 524166 0 0 3 88
t1    2   36    26.194     0.000    34.755 524166 0 0 5 17
t1    6   37    19.036   -19.036    31.845 524144 0 0 7 16
t1    8   37    10.302   -24.872    31.845 524144 0 0 8 16
t1   26   37     0.000    26.921    31.845 524144 0 0 1 16
t1   29   37    14.957    22.384    31.845 524144 0 0 2 89
t1   32   37    24.872    10.302    31.845 524144 0 0 4 16
t1    3   37    26.404    -5.252    31.845 524144 0 0 5 89
t1    6   37    19.036   -19.036    31.845 524144 0 0 7 16
t1    8   37    10.302   -24.872    31.845 16777215 0 0 8 16
t1   26   37     0.000    26.921    31.845 16777215 0 0 1 16
t1   29   37    14.957    22.384    31.845 524144 0 0 2 89
t1   32   37    24.872    10.302    31.845 524144 0 0 4 16
t1    3   37    26.404    -5.252    31.845 524144 0 0 5 89
t1    6   37    19.036   -19.036    31.845 524144 0 0 7 16
t1    8   37    10.302   -24.872    31.845 524144 0 0 8 16
t1   26   37     0.000    26.921    31.845 524144 0 0 1 16
t1   29   37    14.957    22.384    31.845 524144 0 0 2 89
t1   32   37    24.872    10.302    31.845 524144 0 0 4 16
t1    3   37    26.404    -5.252    31.845 524144 0 0 5 89
t1    6   37    19.036   -19.036    31.845 524144 0 0 7 16
t1    8   37    10.302   -24.872    31.845 524144 0 0 8 16
t1   26   37     0.000    26.921    31.845 524144 0 0 1 16
t1   29   37    14.957    22.384    31.845 16777215 0 0 2 89
t1   32   37    24.872    10.302    31.845 524144 0 0 4 16
t1    3   37    26.404    -5.252    31.845 524144 0 0 5 89
t1    6   37    19.036   -19.036    31.845 524144 0 0 7 16
t1    8   37    10.302   -24.872    31.845 524144 0 0 8 16
t1   26   37     0.000    26.921    31.845 524144 0 0 1 16
t1   29   37    14.957    22.384    31.845 524144 0 0 2 89
t1   32   37    24.872    10.302    31.845 16777215 0 0 4 16
t1    3   37    26.404    -5.252    31.845 524144 0 0 5 89
t1    7   38    15.361   -22.989    28.934 524121 0 0 7 90
t1    9   38     5.394   -27.118    28.934 524121 0 0 8 90
t1   27   38     5.394    27.118    28.934 524121 0 0 1 90
t1   30   38    19.551    19.551    28.934 524121 0 0 3 15
t1    1   38    27.118     5.394    28.934 16777215 0 0 4 90
t1    4   38    25.544   -10.581    28.934 524121 0 0 6 15
t1    7   38    15.361   -22.989    28.934 524121 0 0 7 90
t1    9   38     5.394   -27.118    28.934 524121 0 0 8 90
t1   27   38     5.394    27.118    28.934 524121 0 0 1 90
t1   30   38    19.551    19.551    28.934 524121 0 0 3 15
t1    1   38    27.118     5.394    28.934 524121 0 0 4 90
t1    4   38    25.544   -10.581    28.934 524121 0 0 6 15
t1    7   38    15.361   -22.989    28.934 524121 0 0 7 90
t1    9   38     5.394   -27.118    28.934 524121 0 0 8 90
t1   27   38     5.394    27.118    28.934 524121 0 0 1 90
t1   30   38    19.551    19.551    28.934 524121 0 0 3 15
t1    1   38    27.118     5.394    28.934 524121 0 0 4 90
t1    4   38    25.544   -10.581    28.934 524121 0 0 6 15
t1    7   38    15.361   -22.989    28.934 524121 0 0 7 90
t1    9   38     5.394   -27.118    28.934 524121 0 0 8 90
t1   27   38     5.394    27.118    28.934 524121 0 0 1 90
t1   30   38    19.551    19.551    28.934 524121 0 0 3 15
t1    1   38    27.118     5.394    28.934 524121 0 0 4 90
t1    4   38    25.544   -10.581    28.934 16777215 0 0 6 15
t1    7   38    15.361   -22.989    28.934 524121 0 0 7 90
t1    9   38     5.394   -27.118    28.934 524121 0 0 8 90
t1   27   38     5.394    27.118    28.934 524121 0 0 1 90
t1   30   38    19.551    19.551    28.934 524121 0 0 3 15
t1    1   38    27.118     5.394    28.934 524121 0 0 4 90
t1    4   38    25.544   -10.581    28.934 524121 0 0 6 15
t1    7   38    15.361   -22.989    28.934 524121 0 0 7 90
t1    9   38     5.394   -27.118    28.934 524121 0 0 8 90
t1   27   38     5.394    27.118    28.934 524121 0 0 1 90
t1   30   38    19.551    19.551    28.934 524121 0 0 3 15
t1    1   38    27.118     5.394    28.934 16777215 0 0 4 90
t1    4   38    25.544   -10.581    28.934 524121 0 0 6 15
t1    8   39    10.859   -26.217    26.024 524099 0 0 8 14
t1   28   39    10.859    26.217    26.024 524099 0 0 2 14
t1   31   39    23.594    15.765    26.024 524099 0 0 3 91
t1    2   39    28.377     0.000    26.024 524099 0 0 5 14
t1    5   39    23.594   -15.765    26.024 16777215 0 0 6 91
t1    8   39    10.859   -26.217    26.024 524099 0 0 8 14
t1   28   39    10.859    26.217    26.024 524099 0 0 2 14
t1   31   39    23.594    15.765    26.024 524099 0 0 3 91
t1    2   39    28.377     0.000    26.024 524099 0 0 5 14
t1    5   39    23.594   -15.765    26.024 524099 0 0 6 91
t1    8   39    10.859   -26.217    26.024 524099 0 0 8 14
t1   28   39    10.859    26.217    26.024 16777215 0 0 2 14
t1   31   39    23.594    15.765    26.024 524099 0 0 3 91
t1    2   39    28.377     0.000    26.024 524099 0 0 5 14
t1    5   39    23.594   -15.765    26.024 524099 0 0 6 91
t1    8   39    10.859   -26.217    26.024 524099 0 0 8 14
t1   28   39    10.859    26.217    26.024 524099 0 0 2 14
t1   31   39    23.594    15.765    26.024 524099 0 0 3 91
t1    2   39    28.377     0.000    26.024 524099 0 0 5 14
t1    5   39    23.594   -15.765    26.024 524099 0 0 6 91
t1    8   39    10.859   -26.217    26.024 524099 0 0 8 14
t1   28   39    10.859    26.217    26.024 524099 0 0 2 14
t1   31   39    23.594    15.765    26.024 524099 0 0 3 91
t1    2   39    28.377     0.000    26.024 524099 0 0 5 14
t1    5   39    23.594   -15.765    26.024 524099 0 0 6 91
t1    9   40     5.678   -28.545    23.114 524076 0 0 8 92
t1   26   40     0.000    29.104    23.114 524076 0 0 1 13
t1   29   40    16.169    24.199    23.114 524076 0 0 2 92
t1   32   40    26.889    11.138    23.114 524076 0 0 4 13
t1    3   40    28.545    -5.678    23.114 524076 0 0 5 92
t1    6   40    20.580   -20.580    23.114 524076 0 0 7 13
t1    9   40     5.678   -28.545    23.114 524076 0 0 8 92
t1   26   40     0.000    29.104    23.114 524076 0 0 1 13
t1   29   40    16.169    24.199    23.114 524076 0 0 2 92
t1   32   40    26.889    11.138    23.114 524076 0 0 4 13
t1    3   40    28.545    -5.678    23.114 16777215 0 0 5 92
t1    6   40    20.580   -20.580    23.114 524076 0 0 7 13
t1    9   40     5.678   -28.545    23.114 524076 0 0 8 92
t1   26   40     0.000    29.104    23.114 524076 0 0 1 13
t1   29   40    16.169    24.199    23.114 524076 0 0 2 92
t1   32   40    26.889    11.138    23.114 524076 0 0 4 13
t1    3   40    28.545    -5.678    23.114 524076 0 0 5 92
t1    6   40    20.580   -20.580    23.114 524076 0 0 7 13
t1    9   40     5.678   -28.545    23.114 524076 0 0 8 92
t1   26   40     0.000    29.104    23.114 524076 0 0 1 13
t1   29   40    16.169    24.199    23.114 524076 0 0 2 92
t1   32   40    26.889    11.138    23.114 524076 0 0 4 13
t1    3   40    28.545    -5.678    23.114 524076 0 0 5 92
t1    6   40    20.580   -20.580    23.114 524076 0 0 7 13
t1    9   40     5.678   -28.545    23.114 524076 0 0 8 92
t1   26   40     0.000    29.104    23.114 524076 0 0 1 13
t1   29   40    16.169    24.199    23.114 524076 0 0 2 92
t1   32   40    26.889    11.138    23.114 524076 0 0 4 13
t1    3   40    28.545    -5.678    23.114 524076 0 0 5 92
t1    6   40    20.580   -20.580    23.114 524076 0 0 7 13
t1    9   40     5.678   -28.545    23.114 524076 0 0 8 92
t1   26   40     0.000    29.104    23.114 16777215 0 0 1 13
t1   29   40    16.169    24.199    23.114 524076 0 0 2 92
t1   32   40    26.889    11.138    23.114 524076 0 0 4 13
t1    3   40    28.545    -5.678    23.114 524076 0 0 5 92
t1    6   40    20.580   -20.580    23.114 524076 0 0 7 13
t1   27   41     5.820    29.259    20.203 16777215 0 0 1 93
t1   30   41    21.094    21.094    20.203 16777215 0 0 3 12
t1    1   41    29.259     5.820    20.203 524054 0 0 4 93
t1    4   41    27.561   -11.416    20.203 524054 0 0 6 12
t1    7   41    16.574   -24.804    20.203 524054 0 0 7 93
t1   27   41     5.820    29.259    20.203 524054 0 0 1 93
t1   30   41    21.094    21.094    20.203 524054 0 0 3 12
t1    1   41    29.259     5.820    20.203 524054 0 0 4 93
t1    4   41    27.561   -11.416    20.203 524054 0 0 6 12
t1    7   41    16.574   -24.804    20.203 524054 0 0 7 93
t1   27   41     5.820    29.259    20.203 524054 0 0 1 93
t1   30   41    21.094    21.094    20.203 524054 0 0 3 12
t1    1   41    29.259     5.820    20.203 524054 0 0 4 93
t1    4   41    27.561   -11.416    20.203 524054 0 0 6 12
t1    7   41    16.574   -24.804    20.203 524054 0 0 7 93
t1   27   41     5.820    29.259    20.203 524054 0 0 1 93
t1   30   41    21.094    21.094    20.203 16777215 0 0 3 12
t1    1   41    29.259     5.820    20.203 524054 0 0 4 93
t1    4   41    27.561   -11.416    20.203 524054 0 0 6 12
t1    7   41    16.574   -24.804    20.203 524054 0 0 7 93
t1   27   41     5.820    29.259    20.203 524054 0 0 1 93
t1   30   41    21.094    21.094    20.203 524054 0 0 3 12
t1    1   41    29.259     5.820    20.203 524054 0 0 4 93
t1    4   41    27.561   -11.416    20.203 524054 0 0 6 12
t1    7   41    16.574   -24.804    20.203 524054 0 0 7 93
t1   27   41     5.820    29.259    20.203 16777215 0 0 1 93
t1   30   41    21.094    21.094    20.203 524054 0 0 3 12
t1    1   41    29.259     5.820    20.203 524054 0 0 4 93
t1    4   41    27.561   -11.416    20.203 524054 0 0 6 12
t1    7   41    16.574   -24.804    20.203 524054 0 0 7 93
t1   28   42    11.695    28.233    17.293 1048327 0 0 2 11
t1   31   42    25.409    16.978    17.293 16777215 0 0 3 94
t1    2   42    30.559     0.000    17.293 1048327 0 0 5 11
t1    5   42    25.409   -16.978    17.293 1048327 0 0 6 94
t1    8   42    11.695   -28.233    17.293 1048327 0 0 8 11
t1   28   42    11.695    28.233    17.293 1048327 0 0 2 11
t1   31   42    25.409    16.978    17.293 1048327 0 0 3 94
t1    2   42    30.559     0.000    17.293 1048327 0 0 5 11
t1    5   42    25.409   -16.978    17.293 16777215 0 0 6 94
t1    8   42    11.695   -28.233    17.293 16777215 0 0 8 11
t1   28   42    11.695    28.233    17.293 1048327 0 0 2 11
t1   31   42    25.409    16.978    17.293 1048327 0 0 3 94
t1    2   42    30.559     0.000    17.293 1048327 0 0 5 11
t1    5   42    25.409   -16.978    17.293 1048327 0 0 6 94
t1    8   42    11.695   -28.233    17.293 1048327 0 0 8 11
t1   28   42    11.695    28.233    17.293 1048327 0 0 2 11
t1   31   42    25.409    16.978    17.293 1048327 0 0 3 94
t1    2   42    30.559     0.000    17.293 1048327 0 0 5 11
t1    5   42    25.409   -16.978    17.293 1048327 0 0 6 94
t1    8   42    11.695   -28.233    17.293 1048327 0 0 8 11
t1   28   42    11.695    28.233    17.293 1048327 0 0 2 11
t1   31   42    25.409    16.978    17.293 1048327 0 0 3 94
t1    2   42    30.559     0.000    17.293 1048327 0 0 5 11
t1    5   42    25.409   -16.978    17.293 1048327 0 0 6 94
t1    8   42    11.695   -28.233    17.293 1048327 0 0 8 11
t1   26   43     0.000    31.287    14.382 2490119 0 0 1 10
t1   29   43    17.382    26.014    14.382 2490119 0 0 2 95
t1   32   43    28.906    11.973    14.382 2490119 0 0 4 10
t1    3   43    30.686    -6.104    14.382 2490119 0 0 5 95
t1    6   43    22.123   -22.123    14.382 2490119 0 0 7 10
t1    9   43     6.104   -30.686    14.382 2490119 0 0 8 95
t1   26   43     0.000    31.287    14.382 2490119 0 0 1 10
t1   29   43    17.382    26.014    14.382 16777215 0 0 2 95
t1   32   43    28.906    11.973    14.382 2490119 0 0 4 10
t1    3   43    30.686    -6.104    14.382 2490119 0 0 5 95
t1    6   43    22.123   -22.123    14.382 2490119 0 0 7 10
t1    9   43     6.104   -30.686    14.382 2490119 0 0 8 95
t1   26   43     0.000    31.287    14.382 2490119 0 0 1 10
t1   29   43    17.382    26.014    14.382 2490119 0 0 2 95
t1   32   43    28.906    11.973    14.382 2490119 0 0 4 10
t1    3   43    30.686    -6.104    14.382 2490119 0 0 5 95
t1    6   43    22.123   -22.123    14.382 2490119 0 0 7 10
t1    9   43     6.104   -30.686    14.382 16777215 0 0 8 95
t1   26   43     0.000    31.287    14.382 2490119 0 0 1 10
t1   29   43    17.382    26.014    14.382 2490119 0 0 2 95
t1   32   43    28.906    11.973    14.382 2490119 0 0 4 10
t1    3   43    30.686    -6.104    14.382 2490119 0 0 5 95
t1    6   43    22.123   -22.123    14.382 2490119 0 0 7 10
t1    9   43     6.104   -30.686    14.382 2490119 0 0 8 95
t1   26   43     0.000    31.287    14.382 2490119 0 0 1 10
t1   29   43    17.382    26.014    14.382 2490119 0 0 2 95
t1   32   43    28.906    11.973    14.382 2490119 0 0 4 10
t1    3   43    30.686    -6.104    14.382 2490119 0 0 5 95
t1    6   43    22.123   -22.123    14.382 2490119 0 0 7 10
t1    9   43     6.104   -30.686    14.382 2490119 0 0 8 95
t1   26   43     0.000    31.287    14.382 2490119 0 0 1 10
t1   29   43    17.382    26.014    14.382 2490119 0 0 2 95
t1   32   43    28.906    11.973    14.382 2490119 0 0 4 10
t1    3   43    30.686    -6.104    14.382 2490119 0 0 5 95
t1    6   43    22.123   -22.123    14.382 2490119 0 0 7 10
t1    9   43     6.104   -30.686    14.382 2490119 0 0 8 95
t1   27   44     6.246    31.400    11.472 3997448 0 0 1 96
t1   30   44    22.638    22.638    11.472 3997448 0 0 3 9
t1    1   44    31.400     6.246    11.472 3997448 0 0 4 96
t1    4   44    29.578   -12.251    11.472 3997448 0 0 6 9
t1    7   44    17.786   -26.619    11.472 16777215 0 0 7 96
t1   27   44     6.246    31.400    11.472 3997448 0 0 1 96
t1   30   44    22.638    22.638    11.472 3997448 0 0 3 9
t1    1   44    31.400     6.246    11.472 3997448 0 0 4 96
t1    4   44    29.578   -12.251    11.472 3997448 0 0 6 9
t1    7   44    17.786   -26.619    11.472 3997448 0 0 7 96
t1   27   44     6.246    31.400    11.472 3997448 0 0 1 96
t1   30   44    22.638    22.638    11.472 3997448 0 0 3 9
t1    1   44    31.400     6.246    11.472 3997448 0 0 4 96
t1    4   44    29.578   -12.251    11.472 3997448 0 0 6 9
t1    7   44    17.786   -26.619    11.472 3997448 0 0 7 96
t1   27   44     6.246    31.400    11.472 3997448 0 0 1 96
t1   30   44    22.638    22.638    11.472 3997448 0 0 3 9
t1    1   44    31.400     6.246    11.472 3997448 0 0 4 96
t1    4   44    29.578   -12.251    11.472 3997448 0 0 6 9
t1    7   44    17.786   -26.619    11.472 3997448 0 0 7 96
t1   27   44     6.246    31.400    11.472 3997448 0 0 1 96
t1   30   44    22.638    22.638    11.472 3997448 0 0 3 9
t1    1   44    31.400     6.246    11.472 3997448 0 0 4 96
t1    4   44    29.578   -12.251    11.472 3997448 0 0 6 9
t1    7   44    17.786   -26.619    11.472 3997448 0 0 7 96
t1   28   45    12.530    30.250     8.561 5439240 0 0 2 8
t1   31   45    27.224    18.191     8.561 5439240 0 0 3 97
t1    2   45    32.742     0.000     8.561 5439240 0 0 5 8
t1    5   45    27.224   -18.191     8.561 5439240 0 0 6 97
t1    8   45    12.530   -30.250     8.561 5439240 0 0 8 8
t1   28   45    12.530    30.250     8.561 5439240 0 0 2 8
t1   31   45    27.224    18.191     8.561 5439240 0 0 3 97
t1    2   45    32.742     0.000     8.561 5439240 0 0 5 8
t1    5   45    27.224   -18.191     8.561 5439240 0 0 6 97
t1    8   45    12.530   -30.250     8.561 5439240 0 0 8 8
t1   28   45    12.530    30.250     8.561 5439240 0 0 2 8
t1   31   45    27.224    18.191     8.561 16777215 0 0 3 97
t1    2   45    32.742     0.000     8.561 16777215 0 0 5 8
t1    5   45    27.224   -18.191     8.561 5439240 0 0 6 97
t1    8   45    12.530   -30.250     8.561 5439240 0 0 8 8
t1   28   45    12.530    30.250     8.561 5439240 0 0 2 8
t1   31   45    27.224    18.191     8.561 5439240 0 0 3 97
t1    2   45    32.742     0.000     8.561 5439240 0 0 5 8
t1    5   45    27.224   -18.191     8.561 16777215 0 0 6 97
t1    8   45    12.530   -30.250     8.561 5439240 0 0 8 8
t1   28   45    12.530    30.250     8.561 5439240 0 0 2 8
t1   31   45    27.224    18.191     8.561 5439240 0 0 3 97
t1    2   45    32.742     0.000     8.561 5439240 0 0 5 8
t1    5   45    27.224   -18.191     8.561 5439240 0 0 6 97
t1    8   45    12.530   -30.250     8.561 5439240 0 0 8 8
t1   28   45    12.530    30.250     8.561 5439240 0 0 2 8
t1   31   45    27.224    18.191     8.561 5439240 0 0 3 97
t1    2   45    32.742     0.000     8.561 5439240 0 0 5 8
t1    5   45    27.224   -18.191     8.561 5439240 0 0 6 97
t1    8   45    12.530   -30.250     8.561 5439240 0 0 8 8
t1   26   46     0.000    33.470     5.651 6946568 0 0 1 7
t1   29   46    18.595    27.829     5.651 6946568 0 0 2 98
t1   32   46    30.922    12.808     5.651 6946568 0 0 4 7
t1    3   46    32.827    -6.530     5.651 6946568 0 0 5 98
t1    6   46    23.667   -23.667     5.651 6946568 0 0 7 7
t1    9   46     6.530   -32.827     5.651 6946568 0 0 8 98
t1   26   46     0.000    33.470     5.651 6946568 0 0 1 7
t1   29   46    18.595    27.829     5.651 6946568 0 0 2 98
t1   32   46    30.922    12.808     5.651 6946568 0 0 4 7
t1    3   46    32.827    -6.530     5.651 6946568 0 0 5 98
t1    6   46    23.667   -23.667     5.651 6946568 0 0 7 7
t1    9   46     6.530   -32.827     5.651 16777215 0 0 8 98
t1   26   46     0.000    33.470     5.651 6946568 0 0 1 7
t1   29   46    18.595    27.829     5.651 6946568 0 0 2 98
t1   32   46    30.922    12.808     5.651 6946568 0 0 4 7
t1    3   46    32.827    -6.530     5.651 16777215 0 0 5 98
t1    6   46    23.667   -23.667     5.651 6946568 0 0 7 7
t1    9   46     6.530   -32.827     5.651 6946568 0 0 8 98
t1   26   46     0.000    33.470     5.651 6946568 0 0 1 7
t1   29   46    18.595    27.829     5.651 6946568 0 0 2 98
t1   32   46    30.922    12.808     5.651 6946568 0 0 4 7
t1    3   46    32.827    -6.530     5.651 6946568 0 0 5 98
t1    6   46    23.667   -23.667     5.651 16777215 0 0 7 7
t1    9   46     6.530   -32.827     5.651 6946568 0 0 8 98
t1   26   46     0.000    33.470     5.651 6946568 0 0 1 7
t1   29   46    18.595    27.829     5.651 6946568 0 0 2 98
t1   32   46    30.922    12.808     5.651 6946568 0 0 4 7
t1    3   46    32.827    -6.530     5.651 6946568 0 0 5 98
t1    6   46    23.667   -23.667     5.651 6946568 0 0 7 7
t1    9   46     6.530   -32.827     5.651 6946568 0 0 8 98
t1   27   47     6.672    33.540     2.741 8388360 0 0 1 99
t1   30   47    24.181    24.181     2.741 8388360 0 0 3 6
t1    1   47    33.540     6.672     2.741 8388360 0 0 4 99
t1    4   47    31.594   -13.087     2.741 8388360 0 0 6 6
t1    7   47    18.999   -28.434     2.741 8388360 0 0 7 99
t1   27   47     6.672    33.540     2.741 8388360 0 0 1 99
t1   30   47    24.181    24.181     2.741 8388360 0 0 3 6
t1    1   47    33.540     6.672     2.741 16777215 0 0 4 99
t1    4   47    31.594   -13.087     2.741 8388360 0 0 6 6
t1    7   47    18.999   -28.434     2.741 8388360 0 0 7 99
t1   27   47     6.672    33.540     2.741 8388360 0 0 1 99
t1   30   47    24.181    24.181     2.741 8388360 0 0 3 6
t1    1   47    33.540     6.672     2.741 8388360 0 0 4 99
t1    4   47    31.594   -13.087     2.741 8388360 0 0 6 6
t1    7   47    18.999   -28.434     2.741 8388360 0 0 7 99
t1   27   47     6.672    33.540     2.741 8388360 0 0 1 99
t1   30   47    24.181    24.181     2.741 8388360 0 0 3 6
t1    1   47    33.540     6.672     2.741 8388360 0 0 4 99
t1    4   47    31.594   -13.087     2.741 8388360 0 0 6 6
t1    7   47    18.999   -28.434     2.741 8388360 0 0 7 99
t1   27   47     6.672    33.540     2.741 8388360 0 0 1 99
t1   30   47    24.181    24.181     2.741 8388360 0 0 3 6
t1    1   47    33.540     6.672     2.741 8388360 0 0 4 99
t1    4   47    31.594   -13.087     2.741 8388360 0 0 6 6
t1    7   47    18.999   -28.434     2.741 8388360 0 0 7 99
t1   27   47     6.672    33.540     2.741 8388360 0 0 1 99
t1   30   47    24.181    24.181     2.741 8388360 0 0 3 6
t1    1   47    33.540     6.672     2.741 8388360 0 0 4 99
t1    4   47    31.594   -13.087     2.741 8388360 0 0 6 6
t1    7   47    18.999   -28.434     2.741 16777215 0 0 7 99
t1   28   48    13.365    32.267    -0.170 9895688 0 0 2 5
t1   31   48    29.039    19.403    -0.170 9895688 0 0 3 100
t1    2   48    34.925     0.000    -0.170 9895688 0 0 5 5
t1    5   48    29.039   -19.403    -0.170 9895688 0 0 6 100
t1    8   48    13.365   -32.267    -0.170 9895688 0 0 8 5
t1   28   48    13.365    32.267    -0.170 9895688 0 0 2 5
t1   31   48    29.039    19.403    -0.170 9895688 0 0 3 100
t1    2   48    34.925     0.000    -0.170 9895688 0 0 5 5
t1    5   48    29.039   -19.403    -0.170 9895688 0 0 6 100
t1    8   48    13.365   -32.267    -0.170 9895688 0 0 8 5
t1   28   48    13.365    32.267    -0.170 16777215 0 0 2 5
t1   31   48    29.039    19.403    -0.170 9895688 0 0 3 100
t1    2   48    34.925     0.000    -0.170 9895688 0 0 5 5
t1    5   48    29.039   -19.403    -0.170 9895688 0 0 6 100
t1    8   48    13.365   -32.267    -0.170 9895688 0 0 8 5
t1   28   48    13.365    32.267    -0.170 9895688 0 0 2 5
t1   31   48    29.039    19.403    -0.170 16777215 0 0 3 100
t1    2   48    34.925     0.000    -0.170 9895688 0 0 5 5
t1    5   48    29.039   -19.403    -0.170 9895688 0 0 6 100
t1    8   48    13.365   -32.267    -0.170 9895688 0 0 8 5
t1   28   48    13.365    32.267    -0.170 9895688 0 0 2 5
t1   31   48    29.039    19.403    -0.170 16777215 0 0 3 100
t1    2   48    34.925     0.000    -0.170 9895688 0 0 5 5
t1    5   48    29.039   -19.403    -0.170 9895688 0 0 6 100
t1    8   48    13.365   -32.267    -0.170 9895688 0 0 8 5
t1   26   49     0.000    35.653    -3.080 11337480 0 0 1 4
t1   29   49    19.808    29.644    -3.080 11337480 0 0 2 101
t1   32   49    32.939    13.644    -3.080 11337480 0 0 4 4
t1    3   49    34.968    -6.956    -3.080 11337480 0 0 5 101
t1    6   49    25.210   -25.210    -3.080 11337480 0 0 7 4
t1    9   49     6.956   -34.968    -3.080 11337480 0 0 8 101
t1   26   49     0.000    35.653    -3.080 11337480 0 0 1 4
t1   29   49    19.808    29.644    -3.080 11337480 0 0 2 101
t1   32   49    32.939    13.644    -3.080 11337480 0 0 4 4
t1    3   49    34.968    -6.956    -3.080 11337480 0 0 5 101
t1    6   49    25.210   -25.210    -3.080 11337480 0 0 7 4
t1    9   49     6.956   -34.968    -3.080 11337480 0 0 8 101
t1   26   49     0.000    35.653    -3.080 11337480 0 0 1 4
t1   29   49    19.808    29.644    -3.080 11337480 0 0 2 101
t1   32   49    32.939    13.644    -3.080 11337480 0 0 4 4
t1    3   49    34.968    -6.956    -3.080 16777215 0 0 5 101
t1    6   49    25.210   -25.210    -3.080 11337480 0 0 7 4
t1    9   49     6.956   -34.968    -3.080 11337480 0 0 8 101
t1   26   49     0.000    35.653    -3.080 11337480 0 0 1 4
t1   29   49    19.808    29.644    -3.080 16777215 0 0 2 101
t1   32   49    32.939    13.644    -3.080 11337480 0 0 4 4
t1    3   49    34.968    -6.956    -3.080 11337480 0 0 5 101
t1    6   49    25.210   -25.210    -3.080 11337480 0 0 7 4
t1    9   49     6.956   -34.968    -3.080 11337480 0 0 8 101
t1   26   49     0.000    35.653    -3.080 11337480 0 0 1 4
t1   29   49    19.808    29.644    -3.080 11337480 0 0 2 101
t1   32   49    32.939    13.644    -3.080 16777215 0 0 4 4
t1    3   49    34.968    -6.956    -3.080 11337480 0 0 5 101
t1    6   49    25.210   -25.210    -3.080 11337480 0 0 7 4
t1    9   49     6.956   -34.968    -3.080 11337480 0 0 8 101
t1   26   49     0.000    35.653    -3.080 11337480 0 0 1 4
t1   29   49    19.808    29.644    -3.080 11337480 0 0 2 101
t1   32   49    32.939    13.644    -3.080 11337480 0 0 4 4
t1    3   49    34.968    -6.956    -3.080 11337480 0 0 5 101
t1    6   49    25.210   -25.210    -3.080 11337480 0 0 7 4
t1    9   49     6.956   -34.968    -3.080 16777215 0 0 8 101
t1   27   50     7.097    35.681    -5.991 12779272 0 0 1 102
t1   30   50    25.725    25.725    -5.991 12779272 0 0 3 3
t1    1   50    35.681     7.097    -5.991 12779272 0 0 4 102
t1    4   50    33.611   -13.922    -5.991 12779272 0 0 6 3
t1    7   50    20.212   -30.249    -5.991 12779272 0 0 7 102
t1   27   50     7.097    35.681    -5.991 16777215 0 0 1 102
t1   30   50    25.725    25.725    -5.991 12779272 0 0 3 3
t1    1   50    35.681     7.097    -5.991 12779272 0 0 4 102
t1    4   50    33.611   -13.922    -5.991 12779272 0 0 6 3
t1    7   50    20.212   -30.249    -5.991 12779272 0 0 7 102
t1   27   50     7.097    35.681    -5.991 12779272 0 0 1 102
t1   30   50    25.725    25.725    -5.991 12779272 0 0 3 3
t1    1   50    35.681     7.097    -5.991 12779272 0 0 4 102
t1    4   50    33.611   -13.922    -5.991 12779272 0 0 6 3
t1    7   50    20.212   -30.249    -5.991 12779272 0 0 7 102
t1   27   50     7.097    35.681    -5.991 12779272 0 0 1 102
t1   30   50    25.725    25.725    -5.991 12779272 0 0 3 3
t1    1   50    35.681     7.097    -5.991 12779272 0 0 4 102
t1    4   50    33.611   -13.922    -5.991 12779272 0 0 6 3
t1    7   50    20.212   -30.249    -5.991 12779272 0 0 7 102
t1   27   50     7.097    35.681    -5.991 12779272 0 0 1 102
t1   30   50    25.725    25.725    -5.991 12779272 0 0 3 3
t1    1   50    35.681     7.097    -5.991 12779272 0 0 4 102
t1    4   50    33.611   -13.922    -5.991 12779272 0 0 6 3
t1    7   50    20.212   -30.249    -5.991 12779272 0 0 7 102
t1   28   51    14.201    34.283    -8.901 14286600 0 0 2 2
t1   31   51    30.854    20.616    -8.901 14286600 0 0 3 103
t1    2   51    37.108     0.000    -8.901 16777215 0 0 5 2
t1    5   51    30.854   -20.616    -8.901 14286600 0 0 6 103
t1    8   51    14.201   -34.283    -8.901 14286600 0 0 8 2
t1   28   51    14.201    34.283    -8.901 14286600 0 0 2 2
t1   31   51    30.854    20.616    -8.901 14286600 0 0 3 103
t1    2   51    37.108     0.000    -8.901 14286600 0 0 5 2
t1    5   51    30.854   -20.616    -8.901 14286600 0 0 6 103
t1    8   51    14.201   -34.283    -8.901 14286600 0 0 8 2
t1   28   51    14.201    34.283    -8.901 14286600 0 0 2 2
t1   31   51    30.854    20.616    -8.901 14286600 0 0 3 103
t1    2   51    37.108     0.000    -8.901 14286600 0 0 5 2
t1    5   51    30.854   -20.616    -8.901 14286600 0 0 6 103
t1    8   51    14.201   -34.283    -8.901 14286600 0 0 8 2
t1   28   51    14.201    34.283    -8.901 14286600 0 0 2 2
t1   31   51    30.854    20.616    -8.901 14286600 0 0 3 103
t1    2   51    37.108     0.000    -8.901 14286600 0 0 5 2
t1    5   51    30.854   -20.616    -8.901 16777215 0 0 6 103
t1    8   51    14.201   -34.283    -8.901 14286600 0 0 8 2
t1   28   51    14.201    34.283    -8.901 14286600 0 0 2 2
t1   31   51    30.854    20.616    -8.901 14286600 0 0 3 103
t1    2   51    37.108     0.000    -8.901 14286600 0 0 5 2
t1    5   51    30.854   -20.616    -8.901 14286600 0 0 6 103
t1    8   51    14.201   -34.283    -8.901 14286600 0 0 8 2
t1   28   51    14.201    34.283    -8.901 14286600 0 0 2 2
t1   31   51    30.854    20.616    -8.901 14286600 0 0 3 103
t1    2   51    37.108     0.000    -8.901 14286600 0 0 5 2
t1    5   51    30.854   -20.616    -8.901 14286600 0 0 6 103
t1    8   51    14.201   -34.283    -8.901 14286600 0 0 8 2
t1   26   52     0.000    37.836   -11.812 15728392 0 0 1 1
t1   29   52    21.020    31.459   -11.812 15728392 0 0 2 104
t1   32   52    34.955    14.479   -11.812 15728392 0 0 4 1
t1    3   52    37.109    -7.381   -11.812 15728392 0 0 5 104
t1    6   52    26.754   -26.754   -11.812 15728392 0 0 7 1
t1    9   52     7.381   -37.109   -11.812 15728392 0 0 8 104
t1   26   52     0.000    37.836   -11.812 15728392 0 0 1 1
t1   29   52    21.020    31.459   -11.812 15728392 0 0 2 104
t1   32   52    34.955    14.479   -11.812 15728392 0 0 4 1
t1    3   52    37.109    -7.381   -11.812 15728392 0 0 5 104
t1    6   52    26.754   -26.754   -11.812 15728392 0 0 7 1
t1    9   52     7.381   -37.109   -11.812 15728392 0 0 8 104
t1   26   52     0.000    37.836   -11.812 15728392 0 0 1 1
t1   29   52    21.020    31.459   -11.812 16777215 0 0 2 104
t1   32   52    34.955    14.479   -11.812 15728392 0 0 4 1
t1    3   52    37.109    -7.381   -11.812 15728392 0 0 5 104
t1    6   52    26.754   -26.754   -11.812 15728392 0 0 7 1
t1    9   52     7.381   -37.109   -11.812 15728392 0 0 8 104
t1   26   52     0.000    37.836   -11.812 15728392 0 0 1 1
t1   29   52    21.020    31.459   -11.812 15728392 0 0 2 104
t1   32   52    34.955    14.479   -11.812 15728392 0 0 4 1
t1    3   52    37.109    -7.381   -11.812 15728392 0 0 5 104
t1    6   52    26.754   -26.754   -11.812 15728392 0 0 7 1
t1    9   52     7.381   -37.109   -11.812 15728392 0 0 8 104
t1   26   52     0.000    37.836   -11.812 16777215 0 0 1 1
t1   29   52    21.020    31.459   -11.812 15728392 0 0 2 104
t1   32   52    34.955    14.479   -11.812 15728392 0 0 4 1
t1    3   52    37.109    -7.381   -11.812 15728392 0 0 5 104
t1    6   52    26.754   -26.754   -11.812 15728392 0 0 7 1
t1    9   52     7.381   -37.109   -11.812 15728392 0 0 8 104
