#    workspaces/2/AA+SEAN33_d_22.dat
t1   13    1     0.142     0.714   136.620 16713046 0 0 1 53
t1   16    1     0.514     0.514   136.620 16713046 0 0 3 52
t1   19    1     0.714     0.142   136.620 16713046 0 0 4 53
t1   22    1     0.672    -0.278   136.620 16713046 0 0 6 52
t1   25    1     0.404    -0.605   136.620 16713046 0 0 7 53
t1   13    1     0.142     0.714   136.620 16713046 0 0 1 53
t1   16    1     0.514     0.514   136.620 16713046 0 0 3 52
t1   19    1     0.714     0.142   136.620 16777215 0 0 4 53
t1   22    1     0.672    -0.278   136.620 16713046 0 0 6 52
t1   25    1     0.404    -0.605   136.620 16713046 0 0 7 53
t1   13    1     0.142     0.714   136.620 16713046 0 0 1 53
t1   16    1     0.514     0.514   136.620 16777215 0 0 3 52
t1   19    1     0.714     0.142   136.620 16713046 0 0 4 53
t1   22    1     0.672    -0.278   136.620 16713046 0 0 6 52
t1   25    1     0.404    -0.605   136.620 16713046 0 0 7 53
t1   13    1     0.142     0.714   136.620 16713046 0 0 1 53
t1   16    1     0.514     0.514   136.620 16713046 0 0 3 52
t1   19    1     0.714     0.142   136.620 16777215 0 0 4 53
t1   22    1     0.672    -0.278   136.620 16777215 0 0 6 52
t1   25    1     0.404    -0.605   136.620 16713046 0 0 7 53
t1   13    1     0.142     0.714   136.620 16713046 0 0 1 53
t1   16    1     0.514     0.514   136.620 16713046 0 0 3 52
t1   19    1     0.714     0.142   136.620 16713046 0 0 4 53
t1   22    1     0.672    -0.278   136.620 16713046 0 0 6 52
t1   25    1     0.404    -0.605   136.620 16713046 0 0 7 53
t1   13    1     0.142     0.714   136.620 16713046 0 0 1 53
t1   16    1     0.514     0.514   136.620 16777215 0 0 3 52
t1   19    1     0.714     0.142   136.620 16713046 0 0 4 53
t1   22    1     0.672    -0.278   136.620 16713046 0 0 6 52
t1   25    1     0.404    -0.605   136.620 16713046 0 0 7 53
t1   14    2     0.557     1.344   133.710 16713068 0 0 2 51
t1   17    2     1.210     0.808   133.710 16713068 0 0 3 54
t1   20    2     1.455     0.000   133.710 16713068 0 0 5 51
t1   23    2     1.210    -0.808   133.710 16713068 0 0 6 54
t1   26    2     0.557    -1.344   133.710 16713068 0 0 8 51
t1   14    2     0.557     1.344   133.710 16713068 0 0 2 51
t1   17    2     1.210     0.808   133.710 16713068 0 0 3 54
t1   20    2     1.455     0.000   133.710 16713068 0 0 5 51
t1   23    2     1.210    -0.808   133.710 16713068 0 0 6 54
t1   26    2     0.557    -1.344   133.710 16713068 0 0 8 51
t1   14    2     0.557     1.344   133.710 16713068 0 0 2 51
t1   17    2     1.210     0.808   133.710 16713068 0 0 3 54
t1   20    2     1.455     0.000   133.710 16713068 0 0 5 51
t1   23    2     1.210    -0.808   133.710 16713068 0 0 6 54
t1   26    2     0.557    -1.344   133.710 16713068 0 0 8 51
t1   14    2     0.557     1.344   133.710 16713068 0 0 2 51
t1   17    2     1.210     0.808   133.710 16713068 0 0 3 54
t1   20    2     1.455     0.000   133.710 16713068 0 0 5 51
t1   23    2     1.210    -0.808   133.710 16713068 0 0 6 54
t1   26    2     0.557    -1.344   133.710 16713068 0 0 8 51
t1   14    2     0.557     1.344   133.710 16713068 0 0 2 51
t1   17    2     1.210     0.808   133.710 16713068 0 0 3 54
t1   20    2     1.455     0.000   133.710 16713068 0 0 5 51
t1   23    2     1.210    -0.808   133.710 16713068 0 0 6 54
t1   26    2     0.557    -1.344   133.710 16777215 0 0 8 51
t1   14    2     0.557     1.344   133.710 16713068 0 0 2 51
t1   17    2     1.210     0.808   133.710 16713068 0 0 3 54
t1   20    2     1.455     0.000   133.710 16713068 0 0 5 51
t1   23    2     1.210    -0.808   133.710 16713068 0 0 6 54
t1   26    2     0.557    -1.344   133.710 16713068 0 0 8 51
t1   12    3     0.000     2.183   130.799 16713091 0 0 1 50
t1   15    3     1.213     1.815   130.799 16713091 0 0 2 55
t1   18    3     2.017     0.835   130.799 16713091 0 0 4 50
t1   21    3     2.141    -0.426   130.799 16777215 0 0 5 55
t1   24    3     1.543    -1.543   130.799 16713091 0 0 7 50
t1   27    3     0.426    -2.141   130.799 16713091 0 0 8 55
t1   12    3     0.000     2.183   130.799 16713091 0 0 1 50
t1   15    3     1.213     1.815   130.799 16713091 0 0 2 55
t1   18    3     2.017     0.835   130.799 16713091 0 0 4 50
t1   21    3     2.141    -0.426   130.799 16713091 0 0 5 55
t1   24    3     1.543    -1.543   130.799 16713091 0 0 7 50
t1   27    3     0.426    -2.141   130.799 16713091 0 0 8 55
t1   12    3     0.000     2.183   130.799 16713091 0 0 1 50
t1   15    3     1.213     1.815   130.799 16713091 0 0 2 55
t1   18    3     2.017     0.835   130.799 16713091 0 0 4 50
t1   21    3     2.141    -0.426   130.799 16713091 0 0 5 55
t1   24    3     1.543    -1.543   130.799 16713091 0 0 7 50
t1   27    3     0.426    -2.141   130.799 16713091 0 0 8 55
t1   12    3     0.000     2.183   130.799 16713091 0 0 1 50
t1   15    3     1.213     1.815   130.799 16713091 0 0 2 55
t1   18    3     2.017     0.835   130.799 16713091 0 0 4 50
t1   21    3     2.141    -0.426   130.799 16713091 0 0 5 55
t1   24    3     1.543    -1.543   130.799 16713091 0 0 7 50
t1   27    3     0.426    -2.141   130.799 16713091 0 0 8 55
t1   12    3     0.000     2.183   130.799 16713091 0 0 1 50
t1   15    3     1.213     1.815   130.799 16713091 0 0 2 55
t1   18    3     2.017     0.835   130.799 16713091 0 0 4 50
t1   21    3     2.141    -0.426   130.799 16713091 0 0 5 55
t1   24    3     1.543    -1.543   130.799 16713091 0 0 7 50
t1   27    3     0.426    -2.141   130.799 16713091 0 0 8 55
t1   13    4     0.568     2.855   127.889 16713114 0 0 1 56
t1   16    4     2.058     2.058   127.889 16713114 0 0 3 49
t1   19    4     2.855     0.568   127.889 16713114 0 0 4 56
t1   22    4     2.689    -1.114   127.889 16713114 0 0 6 49
t1   25    4     1.617    -2.420   127.889 16713114 0 0 7 56
t1   13    4     0.568     2.855   127.889 16713114 0 0 1 56
t1   16    4     2.058     2.058   127.889 16777215 0 0 3 49
t1   19    4     2.855     0.568   127.889 16713114 0 0 4 56
t1   22    4     2.689    -1.114   127.889 16713114 0 0 6 49
t1   25    4     1.617    -2.420   127.889 16713114 0 0 7 56
t1   13    4     0.568     2.855   127.889 16713114 0 0 1 56
t1   16    4     2.058     2.058   127.889 16713114 0 0 3 49
t1   19    4     2.855     0.568   127.889 16713114 0 0 4 56
t1   22    4     2.689    -1.114   127.889 16713114 0 0 6 49
t1   25    4     1.617    -2.420   127.889 16713114 0 0 7 56
t1   13    4     0.568     2.855   127.889 16713114 0 0 1 56
t1   16    4     2.058     2.058   127.889 16713114 0 0 3 49
t1   19    4     2.855     0.568   127.889 16713114 0 0 4 56
t1   22    4     2.689    -1.114   127.889 16713114 0 0 6 49
t1   25    4     1.617    -2.420   127.889 16713114 0 0 7 56
t1   13    4     0.568     2.855   127.889 16713114 0 0 1 56
t1   16    4     2.058     2.058   127.889 16713114 0 0 3 49
t1   19    4     2.855     0.568   127.889 16713114 0 0 4 56
t1   22    4     2.689    -1.114   127.889 16777215 0 0 6 49
t1   25    4     1.617    -2.420   127.889 16713114 0 0 7 56
t1   13    4     0.568     2.855   127.889 16713114 0 0 1 56
t1   16    4     2.058     2.058   127.889 16713114 0 0 3 49
t1   19    4     2.855     0.568   127.889 16777215 0 0 4 56
t1   22    4     2.689    -1.114   127.889 16777215 0 0 6 49
t1   25    4     1.617    -2.420   127.889 16713114 0 0 7 56
t1   14    5     1.392     3.361   124.979 16713136 0 0 2 48
t1   17    5     3.025     2.021   124.979 16713136 0 0 3 57
t1   20    5     3.638     0.000   124.979 16713136 0 0 5 48
t1   23    5     3.025    -2.021   124.979 16713136 0 0 6 57
t1   26    5     1.392    -3.361   124.979 16713136 0 0 8 48
t1   14    5     1.392     3.361   124.979 16713136 0 0 2 48
t1   17    5     3.025     2.021   124.979 16713136 0 0 3 57
t1   20    5     3.638     0.000   124.979 16713136 0 0 5 48
t1   23    5     3.025    -2.021   124.979 16713136 0 0 6 57
t1   26    5     1.392    -3.361   124.979 16713136 0 0 8 48
t1   14    5     1.392     3.361   124.979 16713136 0 0 2 48
t1   17    5     3.025     2.021   124.979 16713136 0 0 3 57
t1   20    5     3.638     0.000   124.979 16713136 0 0 5 48
t1   23    5     3.025    -2.021   124.979 16713136 0 0 6 57
t1   26    5     1.392    -3.361   124.979 16713136 0 0 8 48
t1   14    5     1.392     3.361   124.979 16777215 0 0 2 48
t1   17    5     3.025     2.021   124.979 16713136 0 0 3 57
t1   20    5     3.638     0.000   124.979 16713136 0 0 5 48
t1   23    5     3.025    -2.021   124.979 16713136 0 0 6 57
t1   26    5     1.392    -3.361   124.979 16713136 0 0 8 48
t1   14    5     1.392     3.361   124.979 16713136 0 0 2 48
t1   17    5     3.025     2.021   124.979 16713136 0 0 3 57
t1   20    5     3.638     0.000   124.979 16713136 0 0 5 48
t1   23    5     3.025    -2.021   124.979 16713136 0 0 6 57
t1   26    5     1.392    -3.361   124.979 16713136 0 0 8 48
t1   12    6     0.000     4.366   122.068 16713159 0 0 1 47
t1   15    6     2.425     3.630   122.068 16713159 0 0 2 58
t1   18    6     4.033     1.671   122.068 16777215 0 0 4 47
t1   21    6     4.282    -0.852   122.068 16713159 0 0 5 58
t1   24    6     3.087    -3.087   122.068 16713159 0 0 7 47
t1   27    6     0.852    -4.282   122.068 16713159 0 0 8 58
t1   12    6     0.000     4.366   122.068 16713159 0 0 1 47
t1   15    6     2.425     3.630   122.068 16713159 0 0 2 58
t1   18    6     4.033     1.671   122.068 16713159 0 0 4 47
t1   21    6     4.282    -0.852   122.068 16713159 0 0 5 58
t1   24    6     3.087    -3.087   122.068 16713159 0 0 7 47
t1   27    6     0.852    -4.282   122.068 16777215 0 0 8 58
t1   12    6     0.000     4.366   122.068 16777215 0 0 1 47
t1   15    6     2.425     3.630   122.068 16713159 0 0 2 58
t1   18    6     4.033     1.671   122.068 16713159 0 0 4 47
t1   21    6     4.282    -0.852   122.068 16713159 0 0 5 58
t1   24    6     3.087    -3.087   122.068 16713159 0 0 7 47
t1   27    6     0.852    -4.282   122.068 16713159 0 0 8 58
t1   12    6     0.000     4.366   122.068 16713159 0 0 1 47
t1   15    6     2.425     3.630   122.068 16713159 0 0 2 58
t1   18    6     4.033     1.671   122.068 16713159 0 0 4 47
t1   21    6     4.282    -0.852   122.068 16713159 0 0 5 58
t1   24    6     3.087    -3.087   122.068 16713159 0 0 7 47
t1   27    6     0.852    -4.282   122.068 16713159 0 0 8 58
t1   12    6     0.000     4.366   122.068 16713159 0 0 1 47
t1   15    6     2.425     3.630   122.068 16713159 0 0 2 58
t1   18    6     4.033     1.671   122.068 16713159 0 0 4 47
t1   21    6     4.282    -0.852   122.068 16713159 0 0 5 58
t1   24    6     3.087    -3.087   122.068 16713159 0 0 7 47
t1   27    6     0.852    -4.282   122.068 16713159 0 0 8 58
t1   12    6     0.000     4.366   122.068 16713159 0 0 1 47
t1   15    6     2.425     3.630   122.068 16713159 0 0 2 58
t1   18    6     4.033     1.671   122.068 16713159 0 0 4 47
t1   21    6     4.282    -0.852   122.068 16713159 0 0 5 58
t1   24    6     3.087    -3.087   122.068 16713159 0 0 7 47
t1   27    6     0.852    -4.282   122.068 16713159 0 0 8 58
t1   13    7     0.994     4.995   119.158 16713181 0 0 1 59
t1   16    7     3.601     3.601   119.158 16713181 0 0 3 46
t1   19    7     4.995     0.994   119.158 16713181 0 0 4 59
t1   22    7     4.706    -1.949   119.158 16713181 0 0 6 46
t1   25    7     2.830    -4.235   119.158 16713181 0 0 7 59
t1   13    7     0.994     4.995   119.158 16713181 0 0 1 59
t1   16    7     3.601     3.601   119.158 16713181 0 0 3 46
t1   19    7     4.995     0.994   119.158 16713181 0 0 4 59
t1   22    7     4.706    -1.949   119.158 16777215 0 0 6 46
t1   25    7     2.830    -4.235   119.158 16713181 0 0 7 59
t1   13    7     0.994     4.995   119.158 16713181 0 0 1 59
t1   16    7     3.601     3.601   119.158 16713181 0 0 3 46
t1   19    7     4.995     0.994   119.158 16713181 0 0 4 59
t1   22    7     4.706    -1.949   119.158 16713181 0 0 6 46
t1   25    7     2.830    -4.235   119.158 16713181 0 0 7 59
t1   13    7     0.994     4.995   119.158 16713181 0 0 1 59
t1   16    7     3.601     3.601   119.158 16777215 0 0 3 46
t1   19    7     4.995     0.994   119.158 16713181 0 0 4 59
t1   22    7     4.706    -1.949   119.158 16713181 0 0 6 46
t1   25    7     2.830    -4.235   119.158 16713181 0 0 7 59
t1   13    7     0.994     4.995   119.158 16713181 0 0 1 59
t1   16    7     3.601     3.601   119.158 16713181 0 0 3 46
t1   19    7     4.995     0.994   119.158 16713181 0 0 4 59
t1   22    7     4.706    -1.949   119.158 16713181 0 0 6 46
t1   25    7     2.830    -4.235   119.158 16713181 0 0 7 59
t1   14    8     2.228     5.378   116.247 16713204 0 0 2 45
t1   17    8     4.840     3.234   116.247 16713204 0 0 3 60
t1   20    8     5.821     0.000   116.247 16713204 0 0 5 45
t1   23    8     4.840    -3.234   116.247 16713204 0 0 6 60
t1   26    8     2.228    -5.378   116.247 16713204 0 0 8 45
t1   14    8     2.228     5.378   116.247 16713204 0 0 2 45
t1   17    8     4.840     3.234   116.247 16713204 0 0 3 60
t1   20    8     5.821     0.000   116.247 16713204 0 0 5 45
t1   23    8     4.840    -3.234   116.247 16777215 0 0 6 60
t1   26    8     2.228    -5.378   116.247 16713204 0 0 8 45
t1   14    8     2.228     5.378   116.247 16713204 0 0 2 45
t1   17    8     4.840     3.234   116.247 16713204 0 0 3 60
t1   20    8     5.821     0.000   116.247 16713204 0 0 5 45
t1   23    8     4.840    -3.234   116.247 16713204 0 0 6 60
t1   26    8     2.228    -5.378   116.247 16777215 0 0 8 45
t1   14    8     2.228     5.378   116.247 16713204 0 0 2 45
t1   17    8     4.840     3.234   116.247 16713204 0 0 3 60
t1   20    8     5.821     0.000   116.247 16713204 0 0 5 45
t1   23    8     4.840    -3.234   116.247 16777215 0 0 6 60
t1   26    8     2.228    -5.378   116.247 16713204 0 0 8 45
t1   14    8     2.228     5.378   116.247 16713204 0 0 2 45
t1   17    8     4.840     3.234   116.247 16713204 0 0 3 60
t1   20    8     5.821     0.000   116.247 16713204 0 0 5 45
t1   23    8     4.840    -3.234   116.247 16713204 0 0 6 60
t1   26    8     2.228    -5.378   116.247 16713204 0 0 8 45
t1   14    8     2.228     5.378   116.247 16713204 0 0 2 45
t1   17    8     4.840     3.234   116.247 16713204 0 0 3 60
t1   20    8     5.821     0.000   116.247 16713204 0 0 5 45
t1   23    8     4.840    -3.234   116.247 16713204 0 0 6 60
t1   26    8     2.228    -5.378   116.247 16713204 0 0 8 45
t1   12    9     0.000     6.548   113.337 15992575 0 0 1 44
t1   15    9     3.638     5.445   113.337 16777215 0 0 2 61
t1   18    9     6.050     2.506   113.337 15992575 0 0 4 44
t1   21    9     6.423    -1.278   113.337 15992575 0 0 5 61
t1   24    9     4.630    -4.630   113.337 16777215 0 0 7 44
t1   27    9     1.278    -6.423   113.337 15992575 0 0 8 61
t1   12    9     0.000     6.548   113.337 15992575 0 0 1 44
t1   15    9     3.638     5.445   113.337 15992575 0 0 2 61
t1   18    9     6.050     2.506   113.337 16777215 0 0 4 44
t1   21    9     6.423    -1.278   113.337 15992575 0 0 5 61
t1   24    9     4.630    -4.630   113.337 15992575 0 0 7 44
t1   27    9     1.278    -6.423   113.337 15992575 0 0 8 61
t1   12    9     0.000     6.548   113.337 15992575 0 0 1 44
t1   15    9     3.638     5.445   113.337 16777215 0 0 2 61
t1   18    9     6.050     2.506   113.337 16777215 0 0 4 44
t1   21    9     6.423    -1.278   113.337 15992575 0 0 5 61
t1   24    9     4.630    -4.630   113.337 15992575 0 0 7 44
t1   27    9     1.278    -6.423   113.337 15992575 0 0 8 61
t1   12    9     0.000     6.548   113.337 15992575 0 0 1 44
t1   15    9     3.638     5.445   113.337 15992575 0 0 2 61
t1   18    9     6.050     2.506   113.337 15992575 0 0 4 44
t1   21    9     6.423    -1.278   113.337 15992575 0 0 5 61
t1   24    9     4.630    -4.630   113.337 15992575 0 0 7 44
t1   27    9     1.278    -6.423   113.337 15992575 0 0 8 61
t1   12    9     0.000     6.548   113.337 15992575 0 0 1 44
t1   15    9     3.638     5.445   113.337 15992575 0 0 2 61
t1   18    9     6.050     2.506   113.337 15992575 0 0 4 44
t1   21    9     6.423    -1.278   113.337 15992575 0 0 5 61
t1   24    9     4.630    -4.630   113.337 15992575 0 0 7 44
t1   27    9     1.278    -6.423   113.337 15992575 0 0 8 61
t1   13   10     1.419     7.136   110.426 14485247 0 0 1 62
t1   16   10     5.145     5.145   110.426 14485247 0 0 3 43
t1   19   10     7.136     1.419   110.426 14485247 0 0 4 62
t1   22   10     6.722    -2.784   110.426 14485247 0 0 6 43
t1   25   10     4.042    -6.050   110.426 14485247 0 0 7 62
t1   13   10     1.419     7.136   110.426 14485247 0 0 1 62
t1   16   10     5.145     5.145   110.426 14485247 0 0 3 43
t1   19   10     7.136     1.419   110.426 14485247 0 0 4 62
t1   22   10     6.722    -2.784   110.426 14485247 0 0 6 43
t1   25   10     4.042    -6.050   110.426 14485247 0 0 7 62
t1   13   10     1.419     7.136   110.426 14485247 0 0 1 62
t1   16   10     5.145     5.145   110.426 14485247 0 0 3 43
t1   19   10     7.136     1.419   110.426 14485247 0 0 4 62
t1   22   10     6.722    -2.784   110.426 14485247 0 0 6 43
t1   25   10     4.042    -6.050   110.426 14485247 0 0 7 62
t1   13   10     1.419     7.136   110.426 14485247 0 0 1 62
t1   16   10     5.145     5.145   110.426 14485247 0 0 3 43
t1   19   10     7.136     1.419   110.426 14485247 0 0 4 62
t1   22   10     6.722    -2.784   110.426 14485247 0 0 6 43
t1   25   10     4.042    -6.050   110.426 14485247 0 0 7 62
t1   13   10     1.419     7.136   110.426 14485247 0 0 1 62
t1   16   10     5.145     5.145   110.426 14485247 0 0 3 43
t1   19   10     7.136     1.419   110.426 14485247 0 0 4 62
t1   22   10     6.722    -2.784   110.426 16777215 0 0 6 43
t1   25   10     4.042    -6.050   110.426 14485247 0 0 7 62
t1   13   10     1.419     7.136   110.426 14485247 0 0 1 62
t1   16   10     5.145     5.145   110.426 14485247 0 0 3 43
t1   19   10     7.136     1.419   110.426 14485247 0 0 4 62
t1   22   10     6.722    -2.784   110.426 14485247 0 0 6 43
t1   25   10     4.042    -6.050   110.426 14485247 0 0 7 62
t1   12   11     0.000     8.004   107.516 12977919 0 0 1 42
t1   14   11     3.063     7.394   107.516 12977919 0 0 2 42
t1   17   11     6.655     4.447   107.516 12977919 0 0 3 63
t1   20   11     8.004     0.000   107.516 12977919 0 0 5 42
t1   23   11     6.655    -4.447   107.516 12977919 0 0 6 63
t1   26   11     3.063    -7.394   107.516 12977919 0 0 8 42
t1   12   11     0.000     8.004   107.516 12977919 0 0 1 42
t1   14   11     3.063     7.394   107.516 12977919 0 0 2 42
t1   17   11     6.655     4.447   107.516 12977919 0 0 3 63
t1   20   11     8.004     0.000   107.516 12977919 0 0 5 42
t1   23   11     6.655    -4.447   107.516 12977919 0 0 6 63
t1   26   11     3.063    -7.394   107.516 12977919 0 0 8 42
t1   12   11     0.000     8.004   107.516 12977919 0 0 1 42
t1   14   11     3.063     7.394   107.516 12977919 0 0 2 42
t1   17   11     6.655     4.447   107.516 12977919 0 0 3 63
t1   20   11     8.004     0.000   107.516 12977919 0 0 5 42
t1   23   11     6.655    -4.447   107.516 12977919 0 0 6 63
t1   26   11     3.063    -7.394   107.516 12977919 0 0 8 42
t1   12   11     0.000     8.004   107.516 12977919 0 0 1 42
t1   14   11     3.063     7.394   107.516 12977919 0 0 2 42
t1   17   11     6.655     4.447   107.516 12977919 0 0 3 63
t1   20   11     8.004     0.000   107.516 12977919 0 0 5 42
t1   23   11     6.655    -4.447   107.516 12977919 0 0 6 63
t1   26   11     3.063    -7.394   107.516 12977919 0 0 8 42
t1   12   11     0.000     8.004   107.516 12977919 0 0 1 42
t1   14   11     3.063     7.394   107.516 12977919 0 0 2 42
t1   17   11     6.655     4.447   107.516 16777215 0 0 3 63
t1   20   11     8.004     0.000   107.516 12977919 0 0 5 42
t1   23   11     6.655    -4.447   107.516 12977919 0 0 6 63
t1   26   11     3.063    -7.394   107.516 16777215 0 0 8 42
t1   13   12     1.703     8.564   104.606 11536127 0 0 1 64
t1   15   12     4.851     7.260   104.606 11536127 0 0 2 64
t1   18   12     8.067     3.341   104.606 11536127 0 0 4 41
t1   21   12     8.564    -1.703   104.606 11536127 0 0 5 64
t1   24   12     6.174    -6.174   104.606 16777215 0 0 7 41
t1   27   12     1.703    -8.564   104.606 11536127 0 0 8 64
t1   13   12     1.703     8.564   104.606 16777215 0 0 1 64
t1   15   12     4.851     7.260   104.606 11536127 0 0 2 64
t1   18   12     8.067     3.341   104.606 11536127 0 0 4 41
t1   21   12     8.564    -1.703   104.606 11536127 0 0 5 64
t1   24   12     6.174    -6.174   104.606 11536127 0 0 7 41
t1   27   12     1.703    -8.564   104.606 11536127 0 0 8 64
t1   13   12     1.703     8.564   104.606 11536127 0 0 1 64
t1   15   12     4.851     7.260   104.606 11536127 0 0 2 64
t1   18   12     8.067     3.341   104.606 11536127 0 0 4 41
t1   21   12     8.564    -1.703   104.606 11536127 0 0 5 64
t1   24   12     6.174    -6.174   104.606 11536127 0 0 7 41
t1   27   12     1.703    -8.564   104.606 11536127 0 0 8 64
t1   13   12     1.703     8.564   104.606 11536127 0 0 1 64
t1   15   12     4.851     7.260   104.606 11536127 0 0 2 64
t1   18   12     8.067     3.341   104.606 11536127 0 0 4 41
t1   21   12     8.564    -1.703   104.606 11536127 0 0 5 64
t1   24   12     6.174    -6.174   104.606 16777215 0 0 7 41
t1   27   12     1.703    -8.564   104.606 11536127 0 0 8 64
t1   13   12     1.703     8.564   104.606 11536127 0 0 1 64
t1   15   12     4.851     7.260   104.606 11536127 0 0 2 64
t1   18   12     8.067     3.341   104.606 16777215 0 0 4 41
t1   21   12     8.564    -1.703   104.606 11536127 0 0 5 64
t1   24   12     6.174    -6.174   104.606 11536127 0 0 7 41
t1   27   12     1.703    -8.564   104.606 11536127 0 0 8 64
t1   13   12     1.703     8.564   104.606 11536127 0 0 1 64
t1   15   12     4.851     7.260   104.606 16777215 0 0 2 64
t1   18   12     8.067     3.341   104.606 11536127 0 0 4 41
t1   21   12     8.564    -1.703   104.606 11536127 0 0 5 64
t1   24   12     6.174    -6.174   104.606 11536127 0 0 7 41
t1   27   12     1.703    -8.564   104.606 11536127 0 0 8 64
t1   14   13     3.620     8.739   101.695 10028799 0 0 2 40
t1   16   13     6.688     6.688   101.695 10028799 0 0 3 40
t1   19   13     9.277     1.845   101.695 16777215 0 0 4 65
t1   22   13     8.739    -3.620   101.695 10028799 0 0 6 40
t1   25   13     5.255    -7.865   101.695 10028799 0 0 7 65
t1   14   13     3.620     8.739   101.695 10028799 0 0 2 40
t1   16   13     6.688     6.688   101.695 10028799 0 0 3 40
t1   19   13     9.277     1.845   101.695 10028799 0 0 4 65
t1   22   13     8.739    -3.620   101.695 10028799 0 0 6 40
t1   25   13     5.255    -7.865   101.695 10028799 0 0 7 65
t1   14   13     3.620     8.739   101.695 10028799 0 0 2 40
t1   16   13     6.688     6.688   101.695 10028799 0 0 3 40
t1   19   13     9.277     1.845   101.695 10028799 0 0 4 65
t1   22   13     8.739    -3.620   101.695 10028799 0 0 6 40
t1   25   13     5.255    -7.865   101.695 10028799 0 0 7 65
t1   14   13     3.620     8.739   101.695 10028799 0 0 2 40
t1   16   13     6.688     6.688   101.695 10028799 0 0 3 40
t1   19   13     9.277     1.845   101.695 10028799 0 0 4 65
t1   22   13     8.739    -3.620   101.695 10028799 0 0 6 40
t1   25   13     5.255    -7.865   101.695 10028799 0 0 7 65
t1   14   13     3.620     8.739   101.695 10028799 0 0 2 40
t1   16   13     6.688     6.688   101.695 10028799 0 0 3 40
t1   19   13     9.277     1.845   101.695 10028799 0 0 4 65
t1   22   13     8.739    -3.620   101.695 10028799 0 0 6 40
t1   25   13     5.255    -7.865   101.695 10028799 0 0 7 65
t1   15   14     5.659     8.470    98.785 16777215 0 0 2 66
t1   17   14     8.470     5.659    98.785 8587007 0 0 3 66
t1   20   14    10.186     0.000    98.785 8587007 0 0 5 39
t1   23   14     8.470    -5.659    98.785 8587007 0 0 6 66
t1   26   14     3.898    -9.411    98.785 8587007 0 0 8 39
t1   12   14     0.000    10.186    98.785 8587007 0 0 1 39
t1   15   14     5.659     8.470    98.785 8587007 0 0 2 66
t1   17   14     8.470     5.659    98.785 8587007 0 0 3 66
t1   20   14    10.186     0.000    98.785 8587007 0 0 5 39
t1   23   14     8.470    -5.659    98.785 8587007 0 0 6 66
t1   26   14     3.898    -9.411    98.785 8587007 0 0 8 39
t1   12   14     0.000    10.186    98.785 8587007 0 0 1 39
t1   15   14     5.659     8.470    98.785 8587007 0 0 2 66
t1   17   14     8.470     5.659    98.785 8587007 0 0 3 66
t1   20   14    10.186     0.000    98.785 8587007 0 0 5 39
t1   23   14     8.470    -5.659    98.785 8587007 0 0 6 66
t1   26   14     3.898    -9.411    98.785 8587007 0 0 8 39
t1   12   14     0.000    10.186    98.785 8587007 0 0 1 39
t1   15   14     5.659     8.470    98.785 8587007 0 0 2 66
t1   17   14     8.470     5.659    98.785 8587007 0 0 3 66
t1   20   14    10.186     0.000    98.785 8587007 0 0 5 39
t1   23   14     8.470    -5.659    98.785 8587007 0 0 6 66
t1   26   14     3.898    -9.411    98.785 8587007 0 0 8 39
t1   12   14     0.000    10.186    98.785 8587007 0 0 1 39
t1   15   14     5.659     8.470    98.785 8587007 0 0 2 66
t1   17   14     8.470     5.659    98.785 8587007 0 0 3 66
t1   20   14    10.186     0.000    98.785 8587007 0 0 5 39
t1   23   14     8.470    -5.659    98.785 8587007 0 0 6 66
t1   26   14     3.898    -9.411    98.785 8587007 0 0 8 39
t1   12   14     0.000    10.186    98.785 8587007 0 0 1 39
t1   15   14     5.659     8.470    98.785 8587007 0 0 2 66
t1   17   14     8.470     5.659    98.785 8587007 0 0 3 66
t1   20   14    10.186     0.000    98.785 8587007 0 0 5 39
t1   23   14     8.470    -5.659    98.785 16777215 0 0 6 66
t1   26   14     3.898    -9.411    98.785 8587007 0 0 8 39
t1   12   14     0.000    10.186    98.785 8587007 0 0 1 39
t1   16   15     7.717     7.717    95.874 7079679 0 0 3 38
t1   18   15    10.083     4.177    95.874 7079679 0 0 4 38
t1   21   15    10.704    -2.129    95.874 7079679 0 0 5 67
t1   24   15     7.717    -7.717    95.874 7079679 0 0 7 38
t1   27   15     2.129   -10.704    95.874 7079679 0 0 8 67
t1   13   15     2.129    10.704    95.874 7079679 0 0 1 67
t1   16   15     7.717     7.717    95.874 7079679 0 0 3 38
t1   18   15    10.083     4.177    95.874 16777215 0 0 4 38
t1   21   15    10.704    -2.129    95.874 7079679 0 0 5 67
t1   24   15     7.717    -7.717    95.874 7079679 0 0 7 38
t1   27   15     2.129   -10.704    95.874 7079679 0 0 8 67
t1   13   15     2.129    10.704    95.874 7079679 0 0 1 67
t1   16   15     7.717     7.717    95.874 7079679 0 0 3 38
t1   18   15    10.083     4.177    95.874 7079679 0 0 4 38
t1   21   15    10.704    -2.129    95.874 7079679 0 0 5 67
t1   24   15     7.717    -7.717    95.874 7079679 0 0 7 38
t1   27   15     2.129   -10.704    95.874 7079679 0 0 8 67
t1   13   15     2.129    10.704    95.874 7079679 0 0 1 67
t1   16   15     7.717     7.717    95.874 7079679 0 0 3 38
t1   18   15    10.083     4.177    95.874 7079679 0 0 4 38
t1   21   15    10.704    -2.129    95.874 7079679 0 0 5 67
t1   24   15     7.717    -7.717    95.874 7079679 0 0 7 38
t1   27   15     2.129   -10.704    95.874 16777215 0 0 8 67
t1   13   15     2.129    10.704    95.874 7079679 0 0 1 67
t1   16   15     7.717     7.717    95.874 7079679 0 0 3 38
t1   18   15    10.083     4.177    95.874 7079679 0 0 4 38
t1   21   15    10.704    -2.129    95.874 7079679 0 0 5 67
t1   24   15     7.717    -7.717    95.874 7079679 0 0 7 38
t1   27   15     2.129   -10.704    95.874 7079679 0 0 8 67
t1   13   15     2.129    10.704    95.874 7079679 0 0 1 67
t1   16   15     7.717     7.717    95.874 7079679 0 0 3 38
t1   18   15    10.083     4.177    95.874 7079679 0 0 4 38
t1   21   15    10.704    -2.129    95.874 7079679 0 0 5 67
t1   24   15     7.717    -7.717    95.874 7079679 0 0 7 38
t1   27   15     2.129   -10.704    95.874 7079679 0 0 8 67
t1   13   15     2.129    10.704    95.874 7079679 0 0 1 67
t1   17   16     9.680     6.468    92.964 5637887 0 0 3 68
t1   19   16    11.418     2.271    92.964 5637887 0 0 4 68
t1   22   16    10.756    -4.455    92.964 5637887 0 0 6 37
t1   25   16     6.468    -9.680    92.964 5637887 0 0 7 68
t1   14   16     4.455    10.756    92.964 5637887 0 0 2 37
t1   17   16     9.680     6.468    92.964 5637887 0 0 3 68
t1   19   16    11.418     2.271    92.964 5637887 0 0 4 68
t1   22   16    10.756    -4.455    92.964 16777215 0 0 6 37
t1   25   16     6.468    -9.680    92.964 5637887 0 0 7 68
t1   14   16     4.455    10.756    92.964 5637887 0 0 2 37
t1   17   16     9.680     6.468    92.964 5637887 0 0 3 68
t1   19   16    11.418     2.271    92.964 16777215 0 0 4 68
t1   22   16    10.756    -4.455    92.964 5637887 0 0 6 37
t1   25   16     6.468    -9.680    92.964 5637887 0 0 7 68
t1   14   16     4.455    10.756    92.964 5637887 0 0 2 37
t1   17   16     9.680     6.468    92.964 5637887 0 0 3 68
t1   19   16    11.418     2.271    92.964 5637887 0 0 4 68
t1   22   16    10.756    -4.455    92.964 5637887 0 0 6 37
t1   25   16     6.468    -9.680    92.964 5637887 0 0 7 68
t1   14   16     4.455    10.756    92.964 5637887 0 0 2 37
t1   17   16     9.680     6.468    92.964 5637887 0 0 3 68
t1   19   16    11.418     2.271    92.964 5637887 0 0 4 68
t1   22   16    10.756    -4.455    92.964 5637887 0 0 6 37
t1   25   16     6.468    -9.680    92.964 5637887 0 0 7 68
t1   14   16     4.455    10.756    92.964 5637887 0 0 2 37
t1   18   17    11.428     4.734    90.053 4130559 0 0 4 36
t1   20   17    12.369     0.000    90.053 16777215 0 0 5 36
t1   23   17    10.285    -6.872    90.053 4130559 0 0 6 69
t1   26   17     4.734   -11.428    90.053 4130559 0 0 8 36
t1   12   17     0.000    12.369    90.053 4130559 0 0 1 36
t1   15   17     6.872    10.285    90.053 16777215 0 0 2 69
t1   18   17    11.428     4.734    90.053 4130559 0 0 4 36
t1   20   17    12.369     0.000    90.053 4130559 0 0 5 36
t1   23   17    10.285    -6.872    90.053 4130559 0 0 6 69
t1   26   17     4.734   -11.428    90.053 4130559 0 0 8 36
t1   12   17     0.000    12.369    90.053 16777215 0 0 1 36
t1   15   17     6.872    10.285    90.053 16777215 0 0 2 69
t1   18   17    11.428     4.734    90.053 4130559 0 0 4 36
t1   20   17    12.369     0.000    90.053 4130559 0 0 5 36
t1   23   17    10.285    -6.872    90.053 4130559 0 0 6 69
t1   26   17     4.734   -11.428    90.053 4130559 0 0 8 36
t1   12   17     0.000    12.369    90.053 4130559 0 0 1 36
t1   15   17     6.872    10.285    90.053 4130559 0 0 2 69
t1   18   17    11.428     4.734    90.053 4130559 0 0 4 36
t1   20   17    12.369     0.000    90.053 4130559 0 0 5 36
t1   23   17    10.285    -6.872    90.053 4130559 0 0 6 69
t1   26   17     4.734   -11.428    90.053 4130559 0 0 8 36
t1   12   17     0.000    12.369    90.053 4130559 0 0 1 36
t1   15   17     6.872    10.285    90.053 4130559 0 0 2 69
t1   18   17    11.428     4.734    90.053 4130559 0 0 4 36
t1   20   17    12.369     0.000    90.053 4130559 0 0 5 36
t1   23   17    10.285    -6.872    90.053 4130559 0 0 6 69
t1   26   17     4.734   -11.428    90.053 4130559 0 0 8 36
t1   12   17     0.000    12.369    90.053 4130559 0 0 1 36
t1   15   17     6.872    10.285    90.053 4130559 0 0 2 69
t1   18   17    11.428     4.734    90.053 4130559 0 0 4 36
t1   20   17    12.369     0.000    90.053 4130559 0 0 5 36
t1   23   17    10.285    -6.872    90.053 4130559 0 0 6 69
t1   26   17     4.734   -11.428    90.053 4130559 0 0 8 36
t1   12   17     0.000    12.369    90.053 4130559 0 0 1 36
t1   15   17     6.872    10.285    90.053 4130559 0 0 2 69
t1   19   18    12.845     2.555    87.143 2688767 0 0 4 70
t1   21   18    12.845    -2.555    87.143 2688767 0 0 5 70
t1   24   18     9.261    -9.261    87.143 2688767 0 0 7 35
t1   27   18     2.555   -12.845    87.143 2688767 0 0 8 70
t1   13   18     2.555    12.845    87.143 2688767 0 0 1 70
t1   16   18     9.261     9.261    87.143 2688767 0 0 3 35
t1   19   18    12.845     2.555    87.143 2688767 0 0 4 70
t1   21   18    12.845    -2.555    87.143 2688767 0 0 5 70
t1   24   18     9.261    -9.261    87.143 16777215 0 0 7 35
t1   27   18     2.555   -12.845    87.143 2688767 0 0 8 70
t1   13   18     2.555    12.845    87.143 2688767 0 0 1 70
t1   16   18     9.261     9.261    87.143 2688767 0 0 3 35
t1   19   18    12.845     2.555    87.143 2688767 0 0 4 70
t1   21   18    12.845    -2.555    87.143 2688767 0 0 5 70
t1   24   18     9.261    -9.261    87.143 2688767 0 0 7 35
t1   27   18     2.555   -12.845    87.143 2688767 0 0 8 70
t1   13   18     2.555    12.845    87.143 2688767 0 0 1 70
t1   16   18     9.261     9.261    87.143 2688767 0 0 3 35
t1   19   18    12.845     2.555    87.143 2688767 0 0 4 70
t1   21   18    12.845    -2.555    87.143 2688767 0 0 5 70
t1   24   18     9.261    -9.261    87.143 2688767 0 0 7 35
t1   27   18     2.555   -12.845    87.143 2688767 0 0 8 70
t1   13   18     2.555    12.845    87.143 2688767 0 0 1 70
t1   16   18     9.261     9.261    87.143 2688767 0 0 3 35
t1   19   18    12.845     2.555    87.143 2688767 0 0 4 70
t1   21   18    12.845    -2.555    87.143 2688767 0 0 5 70
t1   24   18     9.261    -9.261    87.143 2688767 0 0 7 35
t1   27   18     2.555   -12.845    87.143 2688767 0 0 8 70
t1   13   18     2.555    12.845    87.143 2688767 0 0 1 70
t1   16   18     9.261     9.261    87.143 2688767 0 0 3 35
t1   20   19    13.825     0.000    84.233 1181439 0 0 5 34
t1   22   19    12.772    -5.290    84.233 1181439 0 0 6 34
t1   25   19     7.680   -11.495    84.233 1181439 0 0 7 71
t1   14   19     5.290    12.772    84.233 1181439 0 0 2 34
t1   17   19    11.495     7.680    84.233 1181439 0 0 3 71
t1   20   19    13.825     0.000    84.233 1181439 0 0 5 34
t1   22   19    12.772    -5.290    84.233 1181439 0 0 6 34
t1   25   19     7.680   -11.495    84.233 1181439 0 0 7 71
t1   14   19     5.290    12.772    84.233 1181439 0 0 2 34
t1   17   19    11.495     7.680    84.233 1181439 0 0 3 71
t1   20   19    13.825     0.000    84.233 1181439 0 0 5 34
t1   22   19    12.772    -5.290    84.233 1181439 0 0 6 34
t1   25   19     7.680   -11.495    84.233 1181439 0 0 7 71
t1   14   19     5.290    12.772    84.233 1181439 0 0 2 34
t1   17   19    11.495     7.680    84.233 1181439 0 0 3 71
t1   20   19    13.825     0.000    84.233 1181439 0 0 5 34
t1   22   19    12.772    -5.290    84.233 1181439 0 0 6 34
t1   25   19     7.680   -11.495    84.233 1181439 0 0 7 71
t1   14   19     5.290    12.772    84.233 16777215 0 0 2 34
t1   17   19    11.495     7.680    84.233 1181439 0 0 3 71
t1   20   19    13.825     0.000    84.233 1181439 0 0 5 34
t1   22   19    12.772    -5.290    84.233 16777215 0 0 6 34
t1   25   19     7.680   -11.495    84.233 1181439 0 0 7 71
t1   14   19     5.290    12.772    84.233 1181439 0 0 2 34
t1   17   19    11.495     7.680    84.233 1181439 0 0 3 71
t1   20   19    13.825     0.000    84.233 1181439 0 0 5 34
t1   22   19    12.772    -5.290    84.233 1181439 0 0 6 34
t1   25   19     7.680   -11.495    84.233 16777215 0 0 7 71
t1   14   19     5.290    12.772    84.233 1181439 0 0 2 34
t1   17   19    11.495     7.680    84.233 1181439 0 0 3 71
t1   21   20    14.273    -2.839    81.322 397567 0 0 5 72
t1   23   20    12.100    -8.085    81.322 16777215 0 0 6 72
t1   26   20     5.569   -13.444    81.322 16777215 0 0 8 33
t1   12   20     0.000    14.552    81.322 397567 0 0 1 33
t1   15   20     8.085    12.100    81.322 397567 0 0 2 72
t1   18   20    13.444     5.569    81.322 397567 0 0 4 33
t1   21   20    14.273    -2.839    81.322 397567 0 0 5 72
t1   23   20    12.100    -8.085    81.322 397567 0 0 6 72
t1   26   20     5.569   -13.444    81.322 397567 0 0 8 33
t1   12   20     0.000    14.552    81.322 397567 0 0 1 33
t1   15   20     8.085    12.100    81.322 397567 0 0 2 72
t1   18   20    13.444     5.569    81.322 397567 0 0 4 33
t1   21   20    14.273    -2.839    81.322 16777215 0 0 5 72
t1   23   20    12.100    -8.085    81.322 397567 0 0 6 72
t1   26   20     5.569   -13.444    81.322 397567 0 0 8 33
t1   12   20     0.000    14.552    81.322 397567 0 0 1 33
t1   15   20     8.085    12.100    81.322 397567 0 0 2 72
t1   18   20    13.444     5.569    81.322 397567 0 0 4 33
t1   21   20    14.273    -2.839    81.322 397567 0 0 5 72
t1   23   20    12.100    -8.085    81.322 397567 0 0 6 72
t1   26   20     5.569   -13.444    81.322 397567 0 0 8 33
t1   12   20     0.000    14.552    81.322 397567 0 0 1 33
t1   15   20     8.085    12.100    81.322 397567 0 0 2 72
t1   18   20    13.444     5.569    81.322 16777215 0 0 4 33
t1   21   20    14.273    -2.839    81.322 397567 0 0 5 72
t1   23   20    12.100    -8.085    81.322 397567 0 0 6 72
t1   26   20     5.569   -13.444    81.322 397567 0 0 8 33
t1   12   20     0.000    14.552    81.322 397567 0 0 1 33
t1   15   20     8.085    12.100    81.322 16777215 0 0 2 72
t1   18   20    13.444     5.569    81.322 397567 0 0 4 33
t1   22   21    14.117    -5.847    78.412 403455 0 0 6 32
t1   24   21    10.804   -10.804    78.412 403455 0 0 7 32
t1   27   21     2.981   -14.986    78.412 403455 0 0 8 73
t1   13   21     2.981    14.986    78.412 403455 0 0 1 73
t1   16   21    10.804    10.804    78.412 403455 0 0 3 32
t1   19   21    14.986     2.981    78.412 403455 0 0 4 73
t1   22   21    14.117    -5.847    78.412 403455 0 0 6 32
t1   24   21    10.804   -10.804    78.412 403455 0 0 7 32
t1   27   21     2.981   -14.986    78.412 403455 0 0 8 73
t1   13   21     2.981    14.986    78.412 403455 0 0 1 73
t1   16   21    10.804    10.804    78.412 403455 0 0 3 32
t1   19   21    14.986     2.981    78.412 403455 0 0 4 73
t1   22   21    14.117    -5.847    78.412 403455 0 0 6 32
t1   24   21    10.804   -10.804    78.412 403455 0 0 7 32
t1   27   21     2.981   -14.986    78.412 403455 0 0 8 73
t1   13   21     2.981    14.986    78.412 403455 0 0 1 73
t1   16   21    10.804    10.804    78.412 16777215 0 0 3 32
t1   19   21    14.986     2.981    78.412 403455 0 0 4 73
t1   22   21    14.117    -5.847    78.412 403455 0 0 6 32
t1   24   21    10.804   -10.804    78.412 403455 0 0 7 32
t1   27   21     2.981   -14.986    78.412 403455 0 0 8 73
t1   13   21     2.981    14.986    78.412 403455 0 0 1 73
t1   16   21    10.804    10.804    78.412 403455 0 0 3 32
t1   19   21    14.986     2.981    78.412 403455 0 0 4 73
t1   22   21    14.117    -5.847    78.412 403455 0 0 6 32
t1   24   21    10.804   -10.804    78.412 403455 0 0 7 32
t1   27   21     2.981   -14.986    78.412 403455 0 0 8 73
t1   13   21     2.981    14.986    78.412 403455 0 0 1 73
t1   16   21    10.804    10.804    78.412 403455 0 0 3 32
t1   19   21    14.986     2.981    78.412 403455 0 0 4 73
t1   22   21    14.117    -5.847    78.412 403455 0 0 6 32
t1   24   21    10.804   -10.804    78.412 403455 0 0 7 32
t1   27   21     2.981   -14.986    78.412 403455 0 0 8 73
t1   13   21     2.981    14.986    78.412 403455 0 0 1 73
t1   16   21    10.804    10.804    78.412 403455 0 0 3 32
t1   19   21    14.986     2.981    78.412 403455 0 0 4 73
t1   23   22    13.310    -8.893    75.501 409087 0 0 6 74
t1   25   22     8.893   -13.310    75.501 409087 0 0 7 74
t1   14   22     6.126    14.789    75.501 409087 0 0 2 31
t1   17   22    13.310     8.893    75.501 409087 0 0 3 74
t1   20   22    16.007     0.000    75.501 409087 0 0 5 31
t1   23   22    13.310    -8.893    75.501 409087 0 0 6 74
t1   25   22     8.893   -13.310    75.501 409087 0 0 7 74
t1   14   22     6.126    14.789    75.501 409087 0 0 2 31
t1   17   22    13.310     8.893    75.501 409087 0 0 3 74
t1   20   22    16.007     0.000    75.501 409087 0 0 5 31
t1   23   22    13.310    -8.893    75.501 409087 0 0 6 74
t1   25   22     8.893   -13.310    75.501 409087 0 0 7 74
t1   14   22     6.126    14.789    75.501 409087 0 0 2 31
t1   17   22    13.310     8.893    75.501 409087 0 0 3 74
t1   20   22    16.007     0.000    75.501 409087 0 0 5 31
t1   23   22    13.310    -8.893    75.501 409087 0 0 6 74
t1   25   22     8.893   -13.310    75.501 409087 0 0 7 74
t1   14   22     6.126    14.789    75.501 409087 0 0 2 31
t1   17   22    13.310     8.893    75.501 409087 0 0 3 74
t1   20   22    16.007     0.000    75.501 16777215 0 0 5 31
t1   23   22    13.310    -8.893    75.501 409087 0 0 6 74
t1   25   22     8.893   -13.310    75.501 409087 0 0 7 74
t1   14   22     6.126    14.789    75.501 409087 0 0 2 31
t1   17   22    13.310     8.893    75.501 409087 0 0 3 74
t1   20   22    16.007     0.000    75.501 409087 0 0 5 31
t1   24   23    11.833   -11.833    72.591 414975 0 0 7 30
t1   26   23     6.404   -15.461    72.591 414975 0 0 8 30
t1   12   23     0.000    16.735    72.591 414975 0 0 1 30
t1   15   23     9.297    13.915    72.591 16777215 0 0 2 75
t1   18   23    15.461     6.404    72.591 414975 0 0 4 30
t1   21   23    16.413    -3.265    72.591 414975 0 0 5 75
t1   24   23    11.833   -11.833    72.591 414975 0 0 7 30
t1   26   23     6.404   -15.461    72.591 414975 0 0 8 30
t1   12   23     0.000    16.735    72.591 414975 0 0 1 30
t1   15   23     9.297    13.915    72.591 414975 0 0 2 75
t1   18   23    15.461     6.404    72.591 414975 0 0 4 30
t1   21   23    16.413    -3.265    72.591 414975 0 0 5 75
t1   24   23    11.833   -11.833    72.591 414975 0 0 7 30
t1   26   23     6.404   -15.461    72.591 16777215 0 0 8 30
t1   12   23     0.000    16.735    72.591 414975 0 0 1 30
t1   15   23     9.297    13.915    72.591 414975 0 0 2 75
t1   18   23    15.461     6.404    72.591 414975 0 0 4 30
t1   21   23    16.413    -3.265    72.591 414975 0 0 5 75
t1   24   23    11.833   -11.833    72.591 16777215 0 0 7 30
t1   26   23     6.404   -15.461    72.591 414975 0 0 8 30
t1   12   23     0.000    16.735    72.591 414975 0 0 1 30
t1   15   23     9.297    13.915    72.591 414975 0 0 2 75
t1   18   23    15.461     6.404    72.591 414975 0 0 4 30
t1   21   23    16.413    -3.265    72.591 414975 0 0 5 75
t1   24   23    11.833   -11.833    72.591 414975 0 0 7 30
t1   26   23     6.404   -15.461    72.591 16777215 0 0 8 30
t1   12   23     0.000    16.735    72.591 414975 0 0 1 30
t1   15   23     9.297    13.915    72.591 414975 0 0 2 75
t1   18   23    15.461     6.404    72.591 414975 0 0 4 30
t1   21   23    16.413    -3.265    72.591 414975 0 0 5 75
t1   24   23    11.833   -11.833    72.591 414975 0 0 7 30
t1   26   23     6.404   -15.461    72.591 414975 0 0 8 30
t1   12   23     0.000    16.735    72.591 414975 0 0 1 30
t1   15   23     9.297    13.915    72.591 414975 0 0 2 75
t1   18   23    15.461     6.404    72.591 414975 0 0 4 30
t1   21   23    16.413    -3.265    72.591 414975 0 0 5 75
t1   25   24     9.702   -14.520    69.680 420863 0 0 7 76
t1   27   24     3.407   -17.127    69.680 420863 0 0 8 76
t1   13   24     3.407    17.127    69.680 420863 0 0 1 76
t1   16   24    12.348    12.348    69.680 420863 0 0 3 29
t1   19   24    17.127     3.407    69.680 16777215 0 0 4 76
t1   22   24    16.133    -6.683    69.680 420863 0 0 6 29
t1   25   24     9.702   -14.520    69.680 420863 0 0 7 76
t1   27   24     3.407   -17.127    69.680 420863 0 0 8 76
t1   13   24     3.407    17.127    69.680 420863 0 0 1 76
t1   16   24    12.348    12.348    69.680 16777215 0 0 3 29
t1   19   24    17.127     3.407    69.680 420863 0 0 4 76
t1   22   24    16.133    -6.683    69.680 420863 0 0 6 29
t1   25   24     9.702   -14.520    69.680 420863 0 0 7 76
t1   27   24     3.407   -17.127    69.680 420863 0 0 8 76
t1   13   24     3.407    17.127    69.680 420863 0 0 1 76
t1   16   24    12.348    12.348    69.680 420863 0 0 3 29
t1   19   24    17.127     3.407    69.680 16777215 0 0 4 76
t1   22   24    16.133    -6.683    69.680 16777215 0 0 6 29
t1   25   24     9.702   -14.520    69.680 420863 0 0 7 76
t1   27   24     3.407   -17.127    69.680 420863 0 0 8 76
t1   13   24     3.407    17.127    69.680 420863 0 0 1 76
t1   16   24    12.348    12.348    69.680 420863 0 0 3 29
t1   19   24    17.127     3.407    69.680 420863 0 0 4 76
t1   22   24    16.133    -6.683    69.680 420863 0 0 6 29
t1   25   24     9.702   -14.520    69.680 420863 0 0 7 76
t1   27   24     3.407   -17.127    69.680 420863 0 0 8 76
t1   13   24     3.407    17.127    69.680 420863 0 0 1 76
t1   16   24    12.348    12.348    69.680 16777215 0 0 3 29
t1   19   24    17.127     3.407    69.680 420863 0 0 4 76
t1   22   24    16.133    -6.683    69.680 420863 0 0 6 29
t1   26   25     6.961   -16.806    66.770 426495 0 0 8 28
t1   14   25     6.961    16.806    66.770 426495 0 0 2 28
t1   17   25    15.125    10.106    66.770 426495 0 0 3 77
t1   20   25    18.190     0.000    66.770 426495 0 0 5 28
t1   23   25    15.125   -10.106    66.770 426495 0 0 6 77
t1   26   25     6.961   -16.806    66.770 426495 0 0 8 28
t1   14   25     6.961    16.806    66.770 16777215 0 0 2 28
t1   17   25    15.125    10.106    66.770 426495 0 0 3 77
t1   20   25    18.190     0.000    66.770 426495 0 0 5 28
t1   23   25    15.125   -10.106    66.770 426495 0 0 6 77
t1   26   25     6.961   -16.806    66.770 426495 0 0 8 28
t1   14   25     6.961    16.806    66.770 426495 0 0 2 28
t1   17   25    15.125    10.106    66.770 426495 0 0 3 77
t1   20   25    18.190     0.000    66.770 426495 0 0 5 28
t1   23   25    15.125   -10.106    66.770 426495 0 0 6 77
t1   26   25     6.961   -16.806    66.770 426495 0 0 8 28
t1   14   25     6.961    16.806    66.770 426495 0 0 2 28
t1   17   25    15.125    10.106    66.770 426495 0 0 3 77
t1   20   25    18.190     0.000    66.770 426495 0 0 5 28
t1   23   25    15.125   -10.106    66.770 426495 0 0 6 77
t1   26   25     6.961   -16.806    66.770 426495 0 0 8 28
t1   14   25     6.961    16.806    66.770 426495 0 0 2 28
t1   17   25    15.125    10.106    66.770 426495 0 0 3 77
t1   20   25    18.190     0.000    66.770 426495 0 0 5 28
t1   23   25    15.125   -10.106    66.770 426495 0 0 6 77
t1   26   25     6.961   -16.806    66.770 16777215 0 0 8 28
t1   14   25     6.961    16.806    66.770 426495 0 0 2 28
t1   17   25    15.125    10.106    66.770 426495 0 0 3 77
t1   20   25    18.190     0.000    66.770 426495 0 0 5 28
t1   23   25    15.125   -10.106    66.770 426495 0 0 6 77
t1   27   26     3.691   -18.554    63.860 497919 0 0 8 78
t1   12   26     0.000    18.918    63.860 497919 0 0 1 27
t1   15   26    10.510    15.730    63.860 497919 0 0 2 78
t1   18   26    17.478     7.240    63.860 497919 0 0 4 27
t1   21   26    18.554    -3.691    63.860 16777215 0 0 5 78
t1   24   26    13.377   -13.377    63.860 497919 0 0 7 27
t1   27   26     3.691   -18.554    63.860 497919 0 0 8 78
t1   12   26     0.000    18.918    63.860 497919 0 0 1 27
t1   15   26    10.510    15.730    63.860 497919 0 0 2 78
t1   18   26    17.478     7.240    63.860 497919 0 0 4 27
t1   21   26    18.554    -3.691    63.860 497919 0 0 5 78
t1   24   26    13.377   -13.377    63.860 497919 0 0 7 27
t1   27   26     3.691   -18.554    63.860 497919 0 0 8 78
t1   12   26     0.000    18.918    63.860 497919 0 0 1 27
t1   15   26    10.510    15.730    63.860 497919 0 0 2 78
t1   18   26    17.478     7.240    63.860 497919 0 0 4 27
t1   21   26    18.554    -3.691    63.860 497919 0 0 5 78
t1   24   26    13.377   -13.377    63.860 497919 0 0 7 27
t1   27   26     3.691   -18.554    63.860 497919 0 0 8 78
t1   12   26     0.000    18.918    63.860 497919 0 0 1 27
t1   15   26    10.510    15.730    63.860 497919 0 0 2 78
t1   18   26    17.478     7.240    63.860 497919 0 0 4 27
t1   21   26    18.554    -3.691    63.860 497919 0 0 5 78
t1   24   26    13.377   -13.377    63.860 497919 0 0 7 27
t1   27   26     3.691   -18.554    63.860 497919 0 0 8 78
t1   12   26     0.000    18.918    63.860 497919 0 0 1 27
t1   15   26    10.510    15.730    63.860 497919 0 0 2 78
t1   18   26    17.478     7.240    63.860 497919 0 0 4 27
t1   21   26    18.554    -3.691    63.860 497919 0 0 5 78
t1   24   26    13.377   -13.377    63.860 497919 0 0 7 27
t1   13   27     3.833    19.268    60.949 503551 0 0 1 79
t1   16   27    13.891    13.891    60.949 503551 0 0 3 26
t1   19   27    19.268     3.833    60.949 503551 0 0 4 79
t1   22   27    18.150    -7.518    60.949 503551 0 0 6 26
t1   25   27    10.914   -16.335    60.949 503551 0 0 7 79
t1   13   27     3.833    19.268    60.949 503551 0 0 1 79
t1   16   27    13.891    13.891    60.949 16777215 0 0 3 26
t1   19   27    19.268     3.833    60.949 503551 0 0 4 79
t1   22   27    18.150    -7.518    60.949 503551 0 0 6 26
t1   25   27    10.914   -16.335    60.949 503551 0 0 7 79
t1   13   27     3.833    19.268    60.949 503551 0 0 1 79
t1   16   27    13.891    13.891    60.949 503551 0 0 3 26
t1   19   27    19.268     3.833    60.949 503551 0 0 4 79
t1   22   27    18.150    -7.518    60.949 503551 0 0 6 26
t1   25   27    10.914   -16.335    60.949 503551 0 0 7 79
t1   13   27     3.833    19.268    60.949 503551 0 0 1 79
t1   16   27    13.891    13.891    60.949 503551 0 0 3 26
t1   19   27    19.268     3.833    60.949 503551 0 0 4 79
t1   22   27    18.150    -7.518    60.949 503551 0 0 6 26
t1   25   27    10.914   -16.335    60.949 503551 0 0 7 79
t1   13   27     3.833    19.268    60.949 503551 0 0 1 79
t1   16   27    13.891    13.891    60.949 503551 0 0 3 26
t1   19   27    19.268     3.833    60.949 503551 0 0 4 79
t1   22   27    18.150    -7.518    60.949 16777215 0 0 6 26
t1   25   27    10.914   -16.335    60.949 503551 0 0 7 79
t1   13   27     3.833    19.268    60.949 503551 0 0 1 79
t1   16   27    13.891    13.891    60.949 503551 0 0 3 26
t1   19   27    19.268     3.833    60.949 16777215 0 0 4 79
t1   22   27    18.150    -7.518    60.949 16777215 0 0 6 26
t1   25   27    10.914   -16.335    60.949 503551 0 0 7 79
t1   14   28     7.796    18.822    58.039 509439 0 0 2 25
t1   17   28    16.940    11.319    58.039 509439 0 0 3 80
t1   20   28    20.373     0.000    58.039 509439 0 0 5 25
t1   23   28    16.940   -11.319    58.039 509439 0 0 6 80
t1   26   28     7.796   -18.822    58.039 509439 0 0 8 25
t1   14   28     7.796    18.822    58.039 509439 0 0 2 25
t1   17   28    16.940    11.319    58.039 509439 0 0 3 80
t1   20   28    20.373     0.000    58.039 509439 0 0 5 25
t1   23   28    16.940   -11.319    58.039 509439 0 0 6 80
t1   26   28     7.796   -18.822    58.039 509439 0 0 8 25
t1   14   28     7.796    18.822    58.039 509439 0 0 2 25
t1   17   28    16.940    11.319    58.039 509439 0 0 3 80
t1   20   28    20.373     0.000    58.039 509439 0 0 5 25
t1   23   28    16.940   -11.319    58.039 509439 0 0 6 80
t1   26   28     7.796   -18.822    58.039 509439 0 0 8 25
t1   14   28     7.796    18.822    58.039 16777215 0 0 2 25
t1   17   28    16.940    11.319    58.039 509439 0 0 3 80
t1   20   28    20.373     0.000    58.039 509439 0 0 5 25
t1   23   28    16.940   -11.319    58.039 509439 0 0 6 80
t1   26   28     7.796   -18.822    58.039 509439 0 0 8 25
t1   14   28     7.796    18.822    58.039 509439 0 0 2 25
t1   17   28    16.940    11.319    58.039 509439 0 0 3 80
t1   20   28    20.373     0.000    58.039 509439 0 0 5 25
t1   23   28    16.940   -11.319    58.039 509439 0 0 6 80
t1   26   28     7.796   -18.822    58.039 509439 0 0 8 25
t1   14   28     7.796    18.822    58.039 509439 0 0 2 25
t1   17   28    16.940    11.319    58.039 16777215 0 0 3 80
t1   20   28    20.373     0.000    58.039 509439 0 0 5 25
t1   23   28    16.940   -11.319    58.039 509439 0 0 6 80
t1   26   28     7.796   -18.822    58.039 509439 0 0 8 25
t1   12   29     0.000    21.101    55.128 515071 0 0 1 24
t1   15   29    11.723    17.545    55.128 515071 0 0 2 81
t1   18   29    19.494     8.075    55.128 515071 0 0 4 24
t1   21   29    20.695    -4.117    55.128 515071 0 0 5 81
t1   24   29    14.920   -14.920    55.128 515071 0 0 7 24
t1   27   29     4.117   -20.695    55.128 515071 0 0 8 81
t1   12   29     0.000    21.101    55.128 16777215 0 0 1 24
t1   15   29    11.723    17.545    55.128 515071 0 0 2 81
t1   18   29    19.494     8.075    55.128 515071 0 0 4 24
t1   21   29    20.695    -4.117    55.128 515071 0 0 5 81
t1   24   29    14.920   -14.920    55.128 515071 0 0 7 24
t1   27   29     4.117   -20.695    55.128 515071 0 0 8 81
t1   12   29     0.000    21.101    55.128 515071 0 0 1 24
t1   15   29    11.723    17.545    55.128 515071 0 0 2 81
t1   18   29    19.494     8.075    55.128 515071 0 0 4 24
t1   21   29    20.695    -4.117    55.128 515071 0 0 5 81
t1   24   29    14.920   -14.920    55.128 515071 0 0 7 24
t1   27   29     4.117   -20.695    55.128 515071 0 0 8 81
t1   12   29     0.000    21.101    55.128 515071 0 0 1 24
t1   15   29    11.723    17.545    55.128 515071 0 0 2 81
t1   18   29    19.494     8.075    55.128 515071 0 0 4 24
t1   21   29    20.695    -4.117    55.128 515071 0 0 5 81
t1   24   29    14.920   -14.920    55.128 515071 0 0 7 24
t1   27   29     4.117   -20.695    55.128 515071 0 0 8 81
t1   12   29     0.000    21.101    55.128 515071 0 0 1 24
t1   15   29    11.723    17.545    55.128 515071 0 0 2 81
t1   18   29    19.494     8.075    55.128 515071 0 0 4 24
t1   21   29    20.695    -4.117    55.128 515071 0 0 5 81
t1   24   29    14.920   -14.920    55.128 515071 0 0 7 24
t1   27   29     4.117   -20.695    55.128 515071 0 0 8 81
t1   13   30     4.258    21.409    52.218 520703 0 0 1 82
t1   16   30    15.435    15.435    52.218 520703 0 0 3 23
t1   19   30    21.409     4.258    52.218 520703 0 0 4 82
t1   22   30    20.167    -8.353    52.218 520703 0 0 6 23
t1   25   30    12.127   -18.149    52.218 520703 0 0 7 82
t1   13   30     4.258    21.409    52.218 520703 0 0 1 82
t1   16   30    15.435    15.435    52.218 520703 0 0 3 23
t1   19   30    21.409     4.258    52.218 520703 0 0 4 82
t1   22   30    20.167    -8.353    52.218 16777215 0 0 6 23
t1   25   30    12.127   -18.149    52.218 520703 0 0 7 82
t1   13   30     4.258    21.409    52.218 520703 0 0 1 82
t1   16   30    15.435    15.435    52.218 520703 0 0 3 23
t1   19   30    21.409     4.258    52.218 520703 0 0 4 82
t1   22   30    20.167    -8.353    52.218 520703 0 0 6 23
t1   25   30    12.127   -18.149    52.218 520703 0 0 7 82
t1   13   30     4.258    21.409    52.218 520703 0 0 1 82
t1   16   30    15.435    15.435    52.218 16777215 0 0 3 23
t1   19   30    21.409     4.258    52.218 520703 0 0 4 82
t1   22   30    20.167    -8.353    52.218 520703 0 0 6 23
t1   25   30    12.127   -18.149    52.218 520703 0 0 7 82
t1   13   30     4.258    21.409    52.218 520703 0 0 1 82
t1   16   30    15.435    15.435    52.218 520703 0 0 3 23
t1   19   30    21.409     4.258    52.218 520703 0 0 4 82
t1   22   30    20.167    -8.353    52.218 520703 0 0 6 23
t1   25   30    12.127   -18.149    52.218 520703 0 0 7 82
t1   13   30     4.258    21.409    52.218 520703 0 0 1 82
t1   16   30    15.435    15.435    52.218 520703 0 0 3 23
t1   19   30    21.409     4.258    52.218 520703 0 0 4 82
t1   22   30    20.167    -8.353    52.218 520703 0 0 6 23
t1   25   30    12.127   -18.149    52.218 520703 0 0 7 82
t1   14   31     8.632    20.839    49.307 524278 0 0 2 22
t1   17   31    18.754    12.531    49.307 524278 0 0 3 83
t1   20   31    22.556     0.000    49.307 524278 0 0 5 22
t1   23   31    18.754   -12.531    49.307 16777215 0 0 6 83
t1   26   31     8.632   -20.839    49.307 524278 0 0 8 22
t1   14   31     8.632    20.839    49.307 524278 0 0 2 22
t1   17   31    18.754    12.531    49.307 524278 0 0 3 83
t1   20   31    22.556     0.000    49.307 524278 0 0 5 22
t1   23   31    18.754   -12.531    49.307 524278 0 0 6 83
t1   26   31     8.632   -20.839    49.307 16777215 0 0 8 22
t1   14   31     8.632    20.839    49.307 524278 0 0 2 22
t1   17   31    18.754    12.531    49.307 524278 0 0 3 83
t1   20   31    22.556     0.000    49.307 524278 0 0 5 22
t1   23   31    18.754   -12.531    49.307 16777215 0 0 6 83
t1   26   31     8.632   -20.839    49.307 524278 0 0 8 22
t1   14   31     8.632    20.839    49.307 524278 0 0 2 22
t1   17   31    18.754    12.531    49.307 524278 0 0 3 83
t1   20   31    22.556     0.000    49.307 524278 0 0 5 22
t1   23   31    18.754   -12.531    49.307 524278 0 0 6 83
t1   26   31     8.632   -20.839    49.307 524278 0 0 8 22
t1   14   31     8.632    20.839    49.307 524278 0 0 2 22
t1   17   31    18.754    12.531    49.307 524278 0 0 3 83
t1   20   31    22.556     0.000    49.307 524278 0 0 5 22
t1   23   31    18.754   -12.531    49.307 524278 0 0 6 83
t1   26   31     8.632   -20.839    49.307 524278 0 0 8 22
t1   12   32     0.000    23.283    46.397 524256 0 0 1 21
t1   15   32    12.936    19.359    46.397 524256 0 0 2 84
t1   18   32    21.511     8.910    46.397 524256 0 0 4 21
t1   21   32    22.836    -4.542    46.397 524256 0 0 5 84
t1   24   32    16.464   -16.464    46.397 16777215 0 0 7 21
t1   27   32     4.542   -22.836    46.397 524256 0 0 8 84
t1   12   32     0.000    23.283    46.397 524256 0 0 1 21
t1   15   32    12.936    19.359    46.397 524256 0 0 2 84
t1   18   32    21.511     8.910    46.397 16777215 0 0 4 21
t1   21   32    22.836    -4.542    46.397 524256 0 0 5 84
t1   24   32    16.464   -16.464    46.397 524256 0 0 7 21
t1   27   32     4.542   -22.836    46.397 524256 0 0 8 84
t1   12   32     0.000    23.283    46.397 524256 0 0 1 21
t1   15   32    12.936    19.359    46.397 16777215 0 0 2 84
t1   18   32    21.511     8.910    46.397 16777215 0 0 4 21
t1   21   32    22.836    -4.542    46.397 524256 0 0 5 84
t1   24   32    16.464   -16.464    46.397 524256 0 0 7 21
t1   27   32     4.542   -22.836    46.397 524256 0 0 8 84
t1   12   32     0.000    23.283    46.397 524256 0 0 1 21
t1   15   32    12.936    19.359    46.397 524256 0 0 2 84
t1   18   32    21.511     8.910    46.397 524256 0 0 4 21
t1   21   32    22.836    -4.542    46.397 524256 0 0 5 84
t1   24   32    16.464   -16.464    46.397 524256 0 0 7 21
t1   27   32     4.542   -22.836    46.397 524256 0 0 8 84
t1   12   32     0.000    23.283    46.397 524256 0 0 1 21
t1   15   32    12.936    19.359    46.397 524256 0 0 2 84
t1   18   32    21.511     8.910    46.397 524256 0 0 4 21
t1   21   32    22.836    -4.542    46.397 524256 0 0 5 84
t1   24   32    16.464   -16.464    46.397 524256 0 0 7 21
t1   27   32     4.542   -22.836    46.397 524256 0 0 8 84
t1   12   32     0.000    23.283    46.397 524256 0 0 1 21
t1   15   32    12.936    19.359    46.397 524256 0 0 2 84
t1   18   32    21.511     8.910    46.397 524256 0 0 4 21
t1   21   32    22.836    -4.542    46.397 524256 0 0 5 84
t1   24   32    16.464   -16.464    46.397 524256 0 0 7 21
t1   27   32     4.542   -22.836    46.397 524256 0 0 8 84
t1   13   33     4.684    23.550    43.487 524233 0 0 1 85
t1   16   33    16.978    16.978    43.487 524233 0 0 3 20
t1   19   33    23.550     4.684    43.487 524233 0 0 4 85
t1   22   33    22.183    -9.189    43.487 524233 0 0 6 20
t1   25   33    13.340   -19.964    43.487 524233 0 0 7 85
t1   13   33     4.684    23.550    43.487 524233 0 0 1 85
t1   16   33    16.978    16.978    43.487 524233 0 0 3 20
t1   19   33    23.550     4.684    43.487 524233 0 0 4 85
t1   22   33    22.183    -9.189    43.487 524233 0 0 6 20
t1   25   33    13.340   -19.964    43.487 524233 0 0 7 85
t1   13   33     4.684    23.550    43.487 524233 0 0 1 85
t1   16   33    16.978    16.978    43.487 524233 0 0 3 20
t1   19   33    23.550     4.684    43.487 524233 0 0 4 85
t1   22   33    22.183    -9.189    43.487 524233 0 0 6 20
t1   25   33    13.340   -19.964    43.487 524233 0 0 7 85
t1   13   33     4.684    23.550    43.487 524233 0 0 1 85
t1   16   33    16.978    16.978    43.487 524233 0 0 3 20
t1   19   33    23.550     4.684    43.487 524233 0 0 4 85
t1   22   33    22.183    -9.189    43.487 16777215 0 0 6 20
t1   25   33    13.340   -19.964    43.487 524233 0 0 7 85
t1   13   33     4.684    23.550    43.487 524233 0 0 1 85
t1   16   33    16.978    16.978    43.487 524233 0 0 3 20
t1   19   33    23.550     4.684    43.487 524233 0 0 4 85
t1   22   33    22.183    -9.189    43.487 524233 0 0 6 20
t1   25   33    13.340   -19.964    43.487 524233 0 0 7 85
t1   14   34     9.467    22.856    40.576 524211 0 0 2 19
t1   17   34    20.569    13.744    40.576 524211 0 0 3 86
t1   20   34    24.739     0.000    40.576 524211 0 0 5 19
t1   23   34    20.569   -13.744    40.576 524211 0 0 6 86
t1   26   34     9.467   -22.856    40.576 524211 0 0 8 19
t1   14   34     9.467    22.856    40.576 524211 0 0 2 19
t1   17   34    20.569    13.744    40.576 524211 0 0 3 86
t1   20   34    24.739     0.000    40.576 524211 0 0 5 19
t1   23   34    20.569   -13.744    40.576 524211 0 0 6 86
t1   26   34     9.467   -22.856    40.576 524211 0 0 8 19
t1   14   34     9.467    22.856    40.576 524211 0 0 2 19
t1   17   34    20.569    13.744    40.576 524211 0 0 3 86
t1   20   34    24.739     0.000    40.576 524211 0 0 5 19
t1   23   34    20.569   -13.744    40.576 524211 0 0 6 86
t1   26   34     9.467   -22.856    40.576 524211 0 0 8 19
t1   14   34     9.467    22.856    40.576 524211 0 0 2 19
t1   17   34    20.569    13.744    40.576 524211 0 0 3 86
t1   20   34    24.739     0.000    40.576 524211 0 0 5 19
t1   23   34    20.569   -13.744    40.576 524211 0 0 6 86
t1   26   34     9.467   -22.856    40.576 524211 0 0 8 19
t1   14   34     9.467    22.856    40.576 524211 0 0 2 19
t1   17   34    20.569    13.744    40.576 16777215 0 0 3 86
t1   20   34    24.739     0.000    40.576 524211 0 0 5 19
t1   23   34    20.569   -13.744    40.576 524211 0 0 6 86
t1   26   34     9.467   -22.856    40.576 16777215 0 0 8 19
t1   14   34     9.467    22.856    40.576 524211 0 0 2 19
t1   17   34    20.569    13.744    40.576 524211 0 0 3 86
t1   20   34    24.739     0.000    40.576 524211 0 0 5 19
t1   23   34    20.569   -13.744    40.576 16777215 0 0 6 86
t1   26   34     9.467   -22.856    40.576 524211 0 0 8 19
t1   12   35     0.000    25.466    37.666 16777215 0 0 1 18
t1   15   35    14.148    21.174    37.666 524188 0 0 2 87
t1   18   35    23.528     9.746    37.666 524188 0 0 4 18
t1   21   35    24.977    -4.968    37.666 524188 0 0 5 87
t1   24   35    18.007   -18.007    37.666 524188 0 0 7 18
t1   27   35     4.968   -24.977    37.666 16777215 0 0 8 87
t1   12   35     0.000    25.466    37.666 524188 0 0 1 18
t1   15   35    14.148    21.174    37.666 524188 0 0 2 87
t1   18   35    23.528     9.746    37.666 524188 0 0 4 18
t1   21   35    24.977    -4.968    37.666 524188 0 0 5 87
t1   24   35    18.007   -18.007    37.666 524188 0 0 7 18
t1   27   35     4.968   -24.977    37.666 524188 0 0 8 87
t1   12   35     0.000    25.466    37.666 524188 0 0 1 18
t1   15   35    14.148    21.174    37.666 524188 0 0 2 87
t1   18   35    23.528     9.746    37.666 524188 0 0 4 18
t1   21   35    24.977    -4.968    37.666 524188 0 0 5 87
t1   24   35    18.007   -18.007    37.666 16777215 0 0 7 18
t1   27   35     4.968   -24.977    37.666 524188 0 0 8 87
t1   12   35     0.000    25.466    37.666 524188 0 0 1 18
t1   15   35    14.148    21.174    37.666 524188 0 0 2 87
t1   18   35    23.528     9.746    37.666 16777215 0 0 4 18
t1   21   35    24.977    -4.968    37.666 524188 0 0 5 87
t1   24   35    18.007   -18.007    37.666 524188 0 0 7 18
t1   27   35     4.968   -24.977    37.666 524188 0 0 8 87
t1   12   35     0.000    25.466    37.666 524188 0 0 1 18
t1   15   35    14.148    21.174    37.666 524188 0 0 2 87
t1   18   35    23.528     9.746    37.666 524188 0 0 4 18
t1   21   35    24.977    -4.968    37.666 524188 0 0 5 87
t1   24   35    18.007   -18.007    37.666 524188 0 0 7 18
t1   27   35     4.968   -24.977    37.666 524188 0 0 8 87
t1   13   36     5.110    25.691    34.755 524166 0 0 1 88
t1   16   36    18.522    18.522    34.755 524166 0 0 3 17
t1   19   36    25.691     5.110    34.755 16777215 0 0 4 88
t1   22   36    24.200   -10.024    34.755 524166 0 0 6 17
t1   25   36    14.553   -21.779    34.755 524166 0 0 7 88
t1   13   36     5.110    25.691    34.755 524166 0 0 1 88
t1   16   36    18.522    18.522    34.755 524166 0 0 3 17
t1   19   36    25.691     5.110    34.755 524166 0 0 4 88
t1   22   36    24.200   -10.024    34.755 524166 0 0 6 17
t1   25   36    14.553   -21.779    34.755 524166 0 0 7 88
t1   13   36     5.110    25.691    34.755 524166 0 0 1 88
t1   16   36    18.522    18.522    34.755 524166 0 0 3 17
t1   19   36    25.691     5.110    34.755 524166 0 0 4 88
t1   22   36    24.200   -10.024    34.755 524166 0 0 6 17
t1   25   36    14.553   -21.779    34.755 524166 0 0 7 88
t1   13   36     5.110    25.691    34.755 524166 0 0 1 88
t1   16   36    18.522    18.522    34.755 524166 0 0 3 17
t1   19   36    25.691     5.110    34.755 16777215 0 0 4 88
t1   22   36    24.200   -10.024    34.755 524166 0 0 6 17
t1   25   36    14.553   -21.779    34.755 524166 0 0 7 88
t1   13   36     5.110    25.691    34.755 16777215 0 0 1 88
t1   16   36    18.522    18.522    34.755 524166 0 0 3 17
t1   19   36    25.691     5.110    34.755 524166 0 0 4 88
t1   22   36    24.200   -10.024    34.755 524166 0 0 6 17
t1   25   36    14.553   -21.779    34.755 524166 0 0 7 88
t1   13   36     5.110    25.691    34.755 16777215 0 0 1 88
t1   16   36    18.522    18.522    34.755 524166 0 0 3 17
t1   19   36    25.691     5.110    34.755 524166 0 0 4 88
t1   22   36    24.200   -10.024    34.755 524166 0 0 6 17
t1   25   36    14.553   -21.779    34.755 524166 0 0 7 88
t1   14   37    10.302    24.872    31.845 524144 0 0 2 16
t1   17   37    22.384    14.957    31.845 524144 0 0 3 89
t1   20   37    26.921     0.000    31.845 524144 0 0 5 16
t1   23   37    22.384   -14.957    31.845 524144 0 0 6 89
t1   26   37    10.302   -24.872    31.845 524144 0 0 8 16
t1   14   37    10.302    24.872    31.845 524144 0 0 2 16
t1   17   37    22.384    14.957    31.845 524144 0 0 3 89
t1   20   37    26.921     0.000    31.845 524144 0 0 5 16
t1   23   37    22.384   -14.957    31.845 524144 0 0 6 89
t1   26   37    10.302   -24.872    31.845 524144 0 0 8 16
t1   14   37    10.302    24.872    31.845 524144 0 0 2 16
t1   17   37    22.384    14.957    31.845 524144 0 0 3 89
t1   20   37    26.921     0.000    31.845 524144 0 0 5 16
t1   23   37    22.384   -14.957    31.845 524144 0 0 6 89
t1   26   37    10.302   -24.872    31.845 524144 0 0 8 16
t1   14   37    10.302    24.872    31.845 524144 0 0 2 16
t1   17   37    22.384    14.957    31.845 524144 0 0 3 89
t1   20   37    26.921     0.000    31.845 524144 0 0 5 16
t1   23   37    22.384   -14.957    31.845 524144 0 0 6 89
t1   26   37    10.302   -24.872    31.845 524144 0 0 8 16
t1   14   37    10.302    24.872    31.845 524144 0 0 2 16
t1   17   37    22.384    14.957    31.845 524144 0 0 3 89
t1   20   37    26.921     0.000    31.845 524144 0 0 5 16
t1   23   37    22.384   -14.957    31.845 16777215 0 0 6 89
t1   26   37    10.302   -24.872    31.845 524144 0 0 8 16
t1   12   38     0.000    27.649    28.934 524121 0 0 1 15
t1   15   38    15.361    22.989    28.934 524121 0 0 2 90
t1   18   38    25.544    10.581    28.934 524121 0 0 4 15
t1   21   38    27.118    -5.394    28.934 524121 0 0 5 90
t1   24   38    19.551   -19.551    28.934 524121 0 0 7 15
t1   27   38     5.394   -27.118    28.934 524121 0 0 8 90
t1   12   38     0.000    27.649    28.934 524121 0 0 1 15
t1   15   38    15.361    22.989    28.934 524121 0 0 2 90
t1   18   38    25.544    10.581    28.934 16777215 0 0 4 15
t1   21   38    27.118    -5.394    28.934 524121 0 0 5 90
t1   24   38    19.551   -19.551    28.934 524121 0 0 7 15
t1   27   38     5.394   -27.118    28.934 524121 0 0 8 90
t1   12   38     0.000    27.649    28.934 524121 0 0 1 15
t1   15   38    15.361    22.989    28.934 524121 0 0 2 90
t1   18   38    25.544    10.581    28.934 524121 0 0 4 15
t1   21   38    27.118    -5.394    28.934 524121 0 0 5 90
t1   24   38    19.551   -19.551    28.934 524121 0 0 7 15
t1   27   38     5.394   -27.118    28.934 524121 0 0 8 90
t1   12   38     0.000    27.649    28.934 524121 0 0 1 15
t1   15   38    15.361    22.989    28.934 524121 0 0 2 90
t1   18   38    25.544    10.581    28.934 524121 0 0 4 15
t1   21   38    27.118    -5.394    28.934 524121 0 0 5 90
t1   24   38    19.551   -19.551    28.934 524121 0 0 7 15
t1   27   38     5.394   -27.118    28.934 16777215 0 0 8 90
t1   12   38     0.000    27.649    28.934 524121 0 0 1 15
t1   15   38    15.361    22.989    28.934 524121 0 0 2 90
t1   18   38    25.544    10.581    28.934 524121 0 0 4 15
t1   21   38    27.118    -5.394    28.934 524121 0 0 5 90
t1   24   38    19.551   -19.551    28.934 524121 0 0 7 15
t1   27   38     5.394   -27.118    28.934 524121 0 0 8 90
t1   12   38     0.000    27.649    28.934 524121 0 0 1 15
t1   15   38    15.361    22.989    28.934 524121 0 0 2 90
t1   18   38    25.544    10.581    28.934 524121 0 0 4 15
t1   21   38    27.118    -5.394    28.934 524121 0 0 5 90
t1   24   38    19.551   -19.551    28.934 524121 0 0 7 15
t1   27   38     5.394   -27.118    28.934 524121 0 0 8 90
t1   13   39     5.536    27.831    26.024 524099 0 0 1 91
t1   16   39    20.065    20.065    26.024 524099 0 0 3 14
t1   19   39    27.831     5.536    26.024 524099 0 0 4 91
t1   22   39    26.217   -10.859    26.024 524099 0 0 6 14
t1   25   39    15.765   -23.594    26.024 524099 0 0 7 91
t1   13   39     5.536    27.831    26.024 524099 0 0 1 91
t1   16   39    20.065    20.065    26.024 524099 0 0 3 14
t1   19   39    27.831     5.536    26.024 524099 0 0 4 91
t1   22   39    26.217   -10.859    26.024 16777215 0 0 6 14
t1   25   39    15.765   -23.594    26.024 524099 0 0 7 91
t1   13   39     5.536    27.831    26.024 524099 0 0 1 91
t1   16   39    20.065    20.065    26.024 524099 0 0 3 14
t1   19   39    27.831     5.536    26.024 16777215 0 0 4 91
t1   22   39    26.217   -10.859    26.024 524099 0 0 6 14
t1   25   39    15.765   -23.594    26.024 524099 0 0 7 91
t1   13   39     5.536    27.831    26.024 524099 0 0 1 91
t1   16   39    20.065    20.065    26.024 524099 0 0 3 14
t1   19   39    27.831     5.536    26.024 524099 0 0 4 91
t1   22   39    26.217   -10.859    26.024 524099 0 0 6 14
t1   25   39    15.765   -23.594    26.024 16777215 0 0 7 91
t1   13   39     5.536    27.831    26.024 524099 0 0 1 91
t1   16   39    20.065    20.065    26.024 524099 0 0 3 14
t1   19   39    27.831     5.536    26.024 524099 0 0 4 91
t1   22   39    26.217   -10.859    26.024 524099 0 0 6 14
t1   25   39    15.765   -23.594    26.024 524099 0 0 7 91
t1   14   40    11.138    26.889    23.114 524076 0 0 2 13
t1   17   40    24.199    16.169    23.114 524076 0 0 3 92
t1   20   40    29.104     0.000    23.114 16777215 0 0 5 13
t1   23   40    24.199   -16.169    23.114 524076 0 0 6 92
t1   26   40    11.138   -26.889    23.114 524076 0 0 8 13
t1   14   40    11.138    26.889    23.114 16777215 0 0 2 13
t1   17   40    24.199    16.169    23.114 524076 0 0 3 92
t1   20   40    29.104     0.000    23.114 524076 0 0 5 13
t1   23   40    24.199   -16.169    23.114 524076 0 0 6 92
t1   26   40    11.138   -26.889    23.114 524076 0 0 8 13
t1   14   40    11.138    26.889    23.114 524076 0 0 2 13
t1   17   40    24.199    16.169    23.114 524076 0 0 3 92
t1   20   40    29.104     0.000    23.114 524076 0 0 5 13
t1   23   40    24.199   -16.169    23.114 524076 0 0 6 92
t1   26   40    11.138   -26.889    23.114 524076 0 0 8 13
t1   14   40    11.138    26.889    23.114 16777215 0 0 2 13
t1   17   40    24.199    16.169    23.114 524076 0 0 3 92
t1   20   40    29.104     0.000    23.114 524076 0 0 5 13
t1   23   40    24.199   -16.169    23.114 524076 0 0 6 92
t1   26   40    11.138   -26.889    23.114 524076 0 0 8 13
t1   14   40    11.138    26.889    23.114 524076 0 0 2 13
t1   17   40    24.199    16.169    23.114 524076 0 0 3 92
t1   20   40    29.104     0.000    23.114 524076 0 0 5 13
t1   23   40    24.199   -16.169    23.114 524076 0 0 6 92
t1   26   40    11.138   -26.889    23.114 524076 0 0 8 13
t1   14   40    11.138    26.889    23.114 524076 0 0 2 13
t1   17   40    24.199    16.169    23.114 524076 0 0 3 92
t1   20   40    29.104     0.000    23.114 524076 0 0 5 13
t1   23   40    24.199   -16.169    23.114 524076 0 0 6 92
t1   26   40    11.138   -26.889    23.114 524076 0 0 8 13
t1   12   41     0.000    29.832    20.203 524054 0 0 1 12
t1   15   41    16.574    24.804    20.203 524054 0 0 2 93
t1   18   41    27.561    11.416    20.203 524054 0 0 4 12
t1   21   41    29.259    -5.820    20.203 524054 0 0 5 93
t1   24   41    21.094   -21.094    20.203 524054 0 0 7 12
t1   27   41     5.820   -29.259    20.203 524054 0 0 8 93
t1   12   41     0.000    29.832    20.203 524054 0 0 1 12
t1   15   41    16.574    24.804    20.203 524054 0 0 2 93
t1   18   41    27.561    11.416    20.203 524054 0 0 4 12
t1   21   41    29.259    -5.820    20.203 524054 0 0 5 93
t1   24   41    21.094   -21.094    20.203 16777215 0 0 7 12
t1   27   41     5.820   -29.259    20.203 524054 0 0 8 93
t1   12   41     0.000    29.832    20.203 524054 0 0 1 12
t1   15   41    16.574    24.804    20.203 524054 0 0 2 93
t1   18   41    27.561    11.416    20.203 524054 0 0 4 12
t1   21   41    29.259    -5.820    20.203 524054 0 0 5 93
t1   24   41    21.094   -21.094    20.203 524054 0 0 7 12
t1   27   41     5.820   -29.259    20.203 524054 0 0 8 93
t1   12   41     0.000    29.832    20.203 524054 0 0 1 12
t1   15   41    16.574    24.804    20.203 524054 0 0 2 93
t1   18   41    27.561    11.416    20.203 524054 0 0 4 12
t1   21   41    29.259    -5.820    20.203 524054 0 0 5 93
t1   24   41    21.094   -21.094    20.203 524054 0 0 7 12
t1   27   41     5.820   -29.259    20.203 524054 0 0 8 93
t1   12   41     0.000    29.832    20.203 524054 0 0 1 12
t1   15   41    16.574    24.804    20.203 524054 0 0 2 93
t1   18   41    27.561    11.416    20.203 524054 0 0 4 12
t1   21   41    29.259    -5.820    20.203 524054 0 0 5 93
t1   24   41    21.094   -21.094    20.203 524054 0 0 7 12
t1   27   41     5.820   -29.259    20.203 524054 0 0 8 93
t1   12   41     0.000    29.832    20.203 524054 0 0 1 12
t1   15   41    16.574    24.804    20.203 524054 0 0 2 93
t1   18   41    27.561    11.416    20.203 524054 0 0 4 12
t1   21   41    29.259    -5.820    20.203 524054 0 0 5 93
t1   24   41    21.094   -21.094    20.203 524054 0 0 7 12
t1   27   41     5.820   -29.259    20.203 524054 0 0 8 93
t1   13   42     5.962    29.972    17.293 1048327 0 0 1 94
t1   16   42    21.609    21.609    17.293 1048327 0 0 3 11
t1   19   42    29.972     5.962    17.293 1048327 0 0 4 94
t1   22   42    28.233   -11.695    17.293 1048327 0 0 6 11
t1   25   42    16.978   -25.409    17.293 1048327 0 0 7 94
t1   13   42     5.962    29.972    17.293 1048327 0 0 1 94
t1   16   42    21.609    21.609    17.293 1048327 0 0 3 11
t1   19   42    29.972     5.962    17.293 16777215 0 0 4 94
t1   22   42    28.233   -11.695    17.293 1048327 0 0 6 11
t1   25   42    16.978   -25.409    17.293 1048327 0 0 7 94
t1   13   42     5.962    29.972    17.293 1048327 0 0 1 94
t1   16   42    21.609    21.609    17.293 1048327 0 0 3 11
t1   19   42    29.972     5.962    17.293 1048327 0 0 4 94
t1   22   42    28.233   -11.695    17.293 1048327 0 0 6 11
t1   25   42    16.978   -25.409    17.293 1048327 0 0 7 94
t1   13   42     5.962    29.972    17.293 16777215 0 0 1 94
t1   16   42    21.609    21.609    17.293 1048327 0 0 3 11
t1   19   42    29.972     5.962    17.293 1048327 0 0 4 94
t1   22   42    28.233   -11.695    17.293 16777215 0 0 6 11
t1   25   42    16.978   -25.409    17.293 1048327 0 0 7 94
t1   13   42     5.962    29.972    17.293 1048327 0 0 1 94
t1   16   42    21.609    21.609    17.293 1048327 0 0 3 11
t1   19   42    29.972     5.962    17.293 1048327 0 0 4 94
t1   22   42    28.233   -11.695    17.293 1048327 0 0 6 11
t1   25   42    16.978   -25.409    17.293 16777215 0 0 7 94
t1   12   43     0.000    31.287    14.382 2490119 0 0 1 10
t1   14   43    11.973    28.906    14.382 2490119 0 0 2 10
t1   17   43    26.014    17.382    14.382 2490119 0 0 3 95
t1   20   43    31.287     0.000    14.382 2490119 0 0 5 10
t1   23   43    26.014   -17.382    14.382 16777215 0 0 6 95
t1   26   43    11.973   -28.906    14.382 16777215 0 0 8 10
t1   12   43     0.000    31.287    14.382 2490119 0 0 1 10
t1   14   43    11.973    28.906    14.382 2490119 0 0 2 10
t1   17   43    26.014    17.382    14.382 2490119 0 0 3 95
t1   20   43    31.287     0.000    14.382 2490119 0 0 5 10
t1   23   43    26.014   -17.382    14.382 2490119 0 0 6 95
t1   26   43    11.973   -28.906    14.382 2490119 0 0 8 10
t1   12   43     0.000    31.287    14.382 2490119 0 0 1 10
t1   14   43    11.973    28.906    14.382 2490119 0 0 2 10
t1   17   43    26.014    17.382    14.382 2490119 0 0 3 95
t1   20   43    31.287     0.000    14.382 2490119 0 0 5 10
t1   23   43    26.014   -17.382    14.382 2490119 0 0 6 95
t1   26   43    11.973   -28.906    14.382 2490119 0 0 8 10
t1   12   43     0.000    31.287    14.382 2490119 0 0 1 10
t1   14   43    11.973    28.906    14.382 2490119 0 0 2 10
t1   17   43    26.014    17.382    14.382 2490119 0 0 3 95
t1   20   43    31.287     0.000    14.382 2490119 0 0 5 10
t1   23   43    26.014   -17.382    14.382 2490119 0 0 6 95
t1   26   43    11.973   -28.906    14.382 2490119 0 0 8 10
t1   12   43     0.000    31.287    14.382 2490119 0 0 1 10
t1   14   43    11.973    28.906    14.382 2490119 0 0 2 10
t1   17   43    26.014    17.382    14.382 16777215 0 0 3 95
t1   20   43    31.287     0.000    14.382 2490119 0 0 5 10
t1   23   43    26.014   -17.382    14.382 2490119 0 0 6 95
t1   26   43    11.973   -28.906    14.382 2490119 0 0 8 10
t1   12   43     0.000    31.287    14.382 2490119 0 0 1 10
t1   14   43    11.973    28.906    14.382 16777215 0 0 2 10
t1   17   43    26.014    17.382    14.382 2490119 0 0 3 95
t1   20   43    31.287     0.000    14.382 2490119 0 0 5 10
t1   23   43    26.014   -17.382    14.382 2490119 0 0 6 95
t1   26   43    11.973   -28.906    14.382 2490119 0 0 8 10
t1   13   44     6.246    31.400    11.472 3997448 0 0 1 96
t1   15   44    17.786    26.619    11.472 3997448 0 0 2 96
t1   18   44    29.578    12.251    11.472 3997448 0 0 4 9
t1   21   44    31.400    -6.246    11.472 3997448 0 0 5 96
t1   24   44    22.638   -22.638    11.472 3997448 0 0 7 9
t1   27   44     6.246   -31.400    11.472 3997448 0 0 8 96
t1   13   44     6.246    31.400    11.472 3997448 0 0 1 96
t1   15   44    17.786    26.619    11.472 3997448 0 0 2 96
t1   18   44    29.578    12.251    11.472 3997448 0 0 4 9
t1   21   44    31.400    -6.246    11.472 3997448 0 0 5 96
t1   24   44    22.638   -22.638    11.472 3997448 0 0 7 9
t1   27   44     6.246   -31.400    11.472 3997448 0 0 8 96
t1   13   44     6.246    31.400    11.472 3997448 0 0 1 96
t1   15   44    17.786    26.619    11.472 16777215 0 0 2 96
t1   18   44    29.578    12.251    11.472 3997448 0 0 4 9
t1   21   44    31.400    -6.246    11.472 3997448 0 0 5 96
t1   24   44    22.638   -22.638    11.472 3997448 0 0 7 9
t1   27   44     6.246   -31.400    11.472 3997448 0 0 8 96
t1   13   44     6.246    31.400    11.472 3997448 0 0 1 96
t1   15   44    17.786    26.619    11.472 3997448 0 0 2 96
t1   18   44    29.578    12.251    11.472 3997448 0 0 4 9
t1   21   44    31.400    -6.246    11.472 3997448 0 0 5 96
t1   24   44    22.638   -22.638    11.472 3997448 0 0 7 9
t1   27   44     6.246   -31.400    11.472 3997448 0 0 8 96
t1   13   44     6.246    31.400    11.472 3997448 0 0 1 96
t1   15   44    17.786    26.619    11.472 3997448 0 0 2 96
t1   18   44    29.578    12.251    11.472 3997448 0 0 4 9
t1   21   44    31.400    -6.246    11.472 3997448 0 0 5 96
t1   24   44    22.638   -22.638    11.472 3997448 0 0 7 9
t1   27   44     6.246   -31.400    11.472 3997448 0 0 8 96
t1   14   45    12.530    30.250     8.561 5439240 0 0 2 8
t1   16   45    23.152    23.152     8.561 5439240 0 0 3 8
t1   19   45    32.113     6.388     8.561 5439240 0 0 4 97
t1   22   45    30.250   -12.530     8.561 5439240 0 0 6 8
t1   25   45    18.191   -27.224     8.561 5439240 0 0 7 97
t1   14   45    12.530    30.250     8.561 5439240 0 0 2 8
t1   16   45    23.152    23.152     8.561 5439240 0 0 3 8
t1   19   45    32.113     6.388     8.561 5439240 0 0 4 97
t1   22   45    30.250   -12.530     8.561 5439240 0 0 6 8
t1   25   45    18.191   -27.224     8.561 5439240 0 0 7 97
t1   14   45    12.530    30.250     8.561 5439240 0 0 2 8
t1   16   45    23.152    23.152     8.561 5439240 0 0 3 8
t1   19   45    32.113     6.388     8.561 5439240 0 0 4 97
t1   22   45    30.250   -12.530     8.561 5439240 0 0 6 8
t1   25   45    18.191   -27.224     8.561 16777215 0 0 7 97
t1   14   45    12.530    30.250     8.561 5439240 0 0 2 8
t1   16   45    23.152    23.152     8.561 5439240 0 0 3 8
t1   19   45    32.113     6.388     8.561 5439240 0 0 4 97
t1   22   45    30.250   -12.530     8.561 5439240 0 0 6 8
t1   25   45    18.191   -27.224     8.561 5439240 0 0 7 97
t1   14   45    12.530    30.250     8.561 5439240 0 0 2 8
t1   16   45    23.152    23.152     8.561 5439240 0 0 3 8
t1   19   45    32.113     6.388     8.561 16777215 0 0 4 97
t1   22   45    30.250   -12.530     8.561 5439240 0 0 6 8
t1   25   45    18.191   -27.224     8.561 5439240 0 0 7 97
t1   14   45    12.530    30.250     8.561 5439240 0 0 2 8
t1   16   45    23.152    23.152     8.561 5439240 0 0 3 8
t1   19   45    32.113     6.388     8.561 5439240 0 0 4 97
t1   22   45    30.250   -12.530     8.561 5439240 0 0 6 8
t1   25   45    18.191   -27.224     8.561 5439240 0 0 7 97
t1   15   46    18.595    27.829     5.651 6946568 0 0 2 98
t1   17   46    27.829    18.595     5.651 6946568 0 0 3 98
t1   20   46    33.470     0.000     5.651 6946568 0 0 5 7
t1   23   46    27.829   -18.595     5.651 6946568 0 0 6 98
t1   26   46    12.808   -30.922     5.651 6946568 0 0 8 7
t1   12   46     0.000    33.470     5.651 6946568 0 0 1 7
t1   15   46    18.595    27.829     5.651 6946568 0 0 2 98
t1   17   46    27.829    18.595     5.651 6946568 0 0 3 98
t1   20   46    33.470     0.000     5.651 6946568 0 0 5 7
t1   23   46    27.829   -18.595     5.651 6946568 0 0 6 98
t1   26   46    12.808   -30.922     5.651 16777215 0 0 8 7
t1   12   46     0.000    33.470     5.651 6946568 0 0 1 7
t1   15   46    18.595    27.829     5.651 6946568 0 0 2 98
t1   17   46    27.829    18.595     5.651 6946568 0 0 3 98
t1   20   46    33.470     0.000     5.651 6946568 0 0 5 7
t1   23   46    27.829   -18.595     5.651 16777215 0 0 6 98
t1   26   46    12.808   -30.922     5.651 6946568 0 0 8 7
t1   12   46     0.000    33.470     5.651 6946568 0 0 1 7
t1   15   46    18.595    27.829     5.651 6946568 0 0 2 98
t1   17   46    27.829    18.595     5.651 6946568 0 0 3 98
t1   20   46    33.470     0.000     5.651 6946568 0 0 5 7
t1   23   46    27.829   -18.595     5.651 6946568 0 0 6 98
t1   26   46    12.808   -30.922     5.651 16777215 0 0 8 7
t1   12   46     0.000    33.470     5.651 6946568 0 0 1 7
t1   15   46    18.595    27.829     5.651 6946568 0 0 2 98
t1   17   46    27.829    18.595     5.651 6946568 0 0 3 98
t1   20   46    33.470     0.000     5.651 6946568 0 0 5 7
t1   23   46    27.829   -18.595     5.651 6946568 0 0 6 98
t1   26   46    12.808   -30.922     5.651 6946568 0 0 8 7
t1   12   46     0.000    33.470     5.651 6946568 0 0 1 7
t1   16   47    24.181    24.181     2.741 8388360 0 0 3 6
t1   18   47    31.594    13.087     2.741 8388360 0 0 4 6
t1   21   47    33.540    -6.672     2.741 8388360 0 0 5 99
t1   24   47    24.181   -24.181     2.741 8388360 0 0 7 6
t1   27   47     6.672   -33.540     2.741 8388360 0 0 8 99
t1   13   47     6.672    33.540     2.741 8388360 0 0 1 99
t1   16   47    24.181    24.181     2.741 8388360 0 0 3 6
t1   18   47    31.594    13.087     2.741 16777215 0 0 4 6
t1   21   47    33.540    -6.672     2.741 8388360 0 0 5 99
t1   24   47    24.181   -24.181     2.741 8388360 0 0 7 6
t1   27   47     6.672   -33.540     2.741 8388360 0 0 8 99
t1   13   47     6.672    33.540     2.741 8388360 0 0 1 99
t1   16   47    24.181    24.181     2.741 8388360 0 0 3 6
t1   18   47    31.594    13.087     2.741 8388360 0 0 4 6
t1   21   47    33.540    -6.672     2.741 8388360 0 0 5 99
t1   24   47    24.181   -24.181     2.741 8388360 0 0 7 6
t1   27   47     6.672   -33.540     2.741 8388360 0 0 8 99
t1   13   47     6.672    33.540     2.741 8388360 0 0 1 99
t1   16   47    24.181    24.181     2.741 8388360 0 0 3 6
t1   18   47    31.594    13.087     2.741 16777215 0 0 4 6
t1   21   47    33.540    -6.672     2.741 16777215 0 0 5 99
t1   24   47    24.181   -24.181     2.741 8388360 0 0 7 6
t1   27   47     6.672   -33.540     2.741 8388360 0 0 8 99
t1   13   47     6.672    33.540     2.741 8388360 0 0 1 99
t1   16   47    24.181    24.181     2.741 8388360 0 0 3 6
t1   18   47    31.594    13.087     2.741 8388360 0 0 4 6
t1   21   47    33.540    -6.672     2.741 8388360 0 0 5 99
t1   24   47    24.181   -24.181     2.741 8388360 0 0 7 6
t1   27   47     6.672   -33.540     2.741 8388360 0 0 8 99
t1   13   47     6.672    33.540     2.741 8388360 0 0 1 99
t1   16   47    24.181    24.181     2.741 16777215 0 0 3 6
t1   18   47    31.594    13.087     2.741 8388360 0 0 4 6
t1   21   47    33.540    -6.672     2.741 8388360 0 0 5 99
t1   24   47    24.181   -24.181     2.741 8388360 0 0 7 6
t1   27   47     6.672   -33.540     2.741 8388360 0 0 8 99
t1   13   47     6.672    33.540     2.741 8388360 0 0 1 99
t1   17   48    29.039    19.403    -0.170 9895688 0 0 3 100
t1   19   48    34.254     6.814    -0.170 9895688 0 0 4 100
t1   22   48    32.267   -13.365    -0.170 9895688 0 0 6 5
t1   25   48    19.403   -29.039    -0.170 9895688 0 0 7 100
t1   14   48    13.365    32.267    -0.170 16777215 0 0 2 5
t1   17   48    29.039    19.403    -0.170 9895688 0 0 3 100
t1   19   48    34.254     6.814    -0.170 9895688 0 0 4 100
t1   22   48    32.267   -13.365    -0.170 9895688 0 0 6 5
t1   25   48    19.403   -29.039    -0.170 9895688 0 0 7 100
t1   14   48    13.365    32.267    -0.170 9895688 0 0 2 5
t1   17   48    29.039    19.403    -0.170 9895688 0 0 3 100
t1   19   48    34.254     6.814    -0.170 9895688 0 0 4 100
t1   22   48    32.267   -13.365    -0.170 9895688 0 0 6 5
t1   25   48    19.403   -29.039    -0.170 9895688 0 0 7 100
t1   14   48    13.365    32.267    -0.170 9895688 0 0 2 5
t1   17   48    29.039    19.403    -0.170 9895688 0 0 3 100
t1   19   48    34.254     6.814    -0.170 9895688 0 0 4 100
t1   22   48    32.267   -13.365    -0.170 9895688 0 0 6 5
t1   25   48    19.403   -29.039    -0.170 9895688 0 0 7 100
t1   14   48    13.365    32.267    -0.170 9895688 0 0 2 5
t1   17   48    29.039    19.403    -0.170 9895688 0 0 3 100
t1   19   48    34.254     6.814    -0.170 9895688 0 0 4 100
t1   22   48    32.267   -13.365    -0.170 9895688 0 0 6 5
t1   25   48    19.403   -29.039    -0.170 16777215 0 0 7 100
t1   14   48    13.365    32.267    -0.170 9895688 0 0 2 5
t1   18   49    32.939    13.644    -3.080 11337480 0 0 4 4
t1   20   49    35.653     0.000    -3.080 11337480 0 0 5 4
t1   23   49    29.644   -19.808    -3.080 11337480 0 0 6 101
t1   26   49    13.644   -32.939    -3.080 11337480 0 0 8 4
t1   12   49     0.000    35.653    -3.080 11337480 0 0 1 4
t1   15   49    19.808    29.644    -3.080 11337480 0 0 2 101
t1   18   49    32.939    13.644    -3.080 11337480 0 0 4 4
t1   20   49    35.653     0.000    -3.080 11337480 0 0 5 4
t1   23   49    29.644   -19.808    -3.080 11337480 0 0 6 101
t1   26   49    13.644   -32.939    -3.080 11337480 0 0 8 4
t1   12   49     0.000    35.653    -3.080 11337480 0 0 1 4
t1   15   49    19.808    29.644    -3.080 11337480 0 0 2 101
t1   18   49    32.939    13.644    -3.080 11337480 0 0 4 4
t1   20   49    35.653     0.000    -3.080 11337480 0 0 5 4
t1   23   49    29.644   -19.808    -3.080 11337480 0 0 6 101
t1   26   49    13.644   -32.939    -3.080 11337480 0 0 8 4
t1   12   49     0.000    35.653    -3.080 11337480 0 0 1 4
t1   15   49    19.808    29.644    -3.080 11337480 0 0 2 101
t1   18   49    32.939    13.644    -3.080 11337480 0 0 4 4
t1   20   49    35.653     0.000    -3.080 11337480 0 0 5 4
t1   23   49    29.644   -19.808    -3.080 11337480 0 0 6 101
t1   26   49    13.644   -32.939    -3.080 11337480 0 0 8 4
t1   12   49     0.000    35.653    -3.080 11337480 0 0 1 4
t1   15   49    19.808    29.644    -3.080 11337480 0 0 2 101
t1   18   49    32.939    13.644    -3.080 11337480 0 0 4 4
t1   20   49    35.653     0.000    -3.080 11337480 0 0 5 4
t1   23   49    29.644   -19.808    -3.080 11337480 0 0 6 101
t1   26   49    13.644   -32.939    -3.080 11337480 0 0 8 4
t1   12   49     0.000    35.653    -3.080 11337480 0 0 1 4
t1   15   49    19.808    29.644    -3.080 11337480 0 0 2 101
t1   18   49    32.939    13.644    -3.080 11337480 0 0 4 4
t1   20   49    35.653     0.000    -3.080 11337480 0 0 5 4
t1   23   49    29.644   -19.808    -3.080 11337480 0 0 6 101
t1   26   49    13.644   -32.939    -3.080 11337480 0 0 8 4
t1   12   49     0.000    35.653    -3.080 11337480 0 0 1 4
t1   15   49    19.808    29.644    -3.080 11337480 0 0 2 101
t1   19   50    35.681     7.097    -5.991 12779272 0 0 4 102
t1   21   50    35.681    -7.097    -5.991 12779272 0 0 5 102
t1   24   50    25.725   -25.725    -5.991 12779272 0 0 7 3
t1   27   50     7.097   -35.681    -5.991 16777215 0 0 8 102
t1   13   50     7.097    35.681    -5.991 12779272 0 0 1 102
t1   16   50    25.725    25.725    -5.991 16777215 0 0 3 3
t1   19   50    35.681     7.097    -5.991 12779272 0 0 4 102
t1   21   50    35.681    -7.097    -5.991 12779272 0 0 5 102
t1   24   50    25.725   -25.725    -5.991 12779272 0 0 7 3
t1   27   50     7.097   -35.681    -5.991 12779272 0 0 8 102
t1   13   50     7.097    35.681    -5.991 12779272 0 0 1 102
t1   16   50    25.725    25.725    -5.991 12779272 0 0 3 3
t1   19   50    35.681     7.097    -5.991 12779272 0 0 4 102
t1   21   50    35.681    -7.097    -5.991 12779272 0 0 5 102
t1   24   50    25.725   -25.725    -5.991 12779272 0 0 7 3
t1   27   50     7.097   -35.681    -5.991 12779272 0 0 8 102
t1   13   50     7.097    35.681    -5.991 12779272 0 0 1 102
t1   16   50    25.725    25.725    -5.991 12779272 0 0 3 3
t1   19   50    35.681     7.097    -5.991 12779272 0 0 4 102
t1   21   50    35.681    -7.097    -5.991 12779272 0 0 5 102
t1   24   50    25.725   -25.725    -5.991 12779272 0 0 7 3
t1   27   50     7.097   -35.681    -5.991 16777215 0 0 8 102
t1   13   50     7.097    35.681    -5.991 12779272 0 0 1 102
t1   16   50    25.725    25.725    -5.991 12779272 0 0 3 3
t1   19   50    35.681     7.097    -5.991 12779272 0 0 4 102
t1   21   50    35.681    -7.097    -5.991 16777215 0 0 5 102
t1   24   50    25.725   -25.725    -5.991 12779272 0 0 7 3
t1   27   50     7.097   -35.681    -5.991 12779272 0 0 8 102
t1   13   50     7.097    35.681    -5.991 12779272 0 0 1 102
t1   16   50    25.725    25.725    -5.991 12779272 0 0 3 3
t1   20   51    37.108     0.000    -8.901 16777215 0 0 5 2
t1   22   51    34.283   -14.201    -8.901 16777215 0 0 6 2
t1   25   51    20.616   -30.854    -8.901 14286600 0 0 7 103
t1   14   51    14.201    34.283    -8.901 14286600 0 0 2 2
t1   17   51    30.854    20.616    -8.901 14286600 0 0 3 103
t1   20   51    37.108     0.000    -8.901 14286600 0 0 5 2
t1   22   51    34.283   -14.201    -8.901 14286600 0 0 6 2
t1   25   51    20.616   -30.854    -8.901 14286600 0 0 7 103
t1   14   51    14.201    34.283    -8.901 14286600 0 0 2 2
t1   17   51    30.854    20.616    -8.901 14286600 0 0 3 103
t1   20   51    37.108     0.000    -8.901 14286600 0 0 5 2
t1   22   51    34.283   -14.201    -8.901 14286600 0 0 6 2
t1   25   51    20.616   -30.854    -8.901 14286600 0 0 7 103
t1   14   51    14.201    34.283    -8.901 14286600 0 0 2 2
t1   17   51    30.854    20.616    -8.901 14286600 0 0 3 103
t1   20   51    37.108     0.000    -8.901 14286600 0 0 5 2
t1   22   51    34.283   -14.201    -8.901 14286600 0 0 6 2
t1   25   51    20.616   -30.854    -8.901 14286600 0 0 7 103
t1   14   51    14.201    34.283    -8.901 16777215 0 0 2 2
t1   17   51    30.854    20.616    -8.901 14286600 0 0 3 103
t1   20   51    37.108     0.000    -8.901 14286600 0 0 5 2
t1   22   51    34.283   -14.201    -8.901 14286600 0 0 6 2
t1   25   51    20.616   -30.854    -8.901 14286600 0 0 7 103
t1   14   51    14.201    34.283    -8.901 14286600 0 0 2 2
t1   17   51    30.854    20.616    -8.901 14286600 0 0 3 103
t1   20   51    37.108     0.000    -8.901 14286600 0 0 5 2
t1   22   51    34.283   -14.201    -8.901 14286600 0 0 6 2
t1   25   51    20.616   -30.854    -8.901 14286600 0 0 7 103
t1   14   51    14.201    34.283    -8.901 16777215 0 0 2 2
t1   17   51    30.854    20.616    -8.901 16777215 0 0 3 103
t1   21   52    37.109    -7.381   -11.812 15728392 0 0 5 104
t1   23   52    31.459   -21.020   -11.812 15728392 0 0 6 104
t1   26   52    14.479   -34.955   -11.812 15728392 0 0 8 1
t1   12   52     0.000    37.836   -11.812 15728392 0 0 1 1
t1   15   52    21.020    31.459   -11.812 15728392 0 0 2 104
t1   18   52    34.955    14.479   -11.812 15728392 0 0 4 1
t1   21   52    37.109    -7.381   -11.812 15728392 0 0 5 104
t1   23   52    31.459   -21.020   -11.812 15728392 0 0 6 104
t1   26   52    14.479   -34.955   -11.812 15728392 0 0 8 1
t1   12   52     0.000    37.836   -11.812 16777215 0 0 1 1
t1   15   52    21.020    31.459   -11.812 15728392 0 0 2 104
t1   18   52    34.955    14.479   -11.812 15728392 0 0 4 1
t1   21   52    37.109    -7.381   -11.812 15728392 0 0 5 104
t1   23   52    31.459   -21.020   -11.812 15728392 0 0 6 104
t1   26   52    14.479   -34.955   -11.812 15728392 0 0 8 1
t1   12   52     0.000    37.836   -11.812 15728392 0 0 1 1
t1   15   52    21.020    31.459   -11.812 15728392 0 0 2 104
t1   18   52    34.955    14.479   -11.812 15728392 0 0 4 1
t1   21   52    37.109    -7.381   -11.812 15728392 0 0 5 104
t1   23   52    31.459   -21.020   -11.812 15728392 0 0 6 104
t1   26   52    14.479   -34.955   -11.812 15728392 0 0 8 1
t1   12   52     0.000    37.836   -11.812 15728392 0 0 1 1
t1   15   52    21.020    31.459   -11.812 15728392 0 0 2 104
t1   18   52    34.955    14.479   -11.812 15728392 0 0 4 1
t1   21   52    37.109    -7.381   -11.812 15728392 0 0 5 104
t1   23   52    31.459   -21.020   -11.812 15728392 0 0 6 104
t1   26   52    14.479   -34.955   -11.812 15728392 0 0 8 1
t1   12   52     0.000    37.836   -11.812 15728392 0 0 1 1
t1   15   52    21.020    31.459   -11.812 15728392 0 0 2 104
t1   18   52    34.955    14.479   -11.812 15728392 0 0 4 1
