#    workspaces/2/AA12+SEAN33_d_31.dat
t1   19    1     0.000     0.728   168.820 16713041 0 0 1 64
t1   23    1     0.364     0.630   168.820 16713041 0 0 3 64
t1   28    1     0.672     0.278   168.820 16713041 0 0 5 65
t1   32    1     0.721    -0.095   168.820 16777215 0 0 7 65
t1   36    1     0.577    -0.443   168.820 16713041 0 0 9 65
t1   41    1     0.188    -0.703   168.820 16713041 0 0 12 64
t1   19    1     0.000     0.728   168.820 16777215 0 0 1 64
t1   23    1     0.364     0.630   168.820 16713041 0 0 3 64
t1   28    1     0.672     0.278   168.820 16713041 0 0 5 65
t1   32    1     0.721    -0.095   168.820 16713041 0 0 7 65
t1   36    1     0.577    -0.443   168.820 16713041 0 0 9 65
t1   41    1     0.188    -0.703   168.820 16713041 0 0 12 64
t1   20    2     0.190     1.443   165.909 16713060 0 0 1 66
t1   24    2     0.886     1.154   165.909 16713060 0 0 3 66
t1   29    2     1.406     0.377   165.909 16713060 0 0 6 63
t1   33    2     1.406    -0.377   165.909 16713060 0 0 8 63
t1   37    2     1.029    -1.029   165.909 16713060 0 0 10 63
t1   42    2     0.190    -1.443   165.909 16713060 0 0 12 66
t1   21    3     0.565     2.108   162.999 16713078 0 0 2 62
t1   25    3     1.543     1.543   162.999 16713078 0 0 4 62
t1   30    3     2.164     0.285   162.999 16713078 0 0 6 67
t1   34    3     2.017    -0.835   162.999 16713078 0 0 8 67
t1   38    3     1.329    -1.732   162.999 16713078 0 0 10 67
t1   21    3     0.565     2.108   162.999 16713078 0 0 2 62
t1   25    3     1.543     1.543   162.999 16713078 0 0 4 62
t1   30    3     2.164     0.285   162.999 16713078 0 0 6 67
t1   34    3     2.017    -0.835   162.999 16713078 0 0 8 67
t1   38    3     1.329    -1.732   162.999 16777215 0 0 10 67
t1   22    4     1.114     2.689   160.088 16713097 0 0 2 68
t1   26    4     2.309     1.772   160.088 16713097 0 0 4 68
t1   31    4     2.910     0.000   160.088 16713097 0 0 7 61
t1   35    4     2.521    -1.455   160.088 16713097 0 0 9 61
t1   39    4     1.455    -2.521   160.088 16713097 0 0 11 61
t1   19    5     0.000     3.638   157.178 16713115 0 0 1 60
t1   23    5     1.819     3.151   157.178 16713115 0 0 3 60
t1   27    5     3.151     1.819   157.178 16713115 0 0 5 60
t1   32    5     3.607    -0.475   157.178 16713115 0 0 7 69
t1   36    5     2.886    -2.215   157.178 16713115 0 0 9 69
t1   40    5     1.392    -3.361   157.178 16713115 0 0 11 69
t1   19    5     0.000     3.638   157.178 16713115 0 0 1 60
t1   23    5     1.819     3.151   157.178 16713115 0 0 3 60
t1   27    5     3.151     1.819   157.178 16713115 0 0 5 60
t1   32    5     3.607    -0.475   157.178 16713115 0 0 7 69
t1   36    5     2.886    -2.215   157.178 16713115 0 0 9 69
t1   40    5     1.392    -3.361   157.178 16777215 0 0 11 69
t1   20    6     0.570     4.328   154.267 16713133 0 0 1 70
t1   24    6     2.658     3.463   154.267 16713133 0 0 3 70
t1   28    6     4.033     1.671   154.267 16713133 0 0 5 70
t1   33    6     4.217    -1.130   154.267 16713133 0 0 8 59
t1   37    6     3.087    -3.087   154.267 16713133 0 0 10 59
t1   41    6     1.130    -4.217   154.267 16713133 0 0 12 59
t1   21    7     1.318     4.920   151.357 16713152 0 0 2 58
t1   25    7     3.601     3.601   151.357 16713152 0 0 4 58
t1   29    7     4.920     1.318   151.357 16713152 0 0 6 58
t1   34    7     4.706    -1.949   151.357 16713152 0 0 8 71
t1   38    7     3.101    -4.041   151.357 16713152 0 0 10 71
t1   42    7     0.665    -5.050   151.357 16713152 0 0 12 71
t1   21    7     1.318     4.920   151.357 16713152 0 0 2 58
t1   25    7     3.601     3.601   151.357 16713152 0 0 4 58
t1   29    7     4.920     1.318   151.357 16713152 0 0 6 58
t1   34    7     4.706    -1.949   151.357 16713152 0 0 8 71
t1   38    7     3.101    -4.041   151.357 16713152 0 0 10 71
t1   42    7     0.665    -5.050   151.357 16713152 0 0 12 71
t1   22    8     2.228     5.378   148.447 16713170 0 0 2 72
t1   26    8     4.618     3.544   148.447 16713170 0 0 4 72
t1   30    8     5.771     0.760   148.447 16777215 0 0 6 72
t1   35    8     5.041    -2.910   148.447 16713170 0 0 9 57
t1   39    8     2.910    -5.041   148.447 16713170 0 0 11 57
t1   23    9     3.274     5.671   145.536 16713188 0 0 3 56
t1   27    9     5.671     3.274   145.536 16713188 0 0 5 56
t1   31    9     6.548     0.000   145.536 16713188 0 0 7 56
t1   36    9     5.195    -3.986   145.536 16713188 0 0 9 73
t1   40    9     2.506    -6.050   145.536 16713188 0 0 11 73
t1   23    9     3.274     5.671   145.536 16713188 0 0 3 56
t1   27    9     5.671     3.274   145.536 16777215 0 0 5 56
t1   31    9     6.548     0.000   145.536 16713188 0 0 7 56
t1   36    9     5.195    -3.986   145.536 16713188 0 0 9 73
t1   40    9     2.506    -6.050   145.536 16713188 0 0 11 73
t1   19   10     0.000     7.276   142.626 16713207 0 0 1 55
t1   24   10     4.429     5.772   142.626 16713207 0 0 3 74
t1   28   10     6.722     2.784   142.626 16713207 0 0 5 74
t1   32   10     7.214    -0.950   142.626 16713207 0 0 7 74
t1   37   10     5.145    -5.145   142.626 16713207 0 0 10 55
t1   41   10     1.883    -7.028   142.626 16713207 0 0 12 55
t1   20   11     1.045     7.935   139.715 16058111 0 0 1 75
t1   25   11     5.659     5.659   139.715 16777215 0 0 4 54
t1   29   11     7.731     2.072   139.715 16058111 0 0 6 54
t1   33   11     7.731    -2.072   139.715 16058111 0 0 8 54
t1   38   11     4.872    -6.350   139.715 16058111 0 0 10 75
t1   42   11     1.045    -7.935   139.715 16058111 0 0 12 75
t1   20   11     1.045     7.935   139.715 16058111 0 0 1 75
t1   25   11     5.659     5.659   139.715 16058111 0 0 4 54
t1   29   11     7.731     2.072   139.715 16058111 0 0 6 54
t1   33   11     7.731    -2.072   139.715 16058111 0 0 8 54
t1   38   11     4.872    -6.350   139.715 16058111 0 0 10 75
t1   42   11     1.045    -7.935   139.715 16058111 0 0 12 75
t1   21   12     2.260     8.434   136.805 16777215 0 0 2 53
t1   26   12     6.927     5.315   136.805 14878463 0 0 4 76
t1   30   12     8.657     1.140   136.805 16777215 0 0 6 76
t1   34   12     8.067    -3.341   136.805 14878463 0 0 8 76
t1   39   12     4.366    -7.562   136.805 16777215 0 0 11 53
t1   22   13     3.620     8.739   133.894 13633279 0 0 2 77
t1   27   13     8.192     4.729   133.894 13633279 0 0 5 52
t1   31   13     9.459     0.000   133.894 13633279 0 0 7 52
t1   35   13     8.192    -4.729   133.894 13633279 0 0 9 52
t1   40   13     3.620    -8.739   133.894 13633279 0 0 11 77
t1   22   13     3.620     8.739   133.894 13633279 0 0 2 77
t1   27   13     8.192     4.729   133.894 13633279 0 0 5 52
t1   31   13     9.459     0.000   133.894 13633279 0 0 7 52
t1   35   13     8.192    -4.729   133.894 13633279 0 0 9 52
t1   40   13     3.620    -8.739   133.894 13633279 0 0 11 77
t1   19   14     0.000    10.186   130.984 12453631 0 0 1 51
t1   23   14     5.093     8.822   130.984 12453631 0 0 3 51
t1   28   14     9.411     3.898   130.984 12453631 0 0 5 78
t1   32   14    10.099    -1.330   130.984 16777215 0 0 7 78
t1   36   14     8.081    -6.201   130.984 12453631 0 0 9 78
t1   41   14     2.636    -9.839   130.984 12453631 0 0 12 51
t1   20   15     1.425    10.821   128.074 11273983 0 0 1 79
t1   24   15     6.644     8.659   128.074 11273983 0 0 3 79
t1   29   15    10.542     2.825   128.074 11273983 0 0 6 50
t1   33   15    10.542    -2.825   128.074 11273983 0 0 8 50
t1   37   15     7.717    -7.717   128.074 11273983 0 0 10 50
t1   42   15     1.425   -10.821   128.074 11273983 0 0 12 79
t1   20   15     1.425    10.821   128.074 11273983 0 0 1 79
t1   24   15     6.644     8.659   128.074 16777215 0 0 3 79
t1   29   15    10.542     2.825   128.074 11273983 0 0 6 50
t1   33   15    10.542    -2.825   128.074 11273983 0 0 8 50
t1   37   15     7.717    -7.717   128.074 11273983 0 0 10 50
t1   42   15     1.425   -10.821   128.074 11273983 0 0 12 79
t1   21   16     3.013    11.245   125.163 10028799 0 0 2 49
t1   25   16     8.232     8.232   125.163 10028799 0 0 4 49
t1   30   16    11.542     1.520   125.163 10028799 0 0 6 80
t1   34   16    10.756    -4.455   125.163 10028799 0 0 8 80
t1   38   16     7.087    -9.236   125.163 10028799 0 0 10 80
t1   22   17     4.734    11.428   122.253 8849151 0 0 2 81
t1   26   17     9.813     7.530   122.253 8849151 0 0 4 81
t1   31   17    12.369     0.000   122.253 8849151 0 0 7 48
t1   35   17    10.712    -6.185   122.253 8849151 0 0 9 48
t1   39   17     6.185   -10.712   122.253 8849151 0 0 11 48
t1   22   17     4.734    11.428   122.253 8849151 0 0 2 81
t1   26   17     9.813     7.530   122.253 16777215 0 0 4 81
t1   31   17    12.369     0.000   122.253 8849151 0 0 7 48
t1   35   17    10.712    -6.185   122.253 8849151 0 0 9 48
t1   39   17     6.185   -10.712   122.253 8849151 0 0 11 48
t1   19   18     0.000    13.097   119.342 7669503 0 0 1 47
t1   23   18     6.548    11.342   119.342 7669503 0 0 3 47
t1   27   18    11.342     6.548   119.342 7669503 0 0 5 47
t1   32   18    12.985    -1.709   119.342 7669503 0 0 7 82
t1   36   18    10.390    -7.973   119.342 16777215 0 0 9 82
t1   40   18     5.012   -12.100   119.342 7669503 0 0 11 82
t1   20   19     1.804    13.706   116.432 6424319 0 0 1 83
t1   24   19     8.416    10.968   116.432 6424319 0 0 3 83
t1   28   19    12.772     5.290   116.432 6424319 0 0 5 83
t1   33   19    13.353    -3.578   116.432 6424319 0 0 8 46
t1   37   19     9.775    -9.775   116.432 6424319 0 0 10 46
t1   41   19     3.578   -13.353   116.432 6424319 0 0 12 46
t1   20   19     1.804    13.706   116.432 6424319 0 0 1 83
t1   24   19     8.416    10.968   116.432 6424319 0 0 3 83
t1   28   19    12.772     5.290   116.432 6424319 0 0 5 83
t1   33   19    13.353    -3.578   116.432 6424319 0 0 8 46
t1   37   19     9.775    -9.775   116.432 6424319 0 0 10 46
t1   41   19     3.578   -13.353   116.432 6424319 0 0 12 46
t1   21   20     3.766    14.056   113.521 5244671 0 0 2 45
t1   25   20    10.290    10.290   113.521 5244671 0 0 4 45
t1   29   20    14.056     3.766   113.521 5244671 0 0 6 45
t1   34   20    13.444    -5.569   113.521 5244671 0 0 8 84
t1   38   20     8.859   -11.545   113.521 5244671 0 0 10 84
t1   42   20     1.899   -14.428   113.521 5244671 0 0 12 84
t1   22   21     5.847    14.117   110.611 16777215 0 0 2 85
t1   26   21    12.122     9.302   110.611 16777215 0 0 4 85
t1   30   21    15.149     1.994   110.611 4065023 0 0 6 85
t1   35   21    13.233    -7.640   110.611 4065023 0 0 9 44
t1   39   21     7.640   -13.233   110.611 4065023 0 0 11 44
t1   22   21     5.847    14.117   110.611 4065023 0 0 2 85
t1   26   21    12.122     9.302   110.611 4065023 0 0 4 85
t1   30   21    15.149     1.994   110.611 4065023 0 0 6 85
t1   35   21    13.233    -7.640   110.611 4065023 0 0 9 44
t1   39   21     7.640   -13.233   110.611 4065023 0 0 11 44
t1   23   22     8.004    13.863   107.701 2885375 0 0 3 43
t1   27   22    13.863     8.004   107.701 2885375 0 0 5 43
t1   31   22    16.007     0.000   107.701 2885375 0 0 7 43
t1   36   22    12.699    -9.745   107.701 2885375 0 0 9 86
t1   40   22     6.126   -14.789   107.701 2885375 0 0 11 86
t1   24   23    10.188    13.277   104.790 1640191 0 0 3 87
t1   28   23    15.461     6.404   104.790 1640191 0 0 5 87
t1   32   23    16.592    -2.184   104.790 16777215 0 0 7 87
t1   37   23    11.833   -11.833   104.790 1640191 0 0 10 42
t1   41   23     4.331   -16.165   104.790 1640191 0 0 12 42
t1   19   23     0.000    16.735   104.790 1640191 0 0 1 42
t1   24   23    10.188    13.277   104.790 1640191 0 0 3 87
t1   28   23    15.461     6.404   104.790 16777215 0 0 5 87
t1   32   23    16.592    -2.184   104.790 1640191 0 0 7 87
t1   37   23    11.833   -11.833   104.790 1640191 0 0 10 42
t1   41   23     4.331   -16.165   104.790 1640191 0 0 12 42
t1   19   23     0.000    16.735   104.790 1640191 0 0 1 42
t1   25   24    12.348    12.348   101.880 460543 0 0 4 41
t1   29   24    16.868     4.520   101.880 460543 0 0 6 41
t1   33   24    16.868    -4.520   101.880 460543 0 0 8 41
t1   38   24    10.631   -13.854   101.880 460543 0 0 10 88
t1   42   24     2.279   -17.313   101.880 460543 0 0 12 88
t1   20   24     2.279    17.313   101.880 460543 0 0 1 88
t1   26   25    14.431    11.073    98.969 399359 0 0 4 89
t1   30   25    18.035     2.374    98.969 399359 0 0 6 89
t1   34   25    16.806    -6.961    98.969 16777215 0 0 8 89
t1   39   25     9.095   -15.753    98.969 399359 0 0 11 40
t1   21   25     4.708    17.570    98.969 399359 0 0 2 40
t1   26   25    14.431    11.073    98.969 399359 0 0 4 89
t1   30   25    18.035     2.374    98.969 399359 0 0 6 89
t1   34   25    16.806    -6.961    98.969 399359 0 0 8 89
t1   39   25     9.095   -15.753    98.969 399359 0 0 11 40
t1   21   25     4.708    17.570    98.969 399359 0 0 2 40
t1   27   26    16.383     9.459    96.059 404223 0 0 5 39
t1   31   26    18.918     0.000    96.059 404223 0 0 7 39
t1   35   26    16.383    -9.459    96.059 404223 0 0 9 39
t1   40   26     7.240   -17.478    96.059 404223 0 0 11 90
t1   22   26     7.240    17.478    96.059 404223 0 0 2 90
t1   28   27    18.150     7.518    93.148 408831 0 0 5 91
t1   32   27    19.477    -2.564    93.148 408831 0 0 7 91
t1   36   27    15.586   -11.959    93.148 408831 0 0 9 91
t1   41   27     5.085   -18.976    93.148 408831 0 0 12 38
t1   19   27     0.000    19.645    93.148 408831 0 0 1 38
t1   23   27     9.823    17.013    93.148 408831 0 0 3 38
t1   28   27    18.150     7.518    93.148 408831 0 0 5 91
t1   32   27    19.477    -2.564    93.148 408831 0 0 7 91
t1   36   27    15.586   -11.959    93.148 408831 0 0 9 91
t1   41   27     5.085   -18.976    93.148 408831 0 0 12 38
t1   19   27     0.000    19.645    93.148 408831 0 0 1 38
t1   23   27     9.823    17.013    93.148 408831 0 0 3 38
t1   29   28    19.679     5.273    90.238 413439 0 0 6 37
t1   33   28    19.679    -5.273    90.238 413439 0 0 8 37
t1   37   28    14.406   -14.406    90.238 413439 0 0 10 37
t1   42   28     2.659   -20.199    90.238 413439 0 0 12 92
t1   20   28     2.659    20.199    90.238 413439 0 0 1 92
t1   24   28    12.402    16.163    90.238 413439 0 0 3 92
t1   30   29    20.920     2.754    87.328 418303 0 0 6 93
t1   34   29    19.494    -8.075    87.328 418303 0 0 8 93
t1   38   29    12.845   -16.740    87.328 418303 0 0 10 93
t1   21   29     5.461    20.382    87.328 418303 0 0 2 36
t1   25   29    14.920    14.920    87.328 418303 0 0 4 36
t1   30   29    20.920     2.754    87.328 418303 0 0 6 93
t1   34   29    19.494    -8.075    87.328 418303 0 0 8 93
t1   38   29    12.845   -16.740    87.328 418303 0 0 10 93
t1   21   29     5.461    20.382    87.328 418303 0 0 2 36
t1   25   29    14.920    14.920    87.328 418303 0 0 4 36
t1   31   30    21.828     0.000    84.417 422911 0 0 7 35
t1   35   30    18.904   -10.914    84.417 422911 0 0 9 35
t1   39   30    10.914   -18.904    84.417 422911 0 0 11 35
t1   22   30     8.353    20.167    84.417 422911 0 0 2 94
t1   26   30    17.317    13.288    84.417 422911 0 0 4 94
t1   32   31    22.363    -2.944    81.507 427519 0 0 7 95
t1   36   31    17.895   -13.731    81.507 16777215 0 0 9 95
t1   40   31     8.632   -20.839    81.507 427519 0 0 11 95
t1   23   31    11.278    19.534    81.507 427519 0 0 3 34
t1   27   31    19.534    11.278    81.507 427519 0 0 5 34
t1   32   31    22.363    -2.944    81.507 427519 0 0 7 95
t1   36   31    17.895   -13.731    81.507 427519 0 0 9 95
t1   40   31     8.632   -20.839    81.507 427519 0 0 11 95
t1   23   31    11.278    19.534    81.507 16777215 0 0 3 34
t1   27   31    19.534    11.278    81.507 16777215 0 0 5 34
t1   33   32    22.490    -6.026    78.596 497919 0 0 8 33
t1   37   32    16.464   -16.464    78.596 497919 0 0 10 33
t1   41   32     6.026   -22.490    78.596 497919 0 0 12 33
t1   19   32     0.000    23.283    78.596 497919 0 0 1 33
t1   24   32    14.174    18.472    78.596 497919 0 0 3 96
t1   28   32    21.511     8.910    78.596 497919 0 0 5 96
t1   34   33    22.183    -9.189    75.686 502527 0 0 8 97
t1   38   33    14.617   -19.049    75.686 502527 0 0 10 97
t1   42   33     3.134   -23.806    75.686 502527 0 0 12 97
t1   20   33     3.134    23.806    75.686 502527 0 0 1 97
t1   25   33    16.978    16.978    75.686 502527 0 0 4 32
t1   29   33    23.193     6.215    75.686 502527 0 0 6 32
t1   34   33    22.183    -9.189    75.686 502527 0 0 8 97
t1   38   33    14.617   -19.049    75.686 502527 0 0 10 97
t1   42   33     3.134   -23.806    75.686 502527 0 0 12 97
t1   20   33     3.134    23.806    75.686 502527 0 0 1 97
t1   25   33    16.978    16.978    75.686 502527 0 0 4 32
t1   29   33    23.193     6.215    75.686 502527 0 0 6 32
t1   35   34    21.424   -12.369    72.775 16777215 0 0 9 31
t1   39   34    12.369   -21.424    72.775 507135 0 0 11 31
t1   21   34     6.403    23.896    72.775 507135 0 0 2 31
t1   26   34    19.626    15.060    72.775 507135 0 0 4 98
t1   30   34    24.527     3.229    72.775 507135 0 0 6 98
t1   36   35    20.204   -15.503    69.865 16777215 0 0 9 99
t1   40   35     9.746   -23.528    69.865 16777215 0 0 11 99
t1   22   35     9.746    23.528    69.865 511743 0 0 2 99
t1   27   35    22.054    12.733    69.865 511743 0 0 5 30
t1   31   35    25.466     0.000    69.865 511743 0 0 7 30
t1   36   35    20.204   -15.503    69.865 16777215 0 0 9 99
t1   40   35     9.746   -23.528    69.865 511743 0 0 11 99
t1   22   35     9.746    23.528    69.865 511743 0 0 2 99
t1   27   35    22.054    12.733    69.865 511743 0 0 5 30
t1   31   35    25.466     0.000    69.865 511743 0 0 7 30
t1   37   36    18.522   -18.522    66.955 516607 0 0 10 29
t1   41   36     6.779   -25.301    66.955 516607 0 0 12 29
t1   19   36     0.000    26.194    66.955 16777215 0 0 1 29
t1   23   36    13.097    22.685    66.955 516607 0 0 3 29
t1   28   36    24.200    10.024    66.955 516607 0 0 5 100
t1   32   36    25.970    -3.419    66.955 516607 0 0 7 100
t1   38   37    16.389   -21.358    64.044 521215 0 0 10 101
t1   42   37     3.514   -26.691    64.044 521215 0 0 12 101
t1   20   37     3.514    26.691    64.044 521215 0 0 1 101
t1   24   37    16.389    21.358    64.044 521215 0 0 3 101
t1   29   37    26.004     6.968    64.044 521215 0 0 6 28
t1   33   37    26.004    -6.968    64.044 521215 0 0 8 28
t1   38   37    16.389   -21.358    64.044 521215 0 0 10 101
t1   42   37     3.514   -26.691    64.044 521215 0 0 12 101
t1   20   37     3.514    26.691    64.044 521215 0 0 1 101
t1   24   37    16.389    21.358    64.044 521215 0 0 3 101
t1   29   37    26.004     6.968    64.044 521215 0 0 6 28
t1   33   37    26.004    -6.968    64.044 521215 0 0 8 28
t1   39   38    13.825   -23.945    61.134 524281 0 0 11 27
t1   21   38     7.156    26.707    61.134 524281 0 0 2 27
t1   25   38    19.551    19.551    61.134 524281 0 0 4 27
t1   30   38    27.413     3.609    61.134 524281 0 0 6 102
t1   34   38    25.544   -10.581    61.134 524281 0 0 8 102
t1   40   39    10.859   -26.217    58.223 524263 0 0 11 103
t1   22   39    10.859    26.217    58.223 524263 0 0 2 103
t1   26   39    22.513    17.275    58.223 524263 0 0 4 103
t1   31   39    28.377     0.000    58.223 524263 0 0 7 26
t1   35   39    24.575   -14.188    58.223 524263 0 0 9 26
t1   40   39    10.859   -26.217    58.223 524263 0 0 11 103
t1   22   39    10.859    26.217    58.223 16777215 0 0 2 103
t1   26   39    22.513    17.275    58.223 524263 0 0 4 103
t1   31   39    28.377     0.000    58.223 524263 0 0 7 26
t1   35   39    24.575   -14.188    58.223 524263 0 0 9 26
t1   41   40     7.533   -28.113    55.313 16777215 0 0 12 25
t1   19   40     0.000    29.104    55.313 524244 0 0 1 25
t1   23   40    14.552    25.205    55.313 524244 0 0 3 25
t1   27   40    25.205    14.552    55.313 524244 0 0 5 25
t1   32   40    28.855    -3.799    55.313 524244 0 0 7 104
t1   36   40    23.090   -17.718    55.313 524244 0 0 9 104
t1   42   41     3.894   -29.577    52.402 524226 0 0 12 105
t1   20   41     3.894    29.577    52.402 524226 0 0 1 105
t1   24   41    18.160    23.667    52.402 524226 0 0 3 105
t1   28   41    27.561    11.416    52.402 524226 0 0 5 105
t1   33   41    28.815    -7.721    52.402 524226 0 0 8 24
t1   37   41    21.094   -21.094    52.402 524226 0 0 10 24
t1   42   41     3.894   -29.577    52.402 524226 0 0 12 105
t1   20   41     3.894    29.577    52.402 524226 0 0 1 105
t1   24   41    18.160    23.667    52.402 524226 0 0 3 105
t1   28   41    27.561    11.416    52.402 524226 0 0 5 105
t1   33   41    28.815    -7.721    52.402 524226 0 0 8 24
t1   37   41    21.094   -21.094    52.402 524226 0 0 10 24
t1   21   42     7.909    29.518    49.492 16777215 0 0 2 23
t1   25   42    21.609    21.609    49.492 524208 0 0 4 23
t1   29   42    29.518     7.909    49.492 524208 0 0 6 23
t1   34   42    28.233   -11.695    49.492 524208 0 0 8 106
t1   38   42    18.603   -24.244    49.492 524208 0 0 10 106
t1   22   43    11.973    28.906    46.582 524190 0 0 2 107
t1   26   43    24.822    19.046    46.582 524190 0 0 4 107
t1   30   43    31.019     4.084    46.582 524190 0 0 6 107
t1   35   43    27.095   -15.644    46.582 524190 0 0 9 22
t1   39   43    15.644   -27.095    46.582 524190 0 0 11 22
t1   22   43    11.973    28.906    46.582 524190 0 0 2 107
t1   26   43    24.822    19.046    46.582 524190 0 0 4 107
t1   30   43    31.019     4.084    46.582 524190 0 0 6 107
t1   35   43    27.095   -15.644    46.582 524190 0 0 9 22
t1   39   43    15.644   -27.095    46.582 16777215 0 0 11 22
t1   23   44    16.007    27.726    43.671 524172 0 0 3 21
t1   27   44    27.726    16.007    43.671 524172 0 0 5 21
t1   31   44    32.015     0.000    43.671 524172 0 0 7 21
t1   36   44    25.399   -19.489    43.671 524172 0 0 9 108
t1   40   44    12.251   -29.578    43.671 524172 0 0 11 108
t1   19   45     0.000    32.742    40.761 524153 0 0 1 20
t1   24   45    19.932    25.976    40.761 524153 0 0 3 109
t1   28   45    30.250    12.530    40.761 524153 0 0 5 109
t1   32   45    32.462    -4.274    40.761 524153 0 0 7 109
t1   37   45    23.152   -23.152    40.761 524153 0 0 10 20
t1   41   45     8.474   -31.627    40.761 524153 0 0 12 20
t1   19   45     0.000    32.742    40.761 524153 0 0 1 20
t1   24   45    19.932    25.976    40.761 524153 0 0 3 109
t1   28   45    30.250    12.530    40.761 524153 0 0 5 109
t1   32   45    32.462    -4.274    40.761 524153 0 0 7 109
t1   37   45    23.152   -23.152    40.761 524153 0 0 10 20
t1   41   45     8.474   -31.627    40.761 524153 0 0 12 20
t1   20   46     4.369    33.184    37.850 524135 0 0 1 110
t1   25   46    23.667    23.667    37.850 16777215 0 0 4 19
t1   29   46    32.329     8.663    37.850 524135 0 0 6 19
t1   33   46    32.329    -8.663    37.850 524135 0 0 8 19
t1   38   46    20.375   -26.553    37.850 524135 0 0 10 110
t1   42   46     4.369   -33.184    37.850 524135 0 0 12 110
t1   21   47     8.851    33.032    34.940 524117 0 0 2 18
t1   26   47    27.131    20.818    34.940 524117 0 0 4 111
t1   30   47    33.905     4.464    34.940 524117 0 0 6 111
t1   34   47    31.594   -13.087    34.940 524117 0 0 8 111
t1   39   47    17.099   -29.616    34.940 16777215 0 0 11 18
t1   21   47     8.851    33.032    34.940 524117 0 0 2 18
t1   26   47    27.131    20.818    34.940 524117 0 0 4 111
t1   30   47    33.905     4.464    34.940 524117 0 0 6 111
t1   34   47    31.594   -13.087    34.940 524117 0 0 8 111
t1   39   47    17.099   -29.616    34.940 524117 0 0 11 18
t1   22   48    13.365    32.267    32.030 524099 0 0 2 112
t1   27   48    30.246    17.463    32.030 524099 0 0 5 17
t1   31   48    34.925     0.000    32.030 524099 0 0 7 17
t1   35   48    30.246   -17.463    32.030 524099 0 0 9 17
t1   40   48    13.365   -32.267    32.030 524099 0 0 11 112
t1   19   49     0.000    35.653    29.119 524081 0 0 1 16
t1   23   49    17.826    30.876    29.119 524081 0 0 3 16
t1   28   49    32.939    13.644    29.119 524081 0 0 5 113
t1   32   49    35.348    -4.654    29.119 524081 0 0 7 113
t1   36   49    28.285   -21.704    29.119 524081 0 0 9 113
t1   41   49     9.228   -34.438    29.119 524081 0 0 12 16
t1   19   49     0.000    35.653    29.119 524081 0 0 1 16
t1   23   49    17.826    30.876    29.119 524081 0 0 3 16
t1   28   49    32.939    13.644    29.119 524081 0 0 5 113
t1   32   49    35.348    -4.654    29.119 524081 0 0 7 113
t1   36   49    28.285   -21.704    29.119 524081 0 0 9 113
t1   41   49     9.228   -34.438    29.119 524081 0 0 12 16
t1   20   50     4.749    36.069    26.209 524063 0 0 1 114
t1   24   50    22.147    28.862    26.209 524063 0 0 3 114
t1   29   50    35.141     9.416    26.209 524063 0 0 6 15
t1   33   50    35.141    -9.416    26.209 524063 0 0 8 15
t1   37   50    25.725   -25.725    26.209 16777215 0 0 10 15
t1   42   50     4.749   -36.069    26.209 524063 0 0 12 114
t1   21   51     9.604    35.844    23.298 524044 0 0 2 14
t1   25   51    26.239    26.239    23.298 524044 0 0 4 14
t1   30   51    36.790     4.844    23.298 524044 0 0 6 115
t1   34   51    34.283   -14.201    23.298 524044 0 0 8 115
t1   38   51    22.590   -29.440    23.298 524044 0 0 10 115
t1   21   51     9.604    35.844    23.298 524044 0 0 2 14
t1   25   51    26.239    26.239    23.298 16777215 0 0 4 14
t1   30   51    36.790     4.844    23.298 524044 0 0 6 115
t1   34   51    34.283   -14.201    23.298 524044 0 0 8 115
t1   38   51    22.590   -29.440    23.298 16777215 0 0 10 115
t1   22   52    14.479    34.955    20.388 1441543 0 0 2 116
t1   26   52    30.017    23.033    20.388 1441543 0 0 4 116
t1   31   52    37.836     0.000    20.388 1441543 0 0 7 13
t1   35   52    32.767   -18.918    20.388 1441543 0 0 9 13
t1   39   52    18.918   -32.767    20.388 1441543 0 0 11 13
t1   19   53     0.000    38.563    17.477 2621191 0 0 1 12
t1   23   53    19.282    33.397    17.477 16777215 0 0 3 12
t1   27   53    33.397    19.282    17.477 2621191 0 0 5 12
t1   32   53    38.233    -5.034    17.477 2621191 0 0 7 117
t1   36   53    30.594   -23.476    17.477 2621191 0 0 9 117
t1   40   53    14.757   -35.628    17.477 2621191 0 0 11 117
t1   19   53     0.000    38.563    17.477 2621191 0 0 1 12
t1   23   53    19.282    33.397    17.477 2621191 0 0 3 12
t1   27   53    33.397    19.282    17.477 2621191 0 0 5 12
t1   32   53    38.233    -5.034    17.477 2621191 0 0 7 117
t1   36   53    30.594   -23.476    17.477 2621191 0 0 9 117
t1   40   53    14.757   -35.628    17.477 2621191 0 0 11 117
t1   20   54     5.128    38.955    14.567 3800840 0 0 1 118
t1   24   54    23.919    31.171    14.567 3800840 0 0 3 118
t1   28   54    36.300    15.036    14.567 3800840 0 0 5 118
t1   33   54    37.952   -10.169    14.567 3800840 0 0 8 11
t1   37   54    27.783   -27.783    14.567 3800840 0 0 10 11
t1   41   54    10.169   -37.952    14.567 3800840 0 0 12 11
t1   21   55    10.358    38.655    11.657 4980488 0 0 2 10
t1   25   55    28.297    28.297    11.657 4980488 0 0 4 10
t1   29   55    38.655    10.358    11.657 4980488 0 0 6 10
t1   34   55    36.972   -15.314    11.657 4980488 0 0 8 119
t1   38   55    24.362   -31.749    11.657 4980488 0 0 10 119
t1   42   55     5.223   -39.676    11.657 16777215 0 0 12 119
t1   21   55    10.358    38.655    11.657 4980488 0 0 2 10
t1   25   55    28.297    28.297    11.657 4980488 0 0 4 10
t1   29   55    38.655    10.358    11.657 4980488 0 0 6 10
t1   34   55    36.972   -15.314    11.657 4980488 0 0 8 119
t1   38   55    24.362   -31.749    11.657 4980488 0 0 10 119
t1   42   55     5.223   -39.676    11.657 4980488 0 0 12 119
t1   22   56    15.593    37.644     8.746 6225672 0 0 2 120
t1   26   56    32.326    24.805     8.746 6225672 0 0 4 120
t1   30   56    40.397     5.318     8.746 6225672 0 0 6 120
t1   35   56    35.287   -20.373     8.746 6225672 0 0 9 9
t1   39   56    20.373   -35.287     8.746 6225672 0 0 11 9
t1   23   57    20.737    35.917     5.836 7405320 0 0 3 8
t1   27   57    35.917    20.737     5.836 7405320 0 0 5 8
t1   31   57    41.474     0.000     5.836 16777215 0 0 7 8
t1   36   57    32.903   -25.248     5.836 7405320 0 0 9 121
t1   40   57    15.871   -38.317     5.836 7405320 0 0 11 121
t1   23   57    20.737    35.917     5.836 7405320 0 0 3 8
t1   27   57    35.917    20.737     5.836 7405320 0 0 5 8
t1   31   57    41.474     0.000     5.836 7405320 0 0 7 8
t1   36   57    32.903   -25.248     5.836 7405320 0 0 9 121
t1   40   57    15.871   -38.317     5.836 7405320 0 0 11 121
t1   19   58     0.000    42.201     2.925 8584968 0 0 1 7
t1   24   58    25.690    33.480     2.925 8584968 0 0 3 122
t1   28   58    38.989    16.150     2.925 8584968 0 0 5 122
t1   32   58    41.840    -5.508     2.925 8584968 0 0 7 122
t1   37   58    29.841   -29.841     2.925 8584968 0 0 10 7
t1   41   58    10.922   -40.763     2.925 8584968 0 0 12 7
t1   20   59     5.603    42.562     0.015 9764616 0 0 1 123
t1   25   59    30.355    30.355     0.015 16777215 0 0 4 6
t1   29   59    41.466    11.111     0.015 9764616 0 0 6 6
t1   33   59    41.466   -11.111     0.015 9764616 0 0 8 6
t1   38   59    26.133   -34.058     0.015 9764616 0 0 10 123
t1   42   59     5.603   -42.562     0.015 9764616 0 0 12 123
t1   20   59     5.603    42.562     0.015 9764616 0 0 1 123
t1   25   59    30.355    30.355     0.015 9764616 0 0 4 6
t1   29   59    41.466    11.111     0.015 9764616 0 0 6 6
t1   33   59    41.466   -11.111     0.015 9764616 0 0 8 6
t1   38   59    26.133   -34.058     0.015 9764616 0 0 10 123
t1   42   59     5.603   -42.562     0.015 9764616 0 0 12 123
t1   21   60    11.299    42.169    -2.896 10944264 0 0 2 5
t1   26   60    34.635    26.576    -2.896 10944264 0 0 4 124
t1   30   60    43.283     5.698    -2.896 10944264 0 0 6 124
t1   34   60    40.333   -16.707    -2.896 10944264 0 0 8 124
t1   39   60    21.828   -37.808    -2.896 10944264 0 0 11 5
t1   22   61    16.985    41.005    -5.806 12189448 0 0 2 125
t1   27   61    38.438    22.192    -5.806 12189448 0 0 5 4
t1   31   61    44.384     0.000    -5.806 12189448 0 0 7 4
t1   35   61    38.438   -22.192    -5.806 12189448 0 0 9 4
t1   40   61    16.985   -41.005    -5.806 12189448 0 0 11 125
t1   22   61    16.985    41.005    -5.806 12189448 0 0 2 125
t1   27   61    38.438    22.192    -5.806 12189448 0 0 5 4
t1   31   61    44.384     0.000    -5.806 12189448 0 0 7 4
t1   35   61    38.438   -22.192    -5.806 12189448 0 0 9 4
t1   40   61    16.985   -41.005    -5.806 12189448 0 0 11 125
t1   19   62     0.000    45.112    -8.716 13369096 0 0 1 3
t1   23   62    22.556    39.068    -8.716 16777215 0 0 3 3
t1   28   62    41.678    17.263    -8.716 13369096 0 0 5 126
t1   32   62    44.726    -5.888    -8.716 16777215 0 0 7 126
t1   36   62    35.789   -27.462    -8.716 16777215 0 0 9 126
t1   41   62    11.676   -43.574    -8.716 13369096 0 0 12 3
t1   20   63     5.983    45.447   -11.627 14548744 0 0 1 127
t1   24   63    27.905    36.367   -11.627 14548744 0 0 3 127
t1   29   63    44.277    11.864   -11.627 16777215 0 0 6 2
t1   33   63    44.277   -11.864   -11.627 14548744 0 0 8 2
t1   37   63    32.413   -32.413   -11.627 14548744 0 0 10 2
t1   42   63     5.983   -45.447   -11.627 16777215 0 0 12 127
t1   20   63     5.983    45.447   -11.627 14548744 0 0 1 127
t1   24   63    27.905    36.367   -11.627 16777215 0 0 3 127
t1   29   63    44.277    11.864   -11.627 14548744 0 0 6 2
t1   33   63    44.277   -11.864   -11.627 14548744 0 0 8 2
t1   37   63    32.413   -32.413   -11.627 14548744 0 0 10 2
t1   42   63     5.983   -45.447   -11.627 14548744 0 0 12 127
t1   21   64    12.052    44.980   -14.537 15728392 0 0 2 1
t1   25   64    32.928    32.928   -14.537 15728392 0 0 4 1
t1   30   64    46.168     6.078   -14.537 15728392 0 0 6 128
t1   34   64    43.022   -17.820   -14.537 15728392 0 0 8 128
t1   38   64    28.348   -36.944   -14.537 15728392 0 0 10 128
