t1 1 1 0.0 0.0 0.0 000000 0 0 1 25
t1 1 2 0.0 0.0 0.0 000000 0 0 1 24
t1 1 3 0.0 0.0 0.0 000000 0 0 1 23
t1 1 4 0.0 0.0 0.0 000000 0 0 1 22
t1 1 5 0.0 0.0 0.0 000000 0 0 1 21
t1 1 6 0.0 0.0 0.0 000000 0 0 1 20
t1 1 7 0.0 0.0 0.0 000000 0 0 1 19
t1 1 8 0.0 0.0 0.0 000000 0 0 1 18
t1 1 9 0.0 0.0 0.0 000000 0 0 1 17
t1 1 10 0.0 0.0 0.0 000000 0 0 1 16
t1 1 11 0.0 0.0 0.0 000000 0 0 1 15
t1 1 12 0.0 0.0 0.0 000000 0 0 1 14
t1    1   13    21.000     0.000    36.000 2818099 0 0 1 13
t1    1   14    21.000     0.000    33.000 26122 0 0 1 12
t1    1   15    21.000     0.000    30.000 10045184 0 0 1 11
t1    1   16    21.000     0.000    27.000 40396 0 0 1 10
t1    1   17    21.000     0.000    24.000 49151 0 0 1 9
t1    1   18    21.000     0.000    21.000 2175744 0 0 1 8
t1    1   19    21.000     0.000    18.000 1376358 0 0 1 7
t1    1   20    21.000     0.000    15.000 10027125 0 0 1 6
t1    1   21    21.000     0.000    12.000 52381 0 0 1 5
t1    1   22    21.000     0.000     9.000 12287 0 0 1 4
t1    1   23    21.000     0.000     6.000 2057728 0 0 1 3
t1    1   24    21.000     0.000     3.000 9765017 0 0 1 2
t1    1   25    21.000     0.000     0.000 13369487 0 0 1 1
t1    2    1    18.000     0.000    72.000 3342384 0 0 1 26
t1    2    2    18.000     0.000    69.000 5242982 0 0 1 27
t1    2    3    18.000     0.000    66.000 7833 0 0 1 28
t1    2    4    18.000     0.000    63.000 27084 0 0 1 29
t1 2 5 0.0 0.0 0.0 000000 0 0 1 30
t1    2    6    18.000     0.000    57.000 12595 0 0 1 31
t1    2    7    18.000     0.000    54.000 6684774 0 0 1 32
t1    2    8    18.000     0.000    51.000 2752665 0 0 1 33
t1    2    9    18.000     0.000    48.000 13373184 0 0 1 34
t1 2 10 0.0 0.0 0.0 000000 0 0 1 35
t1    2   11    18.000     0.000    42.000 13100 0 0 1 36
t1    2   12    18.000     0.000    39.000 6708992 0 0 1 37
t1    2   13    18.000     0.000    36.000 4036864 0 0 1 38
t1    2   14    18.000     0.000    33.000 716 0 0 1 39
t1    2   15    18.000     0.000    30.000 16711784 0 0 1 40
t1    2   16    18.000     0.000    27.000 563456 0 0 1 41
t1    2   17    18.000     0.000    24.000 5505228 0 0 1 42
t1    2   18    18.000     0.000    21.000 14941952 0 0 1 43
t1 2 19 0.0 0.0 0.0 000000 0 0 1 44
t1 2 20 0.0 0.0 0.0 000000 0 0 1 45
t1 2 21 0.0 0.0 0.0 000000 0 0 1 46
t1    2   22    18.000     0.000     9.000 7731 0 0 1 47
t1    2   23    18.000     0.000     6.000 2057728 0 0 1 48
t1    2   24    18.000     0.000     3.000 39202 0 0 1 49
t1    2   25    18.000     0.000     0.000 13409024 0 0 1 50
t1 3 1 0.0 0.0 0.0 000000 0 0 2 25
t1 3 2 0.0 0.0 0.0 000000 0 0 2 24
t1    3    3    15.000     0.000    66.000 393267 0 0 2 23
t1    3    4    15.000     0.000    63.000 2582016 0 0 2 22
t1    3    5    15.000     0.000    60.000 39172 0 0 2 21
t1    3    6    15.000     0.000    57.000 13408000 0 0 2 20
t1 3 7 0.0 0.0 0.0 000000 0 0 2 19
t1    3    8    15.000     0.000    51.000 819 0 0 2 18
t1    3    9    15.000     0.000    48.000 6684683 0 0 2 17
t1    3   10    15.000     0.000    45.000 15513 0 0 2 16
t1    3   11    15.000     0.000    42.000 13416704 0 0 2 15
t1    3   12    15.000     0.000    39.000 58879 0 0 2 14
t1    3   13    15.000     0.000    36.000 12438528 0 0 2 13
t1    3   14    15.000     0.000    33.000 2096896 0 0 2 12
t1 3 15 0.0 0.0 0.0 000000 0 0 2 11
t1 3 16 0.0 0.0 0.0 000000 0 0 2 10
t1 3 17 0.0 0.0 0.0 000000 0 0 2 9
t1 3 18 0.0 0.0 0.0 000000 0 0 2 8
t1 3 19 0.0 0.0 0.0 000000 0 0 2 7
t1    3   20    15.000     0.000    15.000 7219 0 0 2 6
t1    3   21    15.000     0.000    12.000 6708992 0 0 2 5
t1 3 22 0.0 0.0 0.0 000000 0 0 2 4
t1    3   23    15.000     0.000     6.000 3343872 0 0 2 3
t1    3   24    15.000     0.000     3.000 4154880 0 0 2 2
t1    3   25    15.000     0.000     0.000 10054912 0 0 2 1
t1 4 1 0.0 0.0 0.0 000000 0 0 2 26
t1 4 2 0.0 0.0 0.0 000000 0 0 2 27
t1 4 3 0.0 0.0 0.0 000000 0 0 2 28
t1 4 4 0.0 0.0 0.0 000000 0 0 2 29
t1 4 5 0.0 0.0 0.0 000000 0 0 2 30
t1 4 6 0.0 0.0 0.0 000000 0 0 2 31
t1 4 7 0.0 0.0 0.0 000000 0 0 2 32
t1    4    8    12.000     0.000    51.000 2765568 0 0 2 33
t1 4 9 0.0 0.0 0.0 000000 0 0 2 34
t1    4   10    12.000     0.000    45.000 3350016 0 0 2 35
t1    4   11    12.000     0.000    42.000 6685184 0 0 2 36
t1    4   12    12.000     0.000    39.000 25497 0 0 2 37
t1    4   13    12.000     0.000    36.000 13369406 0 0 2 38
t1    4   14    12.000     0.000    33.000 4521728 0 0 2 39
t1 4 15 0.0 0.0 0.0 000000 0 0 2 40
t1 4 16 0.0 0.0 0.0 000000 0 0 2 41
t1 4 17 0.0 0.0 0.0 000000 0 0 2 42
t1 4 18 0.0 0.0 0.0 000000 0 0 2 43
t1    4   19    12.000     0.000    18.000 3891 0 0 2 44
t1    4   20    12.000     0.000    15.000 6684712 0 0 2 45
t1    4   21    12.000     0.000    12.000 10039296 0 0 2 46
t1    4   22    12.000     0.000     9.000 39372 0 0 2 47
t1    4   23    12.000     0.000     6.000 34303 0 0 2 48
t1    4   24    12.000     0.000     3.000 34201 0 0 2 49
t1    4   25    12.000     0.000     0.000 13408256 0 0 2 50
t1 5 1 0.0 0.0 0.0 000000 0 0 3 25
t1 5 2 0.0 0.0 0.0 000000 0 0 3 24
t1 5 3 0.0 0.0 0.0 000000 0 0 3 23
t1 5 4 0.0 0.0 0.0 000000 0 0 3 22
t1 5 5 0.0 0.0 0.0 000000 0 0 3 21
t1 5 6 0.0 0.0 0.0 000000 0 0 3 20
t1 5 7 0.0 0.0 0.0 000000 0 0 3 19
t1 5 8 0.0 0.0 0.0 000000 0 0 3 18
t1 5 9 0.0 0.0 0.0 000000 0 0 3 17
t1 5 10 0.0 0.0 0.0 000000 0 0 3 16
t1 5 11 0.0 0.0 0.0 000000 0 0 3 15
t1 5 12 0.0 0.0 0.0 000000 0 0 3 14
t1 5 13 0.0 0.0 0.0 000000 0 0 3 13
t1    5   14     9.000     0.000    33.000 144128 0 0 3 12
t1    5   15     9.000     0.000    30.000 3499520 0 0 3 11
t1    5   16     9.000     0.000    27.000 28313 0 0 3 10
t1    5   17     9.000     0.000    24.000 2214912 0 0 3 9
t1    5   18     9.000     0.000    21.000 16711692 0 0 3 8
t1    5   19     9.000     0.000    18.000 1703987 0 0 3 7
t1    5   20     9.000     0.000    15.000 7270 0 0 3 6
t1    5   21     9.000     0.000    12.000 10042368 0 0 3 5
t1    5   22     9.000     0.000     9.000 13369345 0 0 3 4
t1    5   23     9.000     0.000     6.000 1834752 0 0 3 3
t1 5 24 0.0 0.0 0.0 000000 0 0 3 2
t1 5 25 0.0 0.0 0.0 000000 0 0 3 1
t1 6 1 0.0 0.0 0.0 000000 0 0 3 26
t1 6 2 0.0 0.0 0.0 000000 0 0 3 27
t1 6 3 0.0 0.0 0.0 000000 0 0 3 28
t1 6 4 0.0 0.0 0.0 000000 0 0 3 29
t1 6 5 0.0 0.0 0.0 000000 0 0 3 30
t1 6 6 0.0 0.0 0.0 000000 0 0 3 31
t1 6 7 0.0 0.0 0.0 000000 0 0 3 32
t1 6 8 0.0 0.0 0.0 000000 0 0 3 33
t1 6 9 0.0 0.0 0.0 000000 0 0 3 34
t1 6 10 0.0 0.0 0.0 000000 0 0 3 35
t1 6 11 0.0 0.0 0.0 000000 0 0 3 36
t1    6   12     6.000     0.000    39.000 2031667 0 0 3 37
t1    6   13     6.000     0.000    36.000 6758 0 0 3 38
t1    6   14     6.000     0.000    33.000 8820992 0 0 3 39
t1    6   15     6.000     0.000    30.000 4556 0 0 3 40
t1    6   16     6.000     0.000    27.000 982784 0 0 3 41
t1    6   17     6.000     0.000    24.000 5203456 0 0 3 42
t1    6   18     6.000     0.000    21.000 2398464 0 0 3 43
t1    6   19     6.000     0.000    18.000 17100 0 0 3 44
t1    6   20     6.000     0.000    15.000 65425 0 0 3 45
t1    6   21     6.000     0.000    12.000 52269 0 0 3 46
t1    6   22     6.000     0.000     9.000 4521728 0 0 3 47
t1    6   23     6.000     0.000     6.000 13072 0 0 3 48
t1    6   24     6.000     0.000     3.000 7014 0 0 3 49
t1    6   25     6.000     0.000     0.000 10030848 0 0 3 50
t1 7 1 0.0 0.0 0.0 000000 0 0 4 25
t1 7 2 0.0 0.0 0.0 000000 0 0 4 24
t1    7    3     3.000     0.000    66.000 7475 0 0 4 23
t1    7    4     3.000     0.000    63.000 26156 0 0 4 22
t1    7    5     3.000     0.000    60.000 10032896 0 0 4 21
t1    7    6     3.000     0.000    57.000 13411840 0 0 4 20
t1    7    7     3.000     0.000    54.000 524032 0 0 4 19
t1    7    8     3.000     0.000    51.000 1651456 0 0 4 18
t1    7    9     3.000     0.000    48.000 26158 0 0 4 17
t1    7   10     3.000     0.000    45.000 8034560 0 0 4 16
t1    7   11     3.000     0.000    42.000 52302 0 0 4 15
t1    7   12     3.000     0.000    39.000 2818303 0 0 4 14
t1 7 13 0.0 0.0 0.0 000000 0 0 4 13
t1 7 14 0.0 0.0 0.0 000000 0 0 4 12
t1 7 15 0.0 0.0 0.0 000000 0 0 4 11
t1 7 16 0.0 0.0 0.0 000000 0 0 4 10
t1 7 17 0.0 0.0 0.0 000000 0 0 4 9
t1 7 18 0.0 0.0 0.0 000000 0 0 4 8
t1    7   19     3.000     0.000    18.000 1258240 0 0 4 7
t1    7   20     3.000     0.000    15.000 6701568 0 0 4 6
t1    7   21     3.000     0.000    12.000 5347584 0 0 4 5
t1    7   22     3.000     0.000     9.000 13369517 0 0 4 4
t1    7   23     3.000     0.000     6.000 721151 0 0 4 3
t1 7 24 0.0 0.0 0.0 000000 0 0 4 2
t1 7 25 0.0 0.0 0.0 000000 0 0 4 1
t1    8    1     0.000     0.000    72.000 2097203 0 0 4 26
t1    8    2     0.000     0.000    69.000 6684681 0 0 4 27
t1    8    3     0.000     0.000    66.000 10029312 0 0 4 28
t1    8    4     0.000     0.000    63.000 52356 0 0 4 29
t1    8    5     0.000     0.000    60.000 65419 0 0 4 30
t1 8 6 0.0 0.0 0.0 000000 0 0 4 31
t1 8 7 0.0 0.0 0.0 000000 0 0 4 32
t1 8 8 0.0 0.0 0.0 000000 0 0 4 33
t1 8 9 0.0 0.0 0.0 000000 0 0 4 34
t1 8 10 0.0 0.0 0.0 000000 0 0 4 35
t1 8 11 0.0 0.0 0.0 000000 0 0 4 36
t1 8 12 0.0 0.0 0.0 000000 0 0 4 37
t1 8 13 0.0 0.0 0.0 000000 0 0 4 38
t1 8 14 0.0 0.0 0.0 000000 0 0 4 39
t1 8 15 0.0 0.0 0.0 000000 0 0 4 40
t1 8 16 0.0 0.0 0.0 000000 0 0 4 41
t1    8   17     0.000     0.000    24.000 3342346 0 0 4 42
t1    8   18     0.000     0.000    21.000 3145830 0 0 4 43
t1    8   19     0.000     0.000    18.000 39245 0 0 4 44
t1    8   20     0.000     0.000    15.000 13369428 0 0 4 45
t1 8 21 0.0 0.0 0.0 000000 0 0 4 46
t1    8   22     0.000     0.000     9.000 3342371 0 0 4 47
t1    8   23     0.000     0.000     6.000 6693120 0 0 4 48
t1    8   24     0.000     0.000     3.000 39292 0 0 4 49
t1    8   25     0.000     0.000     0.000 52282 0 0 4 50
t1 9 1 0.0 0.0 0.0 000000 0 0 5 25
t1 9 2 0.0 0.0 0.0 000000 0 0 5 24
t1 9 3 0.0 0.0 0.0 000000 0 0 5 23
t1 9 4 0.0 0.0 0.0 000000 0 0 5 22
t1 9 5 0.0 0.0 0.0 000000 0 0 5 21
t1 9 6 0.0 0.0 0.0 000000 0 0 5 20
t1 9 7 0.0 0.0 0.0 000000 0 0 5 19
t1 9 8 0.0 0.0 0.0 000000 0 0 5 18
t1    9    9    -3.000     0.000    48.000 13081 0 0 5 17
t1    9   10    -3.000     0.000    45.000 6684726 0 0 5 16
t1    9   11    -3.000     0.000    42.000 5243033 0 0 5 15
t1    9   12    -3.000     0.000    39.000 51148 0 0 5 14
t1    9   13    -3.000     0.000    36.000 45055 0 0 5 13
t1 9 14 0.0 0.0 0.0 000000 0 0 5 12
t1 9 15 0.0 0.0 0.0 000000 0 0 5 11
t1 9 16 0.0 0.0 0.0 000000 0 0 5 10
t1    9   17    -3.000     0.000    24.000 1310771 0 0 5 9
t1    9   18    -3.000     0.000    21.000 26129 0 0 5 8
t1    9   19    -3.000     0.000    18.000 8558848 0 0 5 7
t1 9 20 0.0 0.0 0.0 000000 0 0 5 6
t1    9   21    -3.000     0.000    12.000 1782528 0 0 5 5
t1    9   22    -3.000     0.000     9.000 1638502 0 0 5 4
t1    9   23    -3.000     0.000     6.000 10058752 0 0 5 3
t1    9   24    -3.000     0.000     3.000 52248 0 0 5 2
t1    9   25    -3.000     0.000     0.000 15007488 0 0 5 1
t1 10 1 0.0 0.0 0.0 000000 0 0 5 26
t1 10 2 0.0 0.0 0.0 000000 0 0 5 27
t1 10 3 0.0 0.0 0.0 000000 0 0 5 28
t1 10 4 0.0 0.0 0.0 000000 0 0 5 29
t1 10 5 0.0 0.0 0.0 000000 0 0 5 30
t1   10    6    -6.000     0.000    57.000 1585920 0 0 5 31
t1   10    7    -6.000     0.000    54.000 6699008 0 0 5 32
t1   10    8    -6.000     0.000    51.000 917657 0 0 5 33
t1   10    9    -6.000     0.000    48.000 13369454 0 0 5 34
t1   10   10    -6.000     0.000    45.000 59647 0 0 5 35
t1 10 11 0.0 0.0 0.0 000000 0 0 5 36
t1 10 12 0.0 0.0 0.0 000000 0 0 5 37
t1 10 13 0.0 0.0 0.0 000000 0 0 5 38
t1   10   14    -6.000     0.000    33.000 2228275 0 0 5 39
t1   10   15    -6.000     0.000    30.000 18534 0 0 5 40
t1   10   16    -6.000     0.000    27.000 10027027 0 0 5 41
t1   10   17    -6.000     0.000    24.000 12176384 0 0 5 42
t1   10   18    -6.000     0.000    21.000 37631 0 0 5 43
t1   10   19    -6.000     0.000    18.000 15924992 0 0 5 44
t1   10   20    -6.000     0.000    15.000 26130 0 0 5 45
t1   10   21    -6.000     0.000    12.000 7313664 0 0 5 46
t1   10   22    -6.000     0.000     9.000 16332 0 0 5 47
t1   10   23    -6.000     0.000     6.000 7339776 0 0 5 48
t1 10 24 0.0 0.0 0.0 000000 0 0 5 49
t1 10 25 0.0 0.0 0.0 000000 0 0 5 50
t1 11 1 0.0 0.0 0.0 000000 0 0 6 25
t1 11 2 0.0 0.0 0.0 000000 0 0 6 24
t1 11 3 0.0 0.0 0.0 000000 0 0 6 23
t1 11 4 0.0 0.0 0.0 000000 0 0 6 22
t1 11 5 0.0 0.0 0.0 000000 0 0 6 21
t1 11 6 0.0 0.0 0.0 000000 0 0 6 20
t1 11 7 0.0 0.0 0.0 000000 0 0 6 19
t1   11    8    -9.000     0.000    51.000 7987 0 0 6 18
t1 11 9 0.0 0.0 0.0 000000 0 0 6 17
t1   11   10    -9.000     0.000    45.000 2099 0 0 6 16
t1   11   11    -9.000     0.000    42.000 6702848 0 0 6 15
t1   11   12    -9.000     0.000    39.000 21401 0 0 6 14
t1   11   13    -9.000     0.000    36.000 10617036 0 0 6 13
t1   11   14    -9.000     0.000    33.000 16711874 0 0 6 12
t1 11 15 0.0 0.0 0.0 000000 0 0 6 11
t1 11 16 0.0 0.0 0.0 000000 0 0 6 10
t1 11 17 0.0 0.0 0.0 000000 0 0 6 9
t1 11 18 0.0 0.0 0.0 000000 0 0 6 8
t1 11 19 0.0 0.0 0.0 000000 0 0 6 7
t1 11 20 0.0 0.0 0.0 000000 0 0 6 6
t1 11 21 0.0 0.0 0.0 000000 0 0 6 5
t1 11 22 0.0 0.0 0.0 000000 0 0 6 4
t1 11 23 0.0 0.0 0.0 000000 0 0 6 3
t1 11 24 0.0 0.0 0.0 000000 0 0 6 2
t1 11 25 0.0 0.0 0.0 000000 0 0 6 1
t1 12 1 0.0 0.0 0.0 000000 0 0 6 26
t1 12 2 0.0 0.0 0.0 000000 0 0 6 27
t1 12 3 0.0 0.0 0.0 000000 0 0 6 28
t1 12 4 0.0 0.0 0.0 000000 0 0 6 29
t1 12 5 0.0 0.0 0.0 000000 0 0 6 30
t1 12 6 0.0 0.0 0.0 000000 0 0 6 31
t1 12 7 0.0 0.0 0.0 000000 0 0 6 32
t1 12 8 0.0 0.0 0.0 000000 0 0 6 33
t1 12 9 0.0 0.0 0.0 000000 0 0 6 34
t1 12 10 0.0 0.0 0.0 000000 0 0 6 35
t1 12 11 0.0 0.0 0.0 000000 0 0 6 36
t1 12 12 0.0 0.0 0.0 000000 0 0 6 37
t1 12 13 0.0 0.0 0.0 000000 0 0 6 38
t1   12   14   -12.000     0.000    33.000 12083 0 0 6 39
t1   12   15   -12.000     0.000    30.000 4710 0 0 6 40
t1   12   16   -12.000     0.000    27.000 10027147 0 0 6 41
t1   12   17   -12.000     0.000    24.000 41676 0 0 6 42
t1   12   18   -12.000     0.000    21.000 5636351 0 0 6 43
t1   12   19   -12.000     0.000    18.000 2870272 0 0 6 44
t1   12   20   -12.000     0.000    15.000 29439 0 0 6 45
t1   12   21   -12.000     0.000    12.000 4522086 0 0 6 46
t1 12 22 0.0 0.0 0.0 000000 0 0 6 47
t1   12   23   -12.000     0.000     6.000 2097203 0 0 6 48
t1   12   24   -12.000     0.000     3.000 6684774 0 0 6 49
t1   12   25   -12.000     0.000     0.000 39277 0 0 6 50
t1 13 1 0.0 0.0 0.0 000000 0 0 7 25
t1 13 2 0.0 0.0 0.0 000000 0 0 7 24
t1 13 3 0.0 0.0 0.0 000000 0 0 7 23
t1 13 4 0.0 0.0 0.0 000000 0 0 7 22
t1 13 5 0.0 0.0 0.0 000000 0 0 7 21
t1 13 6 0.0 0.0 0.0 000000 0 0 7 20
t1 13 7 0.0 0.0 0.0 000000 0 0 7 19
t1 13 8 0.0 0.0 0.0 000000 0 0 7 18
t1 13 9 0.0 0.0 0.0 000000 0 0 7 17
t1 13 10 0.0 0.0 0.0 000000 0 0 7 16
t1 13 11 0.0 0.0 0.0 000000 0 0 7 15
t1   13   12   -15.000     0.000    39.000 1507379 0 0 7 14
t1   13   13   -15.000     0.000    36.000 3735654 0 0 7 13
t1   13   14   -15.000     0.000    33.000 9214208 0 0 7 12
t1   13   15   -15.000     0.000    30.000 13369486 0 0 7 11
t1   13   16   -15.000     0.000    27.000 12320512 0 0 7 10
t1 13 17 0.0 0.0 0.0 000000 0 0 7 9
t1 13 18 0.0 0.0 0.0 000000 0 0 7 8
t1 13 19 0.0 0.0 0.0 000000 0 0 7 7
t1 13 20 0.0 0.0 0.0 000000 0 0 7 6
t1 13 21 0.0 0.0 0.0 000000 0 0 7 5
t1   13   22   -15.000     0.000     9.000 1258240 0 0 7 4
t1   13   23   -15.000     0.000     6.000 2778624 0 0 7 3
t1   13   24   -15.000     0.000     3.000 10027077 0 0 7 2
t1   13   25   -15.000     0.000     0.000 2097356 0 0 7 1
t1   14    1   -18.000     0.000    72.000 10035712 0 0 7 26
t1   14    2   -18.000     0.000    69.000 13390080 0 0 7 27
t1   14    3   -18.000     0.000    66.000 7339776 0 0 7 28
t1 14 4 0.0 0.0 0.0 000000 0 0 7 29
t1 14 5 0.0 0.0 0.0 000000 0 0 7 30
t1 14 6 0.0 0.0 0.0 000000 0 0 7 31
t1 14 7 0.0 0.0 0.0 000000 0 0 7 32
t1 14 8 0.0 0.0 0.0 000000 0 0 7 33
t1 14 9 0.0 0.0 0.0 000000 0 0 7 34
t1   14   10   -18.000     0.000    45.000 655411 0 0 7 35
t1   14   11   -18.000     0.000    42.000 1048678 0 0 7 36
t1   14   12   -18.000     0.000    39.000 10038528 0 0 7 37
t1   14   13   -18.000     0.000    36.000 6029516 0 0 7 38
t1   14   14   -18.000     0.000    33.000 32511 0 0 7 39
t1   14   15   -18.000     0.000    30.000 13369428 0 0 7 40
t1   14   16   -18.000     0.000    27.000 5964031 0 0 7 41
t1   14   17   -18.000     0.000    24.000 3735654 0 0 7 42
t1   14   18   -18.000     0.000    21.000 14489 0 0 7 43
t1   14   19   -18.000     0.000    18.000 16588 0 0 7 44
t1   14   20   -18.000     0.000    15.000 65402 0 0 7 45
t1   14   21   -18.000     0.000    12.000 37375 0 0 7 46
t1 14 22 0.0 0.0 0.0 000000 0 0 7 47
t1 14 23 0.0 0.0 0.0 000000 0 0 7 48
t1 14 24 0.0 0.0 0.0 000000 0 0 7 49
t1 14 25 0.0 0.0 0.0 000000 0 0 7 50
t1 15 1 0.0 0.0 0.0 000000 0 0 8 25
t1 15 2 0.0 0.0 0.0 000000 0 0 8 24
t1 15 3 0.0 0.0 0.0 000000 0 0 8 23
t1 15 4 0.0 0.0 0.0 000000 0 0 8 22
t1 15 5 0.0 0.0 0.0 000000 0 0 8 21
t1 15 6 0.0 0.0 0.0 000000 0 0 8 20
t1 15 7 0.0 0.0 0.0 000000 0 0 8 19
t1   15    8   -21.000     0.000    51.000 13088 0 0 8 18
t1   15    9   -21.000     0.000    48.000 15974 0 0 8 17
t1   15   10   -21.000     0.000    45.000 39297 0 0 8 16
t1   15   11   -21.000     0.000    42.000 13394944 0 0 8 15
t1   15   12   -21.000     0.000    39.000 16742144 0 0 8 14
t1 15 13 0.0 0.0 0.0 000000 0 0 8 13
t1 15 14 0.0 0.0 0.0 000000 0 0 8 12
t1   15   15   -21.000     0.000    30.000 3352320 0 0 8 11
t1   15   16   -21.000     0.000    27.000 2406 0 0 8 10
t1   15   17   -21.000     0.000    24.000 10054912 0 0 8 9
t1   15   18   -21.000     0.000    21.000 3211468 0 0 8 8
t1   15   19   -21.000     0.000    18.000 7864575 0 0 8 7
t1 15 20 0.0 0.0 0.0 000000 0 0 8 6
t1 15 21 0.0 0.0 0.0 000000 0 0 8 5
t1 15 22 0.0 0.0 0.0 000000 0 0 8 4
t1 15 23 0.0 0.0 0.0 000000 0 0 8 3
t1 15 24 0.0 0.0 0.0 000000 0 0 8 2
t1 15 25 0.0 0.0 0.0 000000 0 0 8 1
t1 16 1 0.0 0.0 0.0 000000 0 0 8 26
t1 16 2 0.0 0.0 0.0 000000 0 0 8 27
t1 16 3 0.0 0.0 0.0 000000 0 0 8 28
t1 16 4 0.0 0.0 0.0 000000 0 0 8 29
t1 16 5 0.0 0.0 0.0 000000 0 0 8 30
t1 16 6 0.0 0.0 0.0 000000 0 0 8 31
t1 16 7 0.0 0.0 0.0 000000 0 0 8 32
t1 16 8 0.0 0.0 0.0 000000 0 0 8 33
t1 16 9 0.0 0.0 0.0 000000 0 0 8 34
t1   16   10   -24.000     0.000    45.000 2097203 0 0 8 35
t1   16   11   -24.000     0.000    42.000 26116 0 0 8 36
t1   16   12   -24.000     0.000    39.000 1638553 0 0 8 37
t1   16   13   -24.000     0.000    36.000 13369354 0 0 8 38
t1   16   14   -24.000     0.000    33.000 16711701 0 0 8 39
t1 16 15 0.0 0.0 0.0 000000 0 0 8 40
t1   16   16   -24.000     0.000    27.000 3355136 0 0 8 41
t1   16   17   -24.000     0.000    24.000 6689792 0 0 8 42
t1   16   18   -24.000     0.000    21.000 9113 0 0 8 43
t1   16   19   -24.000     0.000    18.000 13400064 0 0 8 44
t1   16   20   -24.000     0.000    15.000 16716288 0 0 8 45
t1   16   21   -24.000     0.000    12.000 52292 0 0 8 46
t1 16 22 0.0 0.0 0.0 000000 0 0 8 47
t1   16   23   -24.000     0.000     6.000 3342379 0 0 8 48
t1   16   24   -24.000     0.000     3.000 5793280 0 0 8 49
t1   16   25   -24.000     0.000     0.000 39286 0 0 8 50
